"att1","att2","att3","att4","att5","att6","att7","att8","att9","att10","att11","att12","att13","att14","att15","att16","att17","att18","att19","att20","att21","att22","att23","att24","att25","att26","att27","att28","att29","att30","att31","att32","att33","att34","att35","att36","att37","att38","att39","att40","att41","att42","att43","att44","att45","att46","att47","att48","att49","att50","att51","att52","att53","att54","att55","att56","att57","att58","att59","att60","att61","att62","att63","att64","att65","att66","att67","att68","att69","att70","att71","att72","att73","att74","att75","att76","att77","att78","att79","att80","att81","att82","att83","att84","att85","att86","att87","att88","att89","att90","att91","att92","att93","att94","att95","att96","att97","att98","att99","att100","att101","att102","att103","att104","att105","att106","att107","att108","att109","att110","att111","att112","att113","att114","att115","att116","att117","att118","att119","att120","att121","att122","att123","att124","att125","att126","att127","att128","att129","att130","att131","att132","att133","att134","att135","att136","att137","att138","att139","att140","att141","att142","att143","att144","att145","att146","att147","att148","att149","att150","att151","att152","att153","att154","att155","att156","att157","att158","att159","att160","att161","att162","att163","att164","att165","att166","att167","att168","att169","att170","att171","att172","att173","att174","att175","att176","att177","att178","att179","att180","att181","att182","att183","att184","att185","att186","att187","att188","att189","att190","att191","att192","att193","att194","att195","att196","att197","att198","att199","att200","att201","att202","att203","att204","att205","att206","att207","att208","att209","att210","att211","att212","att213","att214","att215","att216","att217","att218","att219","att220","att221","att222","att223","att224","att225","att226","att227","att228","att229","att230","att231","att232","att233","att234","att235","att236","att237","att238","att239","att240","class","dataset_name","altered_attribute","noise_level"
0,3,4,4,6,6,6,6,6,5,3,1,0,0,0,1,6,6,6,6,5,2,3,6,6,6,6,2,0,0,3,6,6,6,3,0,0,0,5,6,6,6,6,3,0,5,6,6,6,0,0,0,0,0,4,6,6,6,6,-2.23,6,6,6,6,0,0,0,0,0,3,6,6,6,6,0,5,6,6,6,0,0,0,0,0,2,6,6,6,6,0,4,6,6,6,0,0,0,0,0,0,1,6,6,6,3,6,6,6,1,0,0,0,0,0,0,5,6,6,6,3,6,6,6,5,0,0,0,0,0,0,3,6,6,6,5,6,6,6,6,0,0,0,0,0,0,6,6,6,6,4,6,6,6,6,0,0,0,0,0,2,6,6,6,6,3,6,6,6,6,0,0,0,0,0,3,6,6,6,6,0,6,6,6,6,0,0,0,0,0,5,6,6,6,5,0,5,6,6,6,3,1,0,0,3,6,6,6,6,0,0,1,5,6,6,6,6,6,6,6,6,6,5,1,0,0,0,0,3,4,4,4,4,4,4,4,3,0,0,0,0,1,"mfeat-pixel","att60",0.9
0,0,0,0,0,0,1,3,4,4,4,4,4,1,0,0,0,0,0,1,4,6,6,6,6,6,6,6,5,0,0,0,0,3,6,6,5,1,1,5,6,6,6,6,3,0,2,6,6,6,4,0,0,0,3,6,6,6,6,3.73,0,3,6,6,6,1,0,0,0,3,6,6,6,6,3,0,4,6,6,2,0,0,0,0,2,6,6,6,6,3,0,6,6,6,0,0,0,0,0,1,6,6,6,6,3,2,6,6,4,0,0,0,0,0,3,6,6,6,6,2,3,6,6,5,0,0,0,0,0,3,6,6,6,6,0,1,6,6,1,0,0,0,0,0,4,6,6,6,6,0,2,6,6,5,0,0,0,0,2,6,6,6,6,3,0,3,6,6,0,0,0,0,0,3,6,6,6,6,3,0,3,6,6,0,0,0,0,1,6,6,6,6,6,2,0,2,6,6,5,2,2,4,6,6,6,6,6,4,0,0,0,1,5,6,6,6,6,6,6,6,6,3,0,0,0,0,0,1,3,4,2,4,4,4,4,2,0,0,0,0,1,"mfeat-pixel","att60",0.9
0,0,1,4,4,4,4,4,4,3,0,0,0,0,0,0,0,1,5,6,6,6,6,6,6,5,2,0,0,0,0,0,0,4,6,6,3,2,5,6,6,4,0,0,0,2,4,5,6,6,1,0,0,0,4,6,6,5,3,2.9,3,6,6,6,6,2,0,0,0,5,6,6,6,6,2,3,6,6,6,3,0,0,0,0,3,6,6,6,6,3,3,6,6,6,6,0,0,0,0,0,3,6,6,6,3,3,6,6,6,3,0,0,0,0,0,3,6,6,6,3,3,6,6,6,3,0,0,0,0,0,3,6,6,6,3,3,6,6,6,3,0,0,0,0,0,3,6,6,6,1,0,5,6,6,6,3,0,0,0,3,6,6,6,6,1,0,3,6,6,6,6,0,0,0,5,6,6,6,6,2,0,2,5,6,6,6,1,0,1,5,6,6,6,6,0,0,0,0,4,6,6,6,4,6,6,6,6,6,4,0,0,0,0,2,5,6,6,6,6,6,6,6,6,3,0,0,0,0,0,0,1,3,4,4,4,4,4,2,1,0,1,"mfeat-pixel","att60",0.9
0,0,3,3,2,2,4,5,6,6,6,3,0,0,0,0,3,6,6,6,6,6,6,6,6,6,6,4,0,0,0,4,6,6,6,4,0,1,5,6,6,6,6,0,0,0,6,6,6,3,0,0,0,0,6,6,6,6,1,-0.98,0,6,6,6,1,0,0,0,2,6,6,6,6,5,0,0,6,6,6,6,2,0,0,2,6,6,6,6,6,0,1,6,6,6,3,0,0,0,0,4,6,6,6,6,0,1,6,6,6,1,0,0,0,0,3,6,6,6,6,4,0,3,6,6,6,2,0,0,0,3,6,6,6,6,4,0,6,6,6,6,3,0,0,0,3,6,6,6,6,3,0,6,6,6,6,1,0,0,0,4,6,6,6,5,1,0,4,6,6,6,2,0,0,2,6,6,6,6,1,0,0,0,6,6,6,3,0,0,5,6,6,6,6,0,0,0,0,6,6,6,5,2,5,6,6,6,6,4,0,0,0,0,5,6,6,6,6,6,6,6,6,3,0,0,0,0,0,0,3,4,4,4,4,4,2,0,0,0,0,0,1,"mfeat-pixel","att60",0.9
0,0,0,0,0,0,3,4,6,6,4,3,0,0,0,0,0,0,0,3,5,6,6,6,6,6,6,5,1,0,0,0,0,3,6,6,6,5,5,6,6,6,6,5,0,0,0,1,6,6,6,4,0,0,3,5,6,6,6,-0.36,0,0,6,6,6,6,2,0,0,0,0,6,6,6,3,0,2,6,6,6,1,0,0,0,0,0,6,6,6,0,0,3,6,6,6,0,0,0,0,0,0,6,6,6,0,0,4,6,6,6,0,0,0,0,0,0,6,6,6,4,2,6,6,6,4,0,0,0,0,0,0,6,6,6,6,0,6,6,6,0,0,0,0,0,0,2,6,6,6,2,0,6,6,6,0,0,0,0,0,0,6,6,6,6,0,0,6,6,6,0,0,0,0,0,0,6,6,6,3,0,0,6,6,6,0,0,0,0,0,1,6,6,6,5,0,0,6,6,6,1,1,3,4,6,6,6,6,6,1,0,0,4,6,6,6,6,6,6,6,6,6,5,1,0,0,0,0,3,4,4,4,4,4,4,3,1,0,0,0,0,1,"mfeat-pixel","att60",0.9
0,0,0,0,0,0,0,0,0,5,6,6,6,6,5,0,0,0,0,0,0,0,0,3,6,6,6,6,6,6,0,0,0,0,0,0,0,4,6,6,6,6,6,6,6,0,0,0,0,0,1,5,6,6,6,6,6,6,6,8.64,0,0,0,0,2,6,6,6,3,0,3,6,6,6,1,0,0,0,0,3,6,6,6,2,0,3,6,6,6,3,0,0,1,4,6,6,6,4,1,0,3,6,6,6,4,0,0,3,6,6,6,1,0,0,0,3,6,6,6,6,0,0,3,6,6,6,0,0,0,3,6,6,6,6,5,0,1,5,6,6,6,0,0,0,6,6,6,6,6,1,0,6,6,6,6,3,0,0,3,6,6,6,6,6,0,0,6,6,6,6,2,0,3,6,6,6,6,5,1,0,2,6,6,6,6,2,2,5,6,6,5,4,1,0,0,6,6,6,6,6,6,6,6,6,1,0,0,0,0,0,6,6,6,6,6,6,6,6,5,0,0,0,0,0,0,4,4,4,4,4,4,4,2,0,0,0,0,0,0,0,1,"mfeat-pixel","att60",0.9
0,3,4,4,6,6,6,5,4,5,6,4,3,0,0,4,6,6,6,6,6,6,6,6,6,6,6,6,0,0,6,6,6,6,3,2,2,1,0,3,6,6,6,1,0,5,6,6,6,1,0,0,0,0,0,1,6,6,5,2.32,1,6,6,6,3,0,0,0,0,0,0,6,6,6,1,0,6,6,6,3,0,0,0,0,0,0,5,6,6,3,0,6,6,6,6,2,0,0,0,0,0,4,6,6,5,0,6,6,6,6,3,0,0,0,0,0,6,6,6,6,1,6,6,6,5,1,0,0,0,0,0,4,6,6,6,3,6,6,6,0,0,0,0,0,0,0,3,6,6,6,0,6,6,6,2,0,0,0,0,0,0,5,6,6,4,0,6,6,6,3,0,0,0,0,0,0,6,6,6,3,0,6,6,6,1,0,0,0,0,0,3,6,6,6,1,0,6,6,6,3,2,2,1,0,4,6,6,6,6,0,0,6,6,6,6,6,6,6,6,6,6,6,6,4,0,0,3,4,4,4,4,4,4,4,4,4,4,3,0,0,1,"mfeat-pixel","att60",0.9
0,0,0,3,6,6,6,6,6,6,5,1,0,0,0,0,0,4,6,6,6,6,6,6,6,6,6,5,0,0,0,0,6,6,6,6,5,2,2,5,6,6,6,1,0,0,3,6,6,6,4,0,0,0,2,6,6,6,5,-0.47,0,4,6,6,6,3,0,0,0,0,4,6,6,6,4,0,6,6,6,5,1,0,0,0,0,0,6,6,6,6,0,6,6,6,0,0,0,0,0,0,0,4,6,6,6,3,6,6,6,0,0,0,0,0,0,0,0,6,6,6,4,6,6,4,0,0,0,0,0,0,0,4,6,6,4,6,6,6,3,0,0,0,0,0,0,0,6,6,6,0,6,6,6,4,0,0,0,0,0,0,3,6,6,6,0,6,6,6,6,0,0,0,0,0,1,5,6,6,4,0,6,6,6,6,1,0,0,0,3,6,6,6,6,3,0,5,6,6,6,6,4,2,5,6,6,6,6,4,0,0,0,3,6,6,6,6,6,6,6,6,6,3,0,0,0,0,0,1,3,4,4,4,4,4,3,0,0,0,0,0,1,"mfeat-pixel","att60",0.9
0,0,3,4,6,6,6,6,6,6,6,6,6,3,0,0,1,6,6,6,6,6,6,6,6,6,6,6,6,0,0,5,6,6,5,1,0,0,0,1,5,6,6,6,0,2,6,6,6,3,0,0,0,0,0,3,6,6,6,-3.2,2,6,6,6,0,0,0,0,0,0,2,6,6,6,0,1,6,6,6,0,0,0,0,0,0,0,6,6,6,1,3,6,6,6,0,0,0,0,0,0,0,6,6,6,5,1,6,6,6,0,0,0,0,0,0,0,6,6,6,6,2,6,6,6,0,0,0,0,0,0,0,6,6,6,6,6,6,6,6,0,0,0,0,0,0,0,6,6,6,6,6,6,6,6,0,0,0,0,0,0,0,6,6,6,6,6,6,6,6,0,0,0,0,0,0,0,6,6,6,4,6,6,6,6,0,0,0,0,0,0,1,6,6,6,3,3,6,6,6,1,0,0,0,0,0,4,6,6,6,2,3,6,6,6,6,6,6,6,6,6,6,6,6,5,0,0,3,4,4,4,4,4,4,4,4,4,4,4,1,0,1,"mfeat-pixel","att60",0.9
0,1,2,4,4,4,4,4,4,4,4,4,1,0,0,0,6,6,6,6,5,4,4,6,6,6,6,3,0,0,0,6,6,6,3,0,0,0,1,6,6,6,4,0,0,2,6,6,5,0,0,0,0,0,6,6,6,6,2,-3.79,3,6,6,3,0,0,0,0,0,6,6,6,6,3,0,1,6,6,3,0,0,0,0,0,2,6,6,6,3,0,0,6,6,6,3,0,0,0,0,0,6,6,6,3,0,0,3,6,6,6,0,0,0,0,0,6,6,6,3,0,0,3,6,6,6,0,0,0,0,0,6,6,6,5,0,0,1,6,6,6,0,0,0,0,0,3,6,6,6,3,0,1,6,6,6,0,0,0,0,0,0,3,6,6,0,0,3,6,6,6,1,0,0,0,0,1,6,6,6,3,0,2,6,6,6,5,1,0,0,0,5,6,6,6,3,0,0,6,6,6,6,6,4,2,5,6,6,6,6,3,0,0,5,6,6,6,6,6,6,6,6,6,6,6,2,0,0,0,1,2,2,2,3,3,2,2,2,2,1,0,1,"mfeat-pixel","att60",0.9
0,0,0,0,0,2,4,6,6,6,6,5,4,3,0,0,0,0,1,5,6,6,6,6,6,6,6,6,6,0,0,0,1,5,6,6,3,1,0,0,3,6,6,6,2,0,1,6,6,6,2,0,0,0,0,2,6,6,6,6.54,0,5,6,6,6,0,0,0,0,0,3,6,6,6,3,0,6,6,6,6,0,0,0,0,0,3,6,6,6,3,0,6,6,6,3,0,0,0,0,0,3,6,6,6,6,3,6,6,6,6,1,0,0,0,0,3,6,6,6,6,0,6,6,6,6,3,0,0,0,0,1,6,6,6,6,0,4,6,6,6,3,0,0,0,0,0,6,6,6,6,0,3,6,6,6,6,2,0,0,0,0,3,6,6,2,0,2,6,6,6,4,0,0,0,0,1,6,6,3,0,0,0,6,6,6,4,0,0,0,0,4,6,6,3,0,0,0,6,6,6,6,5,2,3,5,6,6,6,1,0,0,0,5,6,6,6,6,6,6,6,6,6,3,0,0,0,0,0,0,0,0,1,3,4,4,4,1,0,0,0,1,"mfeat-pixel","att60",0.9
0,0,1,5,6,5,5,6,5,4,3,1,0,0,0,0,2,6,6,6,6,6,6,6,6,6,6,3,0,0,0,3,6,6,6,6,1,1,6,6,6,6,6,2,0,0,6,6,6,6,6,2,0,2,6,6,6,6,6,1.72,0,6,6,6,6,6,1,0,0,6,6,6,6,6,0,0,6,6,6,6,3,0,0,0,5,6,6,6,6,0,0,6,6,6,6,3,0,0,0,3,6,6,6,6,0,3,6,6,6,6,0,0,0,0,3,6,6,6,6,3,3,6,6,6,6,3,0,0,0,2,6,6,6,6,3,1,6,6,6,6,4,0,0,0,0,3,6,6,6,3,0,6,6,6,6,6,0,0,0,0,3,6,6,6,5,0,6,6,6,6,6,1,0,0,0,6,6,6,6,3,0,6,6,6,6,6,4,0,0,1,6,6,6,6,3,0,2,6,6,6,6,6,5,2,5,6,6,6,6,1,0,0,1,5,6,6,6,6,6,6,6,6,5,1,0,0,0,0,0,3,4,4,4,4,4,4,3,0,0,0,1,"mfeat-pixel","att60",0.9
3,6,4,4,4,5,6,6,6,6,6,6,6,4,3,5,6,6,6,6,6,6,6,6,6,6,6,6,6,6,1,6,6,6,1,0,2,4,2,3,6,6,6,6,4,0,6,6,6,3,0,0,0,0,0,5,6,6,6,5.71,0,6,6,6,6,0,0,0,0,1,5,6,6,6,3,0,6,6,6,4,0,0,0,0,3,6,6,6,6,2,0,3,6,6,6,2,0,0,0,3,6,6,6,6,0,0,5,6,6,6,3,0,0,0,3,6,6,6,6,0,0,6,6,6,6,1,0,0,0,1,6,6,6,4,0,0,6,6,6,6,0,0,0,0,2,6,6,6,3,0,0,6,6,6,6,2,0,0,0,3,6,6,6,1,0,0,6,6,6,6,3,0,0,0,6,6,6,4,0,0,0,6,6,6,6,3,0,0,1,6,6,6,3,0,0,0,6,6,6,6,6,4,2,5,6,6,6,2,0,0,0,5,6,6,6,6,6,6,6,6,6,6,0,0,0,0,0,3,4,4,4,4,4,4,4,4,3,0,0,0,1,"mfeat-pixel","att60",0.9
0,0,0,1,5,6,6,6,6,5,3,1,0,0,0,0,1,4,6,6,6,6,6,6,6,6,6,2,0,0,0,6,6,6,6,5,2,2,4,6,6,6,3,0,0,0,6,6,6,4,0,0,0,0,3,6,6,6,3,0.29,0,6,6,6,6,2,0,0,0,3,6,6,6,6,0,0,6,6,6,6,3,0,0,1,5,6,6,6,6,0,1,6,6,6,3,0,0,0,1,5,6,6,6,1,0,2,6,6,6,1,0,0,0,0,4,6,6,6,5,0,1,6,6,6,6,2,0,0,2,6,6,6,6,6,1,5,6,6,6,5,1,0,0,0,3,6,6,6,6,3,6,6,6,6,5,1,0,0,0,3,6,6,6,6,0,3,6,6,6,6,4,0,0,0,4,6,6,6,6,0,5,6,6,6,6,6,3,0,3,6,6,6,6,3,0,4,6,6,6,6,6,5,2,5,6,6,6,5,0,0,0,5,6,6,6,6,6,6,6,6,5,3,0,0,0,0,0,2,4,4,4,4,4,4,2,0,0,0,0,0,1,"mfeat-pixel","att60",0.9
0,0,0,2,4,5,6,6,4,4,2,0,0,0,0,0,1,5,6,6,6,6,6,6,6,6,6,5,1,0,0,6,6,6,6,6,6,1,0,4,6,6,6,5,0,0,6,6,6,6,3,1,0,0,0,5,6,6,6,3.38,0,6,6,6,6,1,0,0,0,0,3,6,6,6,3,0,6,6,6,6,3,0,0,0,0,3,6,6,6,4,0,6,6,6,6,1,0,0,0,0,1,6,6,6,4,0,6,6,6,6,0,0,0,0,0,2,6,6,6,3,0,6,6,6,6,0,0,0,0,0,3,6,6,6,3,0,6,6,6,6,0,0,0,0,0,3,6,6,6,1,0,6,6,6,6,0,0,0,0,0,3,6,6,6,0,2,6,6,6,6,0,0,0,0,0,5,6,6,6,0,3,6,6,6,6,3,0,0,0,3,6,6,6,2,0,5,6,6,6,6,3,0,0,0,4,6,6,5,0,0,1,6,6,6,6,6,4,6,6,6,6,3,0,0,0,0,3,4,4,4,4,4,4,4,4,3,0,0,0,0,1,"mfeat-pixel","att60",0.9
0,0,0,0,0,2,4,4,6,6,5,2,0,0,0,0,0,3,5,6,6,6,6,6,6,6,6,5,1,0,0,0,6,6,6,6,6,3,2,5,6,6,6,6,2,0,3,6,6,6,6,5,0,0,0,4,6,6,6,4.39,0,4,6,6,6,6,4,0,0,0,3,6,6,6,3,0,6,6,6,6,6,6,0,0,0,3,6,6,6,6,0,6,6,6,6,5,1,0,0,0,3,6,6,6,6,0,6,6,6,6,3,0,0,0,0,3,6,6,6,6,0,6,6,6,6,3,0,0,0,0,5,6,6,6,6,2,6,6,6,6,3,0,0,0,0,6,6,6,6,3,3,6,6,6,6,3,0,0,0,0,6,6,6,6,6,3,6,6,6,6,3,0,0,0,0,6,6,6,6,5,1,6,6,6,6,3,0,0,0,0,6,6,6,6,1,0,5,6,6,6,5,2,2,2,5,6,6,6,3,0,0,2,6,6,6,6,6,6,6,6,6,3,0,0,0,0,0,0,2,4,4,4,4,4,4,1,0,0,0,0,1,"mfeat-pixel","att60",0.9
0,0,0,0,2,4,4,3,2,4,2,0,0,0,0,0,0,2,6,6,6,6,6,6,6,6,6,3,0,0,0,0,5,6,6,6,3,2,2,3,6,6,6,5,1,0,3,6,6,6,6,3,0,0,0,3,6,6,6,3.18,0,5,6,6,6,6,5,0,0,0,4,6,6,6,3,0,4,6,6,6,4,0,0,0,2,6,6,6,6,1,0,3,6,6,6,3,0,0,0,2,6,6,6,3,0,0,3,6,6,6,6,2,0,0,0,4,6,6,4,0,0,2,6,6,6,6,0,0,0,0,3,6,6,6,0,0,0,6,6,6,6,2,0,0,0,3,6,6,3,0,0,3,6,6,6,3,0,0,0,0,6,6,6,4,0,0,2,6,6,6,6,3,0,0,3,6,6,6,6,0,0,0,4,6,6,6,6,6,6,6,6,6,6,4,0,0,0,3,6,6,6,6,6,6,6,6,6,6,2,0,0,0,2,6,6,6,6,6,6,6,6,6,3,0,0,0,0,0,0,2,2,2,0,0,2,2,2,1,0,0,1,"mfeat-pixel","att60",0.9
0,0,0,0,0,3,6,6,6,6,5,4,1,0,0,0,0,3,5,6,6,6,6,6,6,6,6,6,1,0,3,6,6,6,6,6,3,2,0,1,6,6,6,5,0,6,6,6,6,3,0,0,0,0,0,3,6,6,6,5.02,6,6,6,5,0,0,0,0,0,0,1,6,6,6,4,6,6,6,3,0,0,0,0,0,0,0,6,6,6,5,3,6,6,3,0,0,0,0,0,0,0,6,6,6,4,4,6,6,3,0,0,0,0,0,0,0,6,6,6,6,6,6,6,3,0,0,0,0,0,0,0,3,6,6,3,3,6,6,6,0,0,0,0,0,0,0,4,6,6,5,3,6,6,6,1,0,0,0,0,0,0,5,6,6,4,3,6,6,6,1,0,0,0,0,0,0,5,6,6,6,3,6,6,6,1,0,0,0,0,0,3,6,6,6,4,0,6,6,6,6,4,3,2,0,1,6,6,6,6,1,0,6,6,6,6,6,6,6,6,6,6,6,6,2,0,0,1,2,2,4,4,4,4,4,4,4,4,1,0,0,1,"mfeat-pixel","att60",0.9
0,0,0,2,5,5,4,4,4,1,0,0,0,0,0,0,5,6,6,6,6,6,6,6,6,3,0,0,0,0,1,6,6,6,5,1,0,2,2,5,6,5,3,0,0,3,6,6,4,0,0,0,0,0,3,6,6,6,0,-2.25,3,6,6,6,0,0,0,0,0,3,6,6,6,0,0,3,6,6,3,0,0,0,0,0,1,6,6,6,4,0,3,6,6,6,1,0,0,0,0,0,3,6,6,6,0,3,6,6,6,3,0,0,0,0,0,3,6,6,6,0,3,6,6,6,3,0,0,0,0,0,3,6,6,6,2,0,6,6,6,3,0,0,0,0,0,3,6,6,6,2,0,6,6,6,3,0,0,0,0,0,3,6,6,6,0,0,4,6,6,5,0,0,0,0,0,3,6,6,6,0,0,3,6,6,6,3,0,0,0,0,5,6,6,4,0,0,0,6,6,6,4,0,0,0,4,6,6,6,0,0,0,0,5,6,6,6,6,6,6,6,6,6,3,0,0,0,0,0,0,3,4,4,4,4,4,4,1,0,0,0,1,"mfeat-pixel","att60",0.9
0,0,3,4,4,6,4,4,4,3,2,2,2,0,0,0,2,6,6,6,6,6,6,6,6,6,6,6,4,0,0,6,6,6,6,4,0,0,2,3,6,6,6,6,3,0,6,6,6,6,2,0,0,0,0,6,6,6,6,0.66,1,6,6,6,6,0,0,0,0,0,5,6,6,6,3,3,6,6,6,6,0,0,0,0,0,1,6,6,6,1,3,6,6,6,4,0,0,0,0,0,6,6,6,6,0,1,6,6,6,5,0,0,0,0,1,6,6,6,6,0,0,6,6,6,1,0,0,0,0,5,6,6,6,6,0,3,6,6,6,5,0,0,0,0,6,6,6,6,6,0,3,6,6,6,6,0,0,0,0,6,6,6,6,1,0,3,6,6,6,6,0,0,1,5,6,6,6,4,0,0,0,6,6,6,6,0,0,1,6,6,6,6,6,0,0,4,6,6,6,6,3,2,3,6,6,6,6,6,0,0,3,6,6,6,6,6,6,6,6,6,6,4,1,0,0,0,0,0,2,4,4,4,4,4,3,1,0,0,0,0,1,"mfeat-pixel","att60",0.9
0,0,0,0,3,4,4,4,4,4,2,2,0,0,0,0,0,0,5,6,6,6,6,6,6,6,6,4,0,0,0,1,5,6,6,5,1,0,1,5,6,6,6,4,0,0,3,6,6,6,1,0,0,0,1,6,6,6,6,3.81,0,3,6,6,4,0,0,0,0,0,3,6,6,6,3,0,3,6,6,5,0,0,0,0,0,3,6,6,6,3,0,5,6,6,3,0,0,0,0,0,3,6,6,6,3,2,6,6,6,3,0,0,0,0,0,3,6,6,6,3,0,6,6,6,3,0,0,0,0,0,1,6,6,6,3,3,6,6,6,3,0,0,0,0,0,0,4,6,5,0,3,6,6,6,3,0,0,0,0,0,4,6,6,4,0,3,6,6,6,3,0,0,0,0,0,4,6,6,6,0,0,5,6,6,6,1,0,0,0,3,6,6,6,3,0,0,3,6,6,6,6,3,3,5,6,6,6,5,1,0,0,0,4,6,6,6,6,6,6,6,6,6,1,0,0,0,0,0,3,4,4,4,4,4,4,4,4,0,0,0,1,"mfeat-pixel","att60",0.9
0,0,0,0,0,0,0,0,2,5,5,4,4,1,0,0,0,0,1,5,6,6,6,6,6,6,6,6,3,0,0,0,1,6,6,6,6,6,6,6,6,6,6,6,1,0,1,6,6,6,6,5,1,0,1,6,6,6,6,6.44,1,6,6,6,6,5,0,0,0,0,2,6,6,6,6,3,6,6,6,6,3,0,0,0,0,0,3,6,6,6,3,6,6,6,6,3,0,0,0,0,1,6,6,6,6,3,6,6,6,6,1,0,0,0,0,1,6,6,6,6,4,6,6,6,3,0,0,0,0,0,0,6,6,6,6,5,6,6,6,3,0,0,0,0,0,3,6,6,6,5,3,6,6,6,3,0,0,0,0,1,6,6,6,6,3,3,6,6,6,6,1,0,0,0,4,6,6,6,6,1,3,6,6,6,6,4,0,0,3,6,6,6,6,2,0,2,6,6,6,6,6,5,5,6,6,6,6,2,0,0,0,4,6,6,6,6,6,6,6,6,5,1,0,0,0,0,1,4,4,4,4,4,4,2,0,0,0,0,0,0,1,"mfeat-pixel","att60",0.9
0,0,0,1,4,6,6,6,6,4,6,5,3,0,0,0,0,1,5,6,6,6,6,6,6,6,6,6,5,0,0,0,6,6,6,6,6,6,4,6,6,6,6,6,0,0,0,6,6,6,6,5,1,0,1,6,6,6,6,0.78,0,4,6,6,6,6,0,0,0,0,6,6,6,6,2,0,6,6,6,6,6,0,0,0,0,5,6,6,6,6,1,6,6,6,6,6,0,0,0,0,3,6,6,6,6,2,6,6,6,6,2,0,0,0,0,0,4,6,6,6,2,6,6,6,6,2,0,0,0,0,0,4,6,6,6,1,6,6,6,6,5,0,0,0,0,2,6,6,6,6,0,6,6,6,6,3,0,0,0,0,1,6,6,6,6,0,6,6,6,6,6,0,0,0,0,2,6,6,6,6,0,3,6,6,6,6,1,0,0,0,3,6,6,6,6,0,2,6,6,6,6,6,5,4,5,6,6,6,6,5,0,0,5,6,6,6,6,6,6,6,6,6,6,5,1,0,0,0,2,4,4,4,4,4,4,4,4,3,0,0,1,"mfeat-pixel","att60",0.9
0,0,0,1,3,4,5,5,4,4,3,1,0,0,0,0,0,3,6,6,6,6,6,6,6,6,6,3,0,0,0,1,6,6,6,6,4,2,5,6,6,6,6,4,0,0,5,6,6,5,1,0,0,0,4,6,6,6,5,2.27,0,6,6,6,2,0,0,0,0,3,6,6,6,4,0,0,6,6,3,0,0,0,0,0,3,6,6,6,6,0,3,6,6,6,0,0,0,0,0,5,6,6,6,6,0,4,6,6,6,0,0,0,0,0,5,6,6,6,6,0,6,6,6,6,0,0,0,0,0,3,6,6,6,6,2,6,6,6,6,0,0,0,0,0,3,6,6,6,5,1,6,6,6,6,5,1,0,0,0,3,6,6,6,4,0,3,6,6,6,6,3,0,0,0,5,6,6,6,4,0,3,6,6,6,6,4,0,0,4,6,6,6,6,3,0,0,5,6,6,6,6,3,3,6,6,6,6,6,1,0,0,0,5,6,6,6,6,6,6,6,6,6,4,0,0,0,0,0,3,4,4,4,4,4,4,4,3,0,0,0,1,"mfeat-pixel","att60",0.9
0,0,0,1,5,6,6,6,6,5,5,6,6,4,3,0,0,0,4,6,6,6,6,6,6,6,6,6,6,6,0,0,5,6,6,6,6,5,2,3,6,6,6,6,6,0,2,6,6,6,6,4,0,0,0,6,6,6,6,5.23,0,5,6,6,6,5,1,0,0,0,6,6,6,6,6,0,4,6,6,6,3,0,0,0,2,6,6,6,6,2,0,6,6,6,6,3,0,0,0,3,6,6,6,6,0,0,6,6,6,6,1,0,0,0,1,6,6,6,6,0,1,6,6,6,3,0,0,0,0,0,4,6,6,6,0,3,6,6,6,3,0,0,0,0,2,6,6,6,6,0,1,6,6,6,3,0,0,0,0,2,6,6,6,6,0,0,6,6,6,3,0,0,0,0,0,6,6,6,6,0,0,6,6,6,6,1,0,0,0,3,6,6,6,6,0,0,6,6,6,6,6,4,4,4,6,6,6,6,5,0,0,2,6,6,6,6,6,6,6,6,6,6,6,3,0,0,0,3,4,4,4,4,4,4,4,4,4,3,0,0,1,"mfeat-pixel","att60",0.9
0,0,0,3,4,4,4,5,6,6,6,3,0,0,0,0,0,4,6,6,6,6,6,6,6,6,6,1,0,0,0,1,6,6,6,6,5,2,5,6,6,6,5,0,0,0,5,6,6,6,4,0,0,0,6,6,6,6,0,-2.12,2,6,6,6,3,0,0,0,0,4,6,6,6,4,0,6,6,6,6,0,0,0,0,0,3,6,6,6,6,0,6,6,6,6,0,0,0,0,0,3,6,6,6,6,0,2,6,6,6,3,0,0,0,0,1,5,6,6,6,3,0,3,6,6,5,1,0,0,0,1,5,6,6,6,0,0,6,6,6,6,3,0,0,0,3,6,6,6,6,2,0,6,6,6,4,0,0,0,0,3,6,6,6,6,3,0,6,6,6,5,1,0,0,0,4,6,6,6,6,2,0,6,6,6,6,3,0,0,3,6,6,6,6,6,0,0,6,6,6,6,4,0,3,6,6,6,6,6,4,0,0,4,6,6,6,6,6,6,6,6,6,6,3,0,0,0,0,4,4,4,4,4,4,4,4,3,1,0,0,0,1,"mfeat-pixel","att60",0.9
0,0,3,4,4,6,6,3,0,0,0,0,0,0,0,0,5,6,6,6,6,6,6,6,6,6,6,5,1,0,3,6,6,6,6,3,2,2,3,6,6,6,6,6,0,2,6,6,6,3,0,0,0,0,5,6,6,6,6,4.27,2,6,6,6,1,0,0,0,0,1,6,6,6,6,6,3,6,6,5,1,0,0,0,0,0,6,6,6,6,6,5,6,6,3,0,0,0,0,0,0,6,6,6,6,6,6,6,6,3,0,0,0,0,0,0,6,6,6,6,6,6,6,6,3,0,0,0,0,0,0,6,6,6,6,6,6,6,6,5,1,0,0,0,0,0,6,6,6,6,6,6,6,6,6,6,0,0,0,0,0,6,6,6,6,6,6,6,6,6,6,0,0,0,0,0,6,6,6,6,6,5,6,6,6,6,0,0,0,0,0,4,6,6,6,4,0,5,6,6,6,3,2,2,2,3,6,6,6,6,3,0,0,5,6,6,6,6,6,6,6,6,6,6,6,2,0,0,0,0,1,3,4,4,4,4,4,4,3,1,0,1,"mfeat-pixel","att60",0.9
1,5,6,5,4,4,4,4,5,5,1,0,0,0,0,3,6,6,6,6,6,6,6,6,6,5,2,0,0,0,3,6,6,6,5,2,2,3,6,6,6,6,3,0,0,3,6,6,6,3,0,0,0,1,5,6,6,6,1,-3.58,5,6,6,6,3,0,0,0,0,2,6,6,6,5,0,3,6,6,6,3,0,0,0,0,0,4,6,6,4,0,3,6,6,6,3,0,0,0,0,0,2,6,6,6,1,2,6,6,6,6,0,0,0,0,0,0,4,6,6,3,0,4,6,6,6,0,0,0,0,0,0,3,6,6,4,0,3,6,6,6,2,0,0,0,0,0,1,6,6,5,0,0,5,6,6,0,0,0,0,0,0,1,6,6,5,0,0,3,6,6,3,0,0,0,0,0,3,6,6,6,0,0,3,6,6,6,2,0,0,0,0,5,6,6,3,0,0,3,6,6,6,5,2,2,2,5,6,6,6,3,0,0,0,5,6,6,6,6,6,6,6,6,6,4,0,0,0,0,2,4,4,4,4,4,4,4,4,3,0,0,1,"mfeat-pixel","att60",0.9
0,0,0,0,3,4,4,4,2,2,2,2,1,0,0,0,0,3,6,6,6,6,6,6,6,6,6,6,5,1,0,3,6,6,6,6,5,1,0,0,3,6,6,6,3,0,3,6,6,6,3,0,0,0,0,0,6,6,6,1.84,0,3,6,6,6,0,0,0,0,0,0,5,6,6,3,0,3,6,6,6,2,0,0,0,0,0,3,6,6,3,0,3,6,6,6,1,0,0,0,0,0,6,6,6,3,0,3,6,6,6,0,0,0,0,0,0,6,6,6,3,0,3,6,6,6,0,0,0,0,0,1,6,6,6,3,0,6,6,6,6,0,0,0,0,0,3,6,6,6,3,0,4,6,6,6,0,0,0,0,0,4,6,6,6,3,0,5,6,6,6,0,0,0,0,0,6,6,6,5,0,3,6,6,6,6,0,0,0,1,5,6,6,6,3,0,3,6,6,6,6,3,0,1,5,6,6,6,6,3,0,0,5,6,6,6,6,6,6,6,6,6,6,6,1,0,0,1,4,4,3,3,4,4,4,4,3,2,1,0,0,1,"mfeat-pixel","att60",0.9
0,0,2,6,6,6,6,6,6,6,6,6,5,3,0,0,0,4,6,6,6,6,6,6,6,6,6,6,6,2,0,3,6,6,6,6,6,3,0,0,4,6,6,6,6,0,5,6,6,6,6,5,0,0,0,3,6,6,6,8.18,2,6,6,6,6,6,0,0,0,0,3,6,6,6,6,3,6,6,6,5,1,0,0,0,0,0,4,6,6,6,5,6,6,6,3,0,0,0,0,0,2,6,6,6,6,6,6,6,6,3,0,0,0,0,0,3,6,6,6,6,6,6,6,6,3,0,0,0,0,0,4,6,6,6,5,6,6,6,6,3,0,0,0,0,5,6,6,6,6,3,4,6,6,6,3,0,0,0,0,6,6,6,6,6,1,4,6,6,6,3,0,0,0,3,6,6,6,6,6,0,6,6,6,6,3,0,0,0,6,6,6,6,6,6,0,5,6,6,6,5,2,3,5,6,6,6,6,4,1,0,1,6,6,6,6,6,6,6,6,6,3,0,0,0,0,0,3,4,4,4,4,4,4,3,1,0,0,0,0,0,1,"mfeat-pixel","att60",0.9
0,0,0,2,4,4,4,6,4,4,4,1,0,0,0,0,1,5,6,6,6,6,6,6,6,6,6,3,0,0,0,5,6,6,5,1,0,1,5,6,6,6,6,5,0,0,6,6,6,3,0,0,0,0,4,6,6,6,6,-0.45,3,6,6,6,3,0,0,0,0,3,6,6,6,6,0,2,6,6,6,3,0,0,0,0,3,6,6,6,6,0,0,6,6,6,6,1,0,0,0,0,6,6,6,6,4,0,2,6,6,6,3,0,0,0,3,6,6,6,6,6,0,2,6,6,6,6,2,0,0,1,6,6,6,6,6,0,2,6,6,6,6,1,0,0,1,6,6,6,6,4,0,0,6,6,6,6,3,0,0,1,6,6,6,6,4,0,0,6,6,6,6,6,0,0,0,6,6,6,6,4,0,0,5,6,6,6,6,0,0,0,6,6,6,6,5,0,0,0,4,6,6,6,3,0,1,6,6,6,6,5,0,0,0,2,6,6,6,6,6,6,6,6,6,5,1,0,0,0,0,1,4,4,4,4,4,4,4,3,0,0,1,"mfeat-pixel","att60",0.9
0,0,1,4,4,4,4,4,3,0,0,0,0,0,0,0,2,6,6,6,6,6,6,6,6,4,3,0,0,0,0,3,6,6,6,6,4,6,6,6,6,6,3,0,0,0,3,6,6,6,1,0,1,5,6,6,6,6,2,-2.1,1,6,6,6,6,0,0,0,0,6,6,6,6,0,0,3,6,6,6,6,0,0,0,0,2,6,6,6,4,0,0,4,6,6,1,0,0,0,0,0,6,6,6,6,2,0,1,6,6,5,0,0,0,0,0,6,6,6,5,0,0,3,6,6,6,0,0,0,0,0,6,6,6,3,0,0,3,6,6,6,1,0,0,0,0,6,6,6,4,0,0,3,6,6,6,5,0,0,0,0,6,6,6,6,2,0,3,6,6,6,6,0,0,0,0,6,6,6,6,1,0,0,5,6,6,6,4,0,0,0,6,6,6,3,0,0,0,3,6,6,6,6,5,2,5,6,6,6,6,0,0,0,0,5,6,6,6,6,6,6,6,6,5,1,0,0,0,0,1,2,2,3,4,4,4,4,4,1,0,0,1,"mfeat-pixel","att60",0.9
0,0,0,0,2,2,2,3,4,4,2,2,1,0,0,0,0,3,6,6,6,6,6,6,6,6,6,5,0,0,0,3,6,6,6,6,6,6,6,6,6,6,6,3,0,0,3,6,6,6,3,0,3,6,6,6,6,6,3,-1.63,0,3,6,6,3,0,0,0,1,6,6,6,6,3,0,0,5,6,6,3,0,0,0,2,6,6,6,6,3,0,0,1,6,5,1,0,0,0,0,4,6,6,6,3,0,0,3,6,5,1,0,0,0,0,3,6,6,6,4,0,0,3,6,6,6,2,0,0,0,3,6,6,6,6,0,0,3,6,6,6,3,0,0,0,2,6,6,6,6,1,0,5,6,6,6,3,0,0,0,0,6,6,6,6,2,0,4,6,6,6,3,0,0,0,3,6,6,6,4,0,0,3,6,6,6,6,3,2,3,6,6,6,3,0,0,0,3,6,6,6,6,6,6,6,6,6,4,0,0,0,0,0,3,6,6,6,6,6,6,6,6,6,5,0,0,0,0,0,0,2,4,4,4,4,4,2,2,1,0,0,1,"mfeat-pixel","att60",0.9
0,0,1,4,6,4,1,0,0,0,0,0,0,0,0,0,2,6,6,6,6,6,5,2,0,0,0,0,0,0,0,5,6,6,6,6,6,6,6,5,2,0,0,0,0,5,6,6,6,6,6,6,6,6,6,6,5,0,0,-0.55,4,6,6,6,6,6,6,6,6,6,6,6,0,0,0,2,6,6,6,6,4,0,4,6,6,6,6,2,0,0,0,6,6,6,6,3,0,2,6,6,6,6,5,0,0,0,6,6,6,6,3,0,0,4,6,6,6,6,3,0,0,3,6,6,6,6,0,0,3,6,6,6,6,6,1,0,3,6,6,6,6,3,0,0,3,6,6,6,6,3,0,1,5,6,6,6,5,0,0,0,6,6,6,6,6,0,0,0,6,6,6,6,3,0,0,6,6,6,6,6,0,0,0,6,6,6,6,6,4,5,6,6,6,6,5,0,0,0,5,6,6,6,6,6,6,6,6,6,6,0,0,0,0,0,3,5,6,6,6,6,6,6,6,3,0,0,0,0,0,0,0,2,4,4,4,4,3,1,0,0,1,"mfeat-pixel","att60",0.9
0,0,0,0,0,0,3,6,6,4,4,1,0,0,0,0,0,0,0,0,5,6,6,6,6,6,6,2,0,0,0,0,0,0,2,6,6,6,6,5,5,6,4,0,0,0,0,0,0,5,6,6,6,4,0,0,6,6,4,2.06,0,0,0,3,6,6,6,5,0,0,2,6,6,6,5,0,0,1,6,6,6,3,0,0,0,0,4,6,6,4,0,0,5,6,6,4,0,0,0,0,0,3,6,6,3,0,3,6,6,6,0,0,0,0,0,0,4,6,6,3,0,3,6,6,3,0,0,0,0,0,2,6,6,6,1,1,6,6,6,3,0,0,0,0,0,5,6,6,2,0,3,6,6,6,2,0,0,0,0,2,6,6,4,0,0,3,6,6,4,0,0,0,0,2,6,6,6,3,0,0,3,6,6,3,0,0,0,1,6,6,6,4,0,0,0,3,6,6,5,2,2,3,6,6,6,4,0,0,0,0,2,6,6,6,6,6,6,6,6,5,1,0,0,0,0,0,0,2,4,4,4,4,4,4,1,0,0,0,0,0,1,"mfeat-pixel","att60",0.9
0,0,0,1,5,6,6,6,6,6,6,6,3,0,0,0,0,2,6,6,6,6,6,6,6,6,6,6,5,0,0,3,6,6,6,5,2,2,2,5,6,6,6,6,1,0,6,6,6,6,3,0,0,0,2,6,6,6,6,4.52,0,6,6,6,6,3,0,0,0,0,1,6,6,6,3,0,6,6,6,6,3,0,0,0,0,0,6,6,6,4,0,6,6,6,6,3,0,0,0,0,1,6,6,6,5,0,6,6,6,6,3,0,0,0,2,6,6,6,6,1,0,6,6,6,6,3,0,0,0,3,6,6,6,6,0,0,6,6,6,6,3,0,0,0,3,6,6,6,6,0,2,6,6,6,6,3,0,0,0,3,6,6,6,6,0,5,6,6,6,4,0,0,0,0,4,6,6,6,6,0,3,6,6,6,6,3,0,1,5,6,6,6,6,6,0,3,6,6,6,6,6,6,6,6,6,6,6,6,3,0,0,6,6,6,6,6,6,6,6,5,2,2,0,0,0,0,3,4,4,4,4,4,4,4,1,0,0,0,0,0,1,"mfeat-pixel","att60",0.9
0,0,3,4,4,6,6,6,6,5,1,0,0,0,0,1,5,6,6,6,6,6,6,6,6,6,5,1,0,0,2,6,6,6,6,6,6,6,6,6,6,6,6,0,0,0,6,6,6,6,3,0,3,6,6,6,6,6,2,3.14,4,6,6,6,3,0,0,0,5,6,6,6,6,6,0,4,6,6,6,3,0,0,0,1,6,6,6,6,6,0,3,6,6,6,3,0,0,0,0,6,6,6,6,6,0,0,6,6,6,1,0,0,0,0,6,6,6,6,6,2,0,6,6,6,2,0,0,0,0,6,6,6,6,6,1,0,6,6,6,1,0,0,0,0,6,6,6,6,6,0,0,6,6,6,3,0,0,0,0,6,6,6,6,6,0,0,6,6,6,3,0,0,0,2,6,6,6,6,3,0,0,6,6,6,0,0,0,0,6,6,6,6,6,2,0,0,6,6,6,5,4,2,5,6,6,6,6,4,0,0,0,3,6,6,6,6,6,6,6,6,6,3,0,0,0,0,0,1,3,4,4,4,4,4,3,1,0,0,0,0,1,"mfeat-pixel","att60",0.9
0,0,0,2,4,4,4,4,4,3,2,2,2,1,0,0,0,1,6,6,6,6,6,6,6,6,6,6,3,0,1,4,6,6,6,3,0,1,3,6,6,6,6,3,0,2,6,6,6,6,0,0,0,0,1,6,6,6,6,3.28,0,4,6,6,6,0,0,0,0,0,5,6,6,6,3,0,4,6,6,5,0,0,0,0,0,0,6,6,6,2,0,6,6,6,4,0,0,0,0,0,3,6,6,6,0,0,4,6,6,6,0,0,0,0,0,3,6,6,6,2,0,3,6,6,6,0,0,0,0,0,0,4,6,6,3,0,4,6,6,6,0,0,0,0,0,0,4,6,6,3,0,6,6,6,6,0,0,0,0,0,3,6,6,6,3,0,3,6,6,6,0,0,0,0,0,0,6,6,6,3,0,3,6,6,6,0,0,0,0,0,5,6,6,6,3,0,5,6,6,6,3,0,0,0,1,6,6,6,6,2,0,3,6,6,6,6,6,4,4,6,6,6,6,3,0,0,0,0,2,4,4,4,4,4,4,4,2,0,0,0,1,"mfeat-pixel","att60",0.9
0,0,0,1,4,4,4,5,6,6,6,5,3,0,0,0,0,0,3,6,6,6,6,6,6,6,6,6,5,0,0,0,3,6,6,6,6,4,2,3,6,6,6,6,0,0,0,6,6,6,6,1,0,0,0,6,6,6,6,-0.49,0,0,6,6,6,6,0,0,0,0,6,6,6,6,2,0,4,6,6,5,1,0,0,0,0,6,6,6,6,2,0,6,6,4,0,0,0,0,0,0,6,6,6,6,0,2,6,6,3,0,0,0,0,0,0,6,6,6,6,0,2,6,6,6,3,0,0,0,0,4,6,6,6,6,0,0,6,6,6,6,0,0,0,0,4,6,6,6,6,0,0,6,6,6,6,0,0,0,0,0,6,6,6,6,0,0,6,6,6,6,0,0,0,0,0,6,6,6,6,1,0,6,6,6,6,1,0,0,0,2,6,6,6,6,3,0,6,6,6,6,6,3,2,3,6,6,6,6,4,0,0,1,5,6,6,6,6,6,6,6,6,6,5,0,0,0,0,0,2,4,4,4,4,4,3,1,0,0,0,0,1,"mfeat-pixel","att60",0.9
0,0,0,0,1,3,4,4,4,4,4,2,1,0,0,0,0,0,0,6,6,6,4,6,6,6,6,6,2,0,0,0,0,3,6,6,1,0,1,5,6,6,6,3,0,0,0,3,6,6,6,0,0,0,0,6,6,6,3,0.87,0,1,6,6,6,6,0,0,0,0,6,6,6,3,0,0,3,6,6,6,6,0,0,0,4,6,6,6,3,0,0,3,6,6,6,6,0,0,0,4,6,6,6,3,0,0,3,6,6,6,6,0,0,0,0,6,6,6,3,0,0,3,6,6,6,6,0,0,0,0,6,6,6,3,0,0,3,6,6,6,6,0,0,0,0,6,6,6,6,1,0,3,6,6,6,5,0,0,0,2,6,6,6,6,1,0,5,6,6,6,3,0,0,0,1,6,6,6,3,0,0,6,6,6,6,3,0,0,0,4,6,6,6,1,0,0,5,6,6,6,6,1,0,1,6,6,6,3,0,0,0,0,5,6,6,6,6,4,6,6,5,1,0,0,0,0,0,1,4,4,4,3,2,0,0,0,0,0,0,0,1,"mfeat-pixel","att60",0.9
0,0,1,4,4,5,6,6,4,4,1,0,0,0,0,0,0,4,6,6,6,6,6,6,6,6,2,0,0,0,0,1,6,6,6,4,0,1,5,6,6,4,0,0,0,0,5,6,6,6,1,0,0,0,4,6,6,5,1,-0.44,1,6,6,6,3,0,0,0,0,3,6,6,6,3,0,3,6,6,6,3,0,0,0,0,1,6,6,6,0,0,3,6,6,6,6,0,0,0,0,1,6,6,6,3,0,2,6,6,6,3,0,0,0,0,1,6,6,6,4,0,2,6,6,6,3,0,0,0,0,0,3,6,6,6,2,2,6,6,6,3,0,0,0,0,0,3,6,6,6,0,0,6,6,6,6,1,0,0,0,0,4,6,6,6,0,0,5,6,6,6,3,0,0,0,0,5,6,6,3,0,0,1,6,6,6,4,0,0,0,0,4,6,6,3,0,0,0,1,5,6,6,5,1,0,3,6,6,6,4,0,0,0,0,2,6,6,6,6,6,6,6,6,6,6,2,0,0,0,0,1,4,4,4,4,4,4,4,4,3,0,1,"mfeat-pixel","att60",0.9
0,0,0,0,0,0,0,2,3,4,4,1,0,0,0,0,0,3,4,4,4,6,6,6,6,6,6,1,0,0,0,2,6,6,6,6,6,4,6,6,6,6,4,0,0,0,6,6,6,6,5,1,0,1,6,6,6,6,2,1,0,4,6,6,6,1,0,0,0,6,6,6,6,3,0,0,6,6,6,6,0,0,0,0,6,6,6,6,3,0,0,6,6,6,6,2,0,0,0,6,6,6,6,3,0,0,5,6,6,6,3,0,0,0,6,6,6,6,3,0,0,3,6,6,6,3,0,0,0,4,6,6,6,6,1,0,3,6,6,6,4,0,0,0,3,6,6,6,6,3,0,3,6,6,6,6,0,0,0,3,6,6,6,6,3,0,3,6,6,6,6,1,0,1,6,6,6,6,5,0,0,1,6,6,6,6,6,4,6,6,6,6,6,1,0,0,0,3,6,6,6,6,6,6,6,6,6,3,0,0,0,0,1,5,6,6,6,6,6,6,6,5,1,0,0,0,0,0,0,1,3,3,2,2,2,1,0,0,0,0,1,"mfeat-pixel","att60",0.9
0,0,0,0,1,3,4,4,4,3,2,4,1,0,0,0,0,0,3,6,3,0,0,3,6,6,6,6,1,0,0,0,3,6,6,0,0,0,0,2,6,6,6,3,0,0,5,6,6,6,0,0,0,0,0,6,6,6,4,-0.94,0,4,6,6,6,0,0,0,0,0,3,6,6,5,0,1,6,6,6,5,0,0,0,0,2,6,6,6,3,0,3,6,6,6,4,0,0,0,0,1,6,6,6,3,0,3,6,6,6,5,0,0,0,0,0,6,6,6,6,1,3,6,6,6,1,0,0,0,0,0,6,6,6,6,3,3,6,6,6,6,0,0,0,0,0,6,6,6,6,3,3,6,6,6,6,0,0,0,0,0,6,6,6,6,3,3,6,6,6,6,0,0,0,0,2,6,6,6,6,2,1,6,6,6,6,1,0,0,1,6,6,6,6,2,0,0,6,6,6,6,6,4,4,6,6,6,6,3,0,0,0,5,6,6,6,6,6,6,6,6,4,4,1,0,0,0,0,1,4,4,4,4,3,2,0,0,0,0,0,0,1,"mfeat-pixel","att60",0.9
0,3,6,6,6,6,6,6,6,5,4,3,0,0,0,0,6,6,6,6,4,2,5,6,6,6,6,0,0,0,4,6,6,6,1,0,0,2,6,6,6,6,1,0,0,6,6,6,6,0,0,0,0,4,6,6,6,5,0,0.13,4,6,6,6,0,0,0,0,1,6,6,6,6,0,0,4,6,6,6,0,0,0,0,0,3,6,6,6,4,0,6,6,6,6,3,0,0,0,0,0,6,6,6,6,0,6,6,6,6,0,0,0,0,0,3,6,6,6,6,0,6,6,6,6,0,0,0,0,0,3,6,6,6,6,0,6,6,6,6,0,0,0,0,0,3,6,6,6,6,0,4,6,6,6,3,0,0,0,0,6,6,6,6,6,2,1,6,6,6,6,3,0,0,0,0,1,6,6,6,2,3,6,6,6,6,3,0,0,0,0,1,6,6,6,0,0,4,6,6,6,6,3,0,0,3,6,6,6,4,0,0,0,4,6,6,6,6,5,5,6,6,6,4,0,0,0,0,0,3,4,4,4,4,4,4,4,3,0,0,0,1,"mfeat-pixel","att60",0.9
0,0,1,4,5,6,5,4,1,0,0,0,0,0,0,0,2,5,6,6,6,6,6,6,3,0,0,0,0,0,3,6,6,6,6,6,6,6,6,6,5,1,0,0,0,4,6,6,6,6,5,4,5,6,6,6,4,0,0,-1.99,4,6,6,6,6,0,0,0,4,6,6,6,2,0,0,3,6,6,6,6,0,0,0,1,6,6,6,6,2,0,3,6,6,6,6,0,0,0,0,3,6,6,6,6,2,3,6,6,6,6,0,0,0,0,0,6,6,6,6,3,2,6,6,6,6,3,0,0,0,3,6,6,6,6,3,0,6,6,6,6,3,0,0,0,0,6,6,6,6,3,0,6,6,6,6,5,0,0,0,0,6,6,6,6,3,0,4,6,6,6,6,3,0,0,0,6,6,6,6,1,0,1,6,6,6,6,6,1,0,4,6,6,6,6,0,0,0,5,6,6,6,6,6,6,6,6,6,6,6,2,0,0,1,5,6,6,6,6,6,6,6,6,6,6,5,0,0,0,0,3,4,4,4,4,4,4,4,3,2,0,1,"mfeat-pixel","att60",0.9
1,5,6,6,5,5,5,4,4,5,5,4,1,0,0,3,6,6,6,6,6,6,6,6,6,6,6,6,1,0,3,6,6,6,4,0,0,0,1,5,6,6,6,4,0,5,6,6,6,3,0,0,0,0,0,4,6,6,6,1.02,3,6,6,6,3,0,0,0,0,0,1,6,6,6,3,1,6,6,6,6,1,0,0,0,0,0,6,6,6,5,0,3,6,6,6,3,0,0,0,0,0,3,6,6,6,0,3,6,6,6,3,0,0,0,0,0,3,6,6,6,0,3,6,6,6,6,0,0,0,0,0,3,6,6,6,0,1,6,6,6,6,0,0,0,0,0,3,6,6,6,0,0,3,6,6,6,3,0,0,0,0,3,6,6,6,0,0,3,6,6,6,3,0,0,0,0,5,6,6,6,0,0,3,6,6,6,3,0,0,0,4,6,6,6,6,0,0,3,6,6,6,5,1,1,5,6,6,6,6,2,0,0,3,6,6,6,6,6,6,6,6,6,6,3,0,0,0,1,4,4,4,4,4,4,4,4,4,1,0,0,1,"mfeat-pixel","att60",0.9
1,5,6,6,5,4,4,4,4,4,4,1,0,0,0,3,6,6,6,6,6,6,6,6,6,6,3,0,0,0,5,6,6,6,6,5,2,2,5,6,6,6,1,0,0,3,6,6,6,6,3,0,0,3,6,6,6,3,0,-1.01,3,6,6,6,6,3,0,0,1,6,6,6,5,0,0,0,5,6,6,6,3,0,0,0,3,6,6,6,3,0,0,3,6,6,6,3,0,0,0,3,6,6,6,3,0,0,3,6,6,6,3,0,0,0,3,6,6,6,6,0,0,3,6,6,6,5,0,0,0,0,5,6,6,6,0,0,0,6,6,6,6,0,0,0,0,3,6,6,6,3,0,3,6,6,6,6,3,0,0,0,5,6,6,6,6,0,3,6,6,6,6,3,0,0,0,6,6,6,6,4,0,3,6,6,6,6,1,0,0,3,6,6,6,6,2,0,3,6,6,6,6,1,1,2,5,6,6,6,4,0,0,2,6,6,6,6,6,6,6,6,6,6,6,2,0,0,0,3,4,4,4,4,4,4,4,4,4,1,0,0,1,"mfeat-pixel","att60",0.9
0,1,3,4,4,4,4,4,4,4,4,2,2,1,0,0,5,6,6,6,6,6,6,6,6,6,6,6,5,0,3,6,6,6,6,6,5,1,1,5,6,6,6,6,3,3,6,6,6,6,6,3,0,0,0,6,6,6,6,5.39,0,6,6,6,6,6,3,0,0,0,6,6,6,6,0,0,5,6,6,6,3,0,0,1,5,6,6,6,6,0,0,5,6,6,6,0,0,0,1,6,6,6,6,6,0,0,6,6,6,6,0,0,0,2,6,6,6,6,6,0,0,6,6,6,6,0,0,0,0,4,6,6,6,3,0,0,6,6,6,5,0,0,0,0,2,6,6,6,3,0,2,6,6,6,1,0,0,0,0,0,6,6,6,4,0,3,6,6,6,2,0,0,0,0,0,6,6,6,6,2,3,6,6,6,3,0,0,0,0,0,6,6,6,6,3,0,5,6,6,6,5,1,0,1,5,6,6,6,6,2,0,2,6,6,6,6,6,6,6,6,6,6,3,0,0,0,0,0,2,4,4,4,4,4,3,2,2,0,0,0,1,"mfeat-pixel","att60",0.9
0,0,3,3,2,3,4,3,0,0,0,0,0,0,0,0,5,6,6,6,6,6,6,6,3,2,0,0,0,0,3,6,6,6,3,0,3,6,6,6,6,4,0,0,0,3,6,6,6,0,0,0,1,6,6,6,6,0,0,0.19,3,6,6,6,0,0,0,0,5,6,6,6,4,0,0,3,6,6,6,0,0,0,0,1,6,6,6,6,0,0,3,6,6,6,0,0,0,0,0,6,6,6,6,1,0,1,6,6,6,0,0,0,0,0,2,6,6,6,5,0,0,6,6,6,1,0,0,0,0,0,6,6,6,6,0,0,6,6,6,5,0,0,0,0,0,6,6,6,6,0,0,6,6,6,6,1,0,0,0,2,6,6,6,6,0,0,5,6,6,6,5,0,0,0,1,6,6,6,6,3,0,1,6,6,6,6,1,0,0,0,6,6,6,6,3,0,0,4,6,6,6,6,3,0,3,6,6,6,6,0,0,0,0,3,4,6,6,6,6,6,6,6,6,5,0,0,0,0,0,0,0,2,2,2,2,2,3,3,0,0,1,"mfeat-pixel","att60",0.9
0,0,3,5,6,6,6,6,6,2,0,0,0,0,0,0,2,6,6,6,6,6,6,6,3,0,0,0,0,0,1,6,6,6,6,6,3,2,3,6,6,6,3,0,0,5,6,6,6,6,1,0,0,0,3,6,6,6,5,0.09,6,6,6,6,6,0,0,0,0,0,1,2,5,6,4,6,6,6,6,5,0,0,0,0,0,0,1,5,6,6,6,6,6,4,0,0,0,0,0,0,1,5,6,6,6,6,6,6,4,0,0,0,0,0,0,6,6,6,6,3,6,6,6,6,5,0,0,0,0,0,6,6,6,6,5,6,6,6,6,5,0,0,0,0,0,6,6,6,6,6,6,6,6,6,1,0,0,0,0,0,6,6,6,6,6,4,6,6,6,6,5,0,0,0,0,6,6,6,6,6,0,5,6,6,6,6,5,2,0,1,6,6,6,6,6,0,1,6,6,6,6,6,6,6,6,6,6,6,6,3,0,0,1,2,3,5,6,6,6,6,6,6,5,1,0,0,0,0,0,0,0,0,2,4,4,4,3,0,0,0,1,"mfeat-pixel","att60",0.9
0,3,4,6,6,5,2,0,0,0,0,0,0,0,0,5,6,6,6,6,6,6,6,3,0,0,0,0,0,0,6,6,6,6,4,5,6,6,6,4,0,0,0,0,0,6,6,6,3,0,0,3,6,6,6,6,2,0,0,2.88,6,6,6,5,0,0,0,2,6,6,6,4,0,0,0,2,6,6,6,0,0,0,0,2,6,6,6,3,0,0,0,6,6,6,0,0,0,0,0,4,6,6,6,0,0,0,4,6,6,3,0,0,0,0,3,6,6,6,0,0,0,0,6,6,6,3,0,0,0,0,4,6,6,3,0,0,0,5,6,6,4,0,0,0,0,5,6,6,3,0,0,0,1,6,6,6,2,0,0,0,0,6,6,5,0,0,0,0,2,6,6,6,1,0,0,0,5,6,6,0,0,0,0,0,3,6,6,4,0,0,0,3,6,6,1,0,0,0,0,0,3,6,6,5,2,3,6,6,6,5,0,0,0,0,0,0,5,6,6,6,6,6,6,5,1,0,0,0,0,0,0,2,4,4,4,3,1,0,0,0,1,"mfeat-pixel","att60",0.9
0,0,0,0,3,4,6,6,6,6,4,6,4,3,0,0,0,0,5,6,6,6,6,6,6,6,6,6,6,5,0,0,5,6,6,6,3,0,0,0,3,6,6,6,6,0,4,6,6,6,6,0,0,0,0,0,6,6,6,6.81,4,6,6,6,6,1,0,0,0,0,1,6,6,6,6,6,6,6,6,1,0,0,0,0,0,3,6,6,6,6,6,6,6,6,0,0,0,0,0,0,1,6,6,6,6,6,6,6,6,0,0,0,0,0,0,4,6,6,6,3,5,6,6,6,0,0,0,0,0,0,6,6,6,6,5,3,6,6,6,0,0,0,0,0,1,6,6,6,6,6,5,6,6,6,0,0,0,0,0,5,6,6,6,6,4,1,6,6,6,1,0,0,0,0,6,6,6,6,6,0,2,6,6,6,4,0,0,0,2,6,6,6,6,5,0,1,6,6,6,6,5,3,3,6,6,6,6,5,1,0,0,5,6,6,6,6,6,6,6,6,6,6,1,0,0,0,0,3,4,4,4,4,4,4,4,4,3,0,0,0,1,"mfeat-pixel","att60",0.9
0,0,1,4,4,4,4,4,3,0,0,0,0,0,0,0,0,5,6,6,6,6,6,6,6,4,1,0,0,0,0,4,6,6,6,6,6,6,6,6,6,6,1,0,0,3,6,6,6,6,6,6,6,6,6,6,6,6,3,0.3,3,6,6,6,5,2,2,2,2,2,5,6,6,6,2,3,6,6,6,0,0,0,0,0,0,0,6,6,6,0,3,6,6,6,0,0,0,0,0,0,0,6,6,6,3,1,6,6,6,0,0,0,0,0,0,0,6,6,6,3,1,6,6,6,4,0,0,0,0,0,0,6,6,6,3,0,6,6,6,6,0,0,0,0,0,2,6,6,5,0,0,4,6,6,6,2,0,0,0,0,6,6,6,3,0,0,0,6,6,6,6,0,0,0,1,6,6,6,2,0,0,0,6,6,6,6,3,0,3,6,6,6,6,0,0,0,0,6,6,6,6,6,6,6,6,6,6,3,0,0,0,0,1,6,6,6,6,6,6,6,5,1,0,0,0,0,0,0,1,4,4,4,4,4,3,0,0,0,0,0,1,"mfeat-pixel","att60",0.9
0,0,3,4,4,5,6,6,6,6,5,2,0,0,0,0,2,6,6,6,6,6,6,6,6,6,6,5,0,0,0,6,6,6,6,6,5,4,5,6,6,6,6,1,0,0,6,6,5,2,1,0,0,0,4,6,6,6,5,1.83,5,6,6,3,0,0,0,0,0,3,6,6,6,6,0,6,6,6,4,0,0,0,0,0,2,6,6,6,6,0,6,6,6,5,0,0,0,0,0,0,4,6,6,6,0,6,6,6,3,0,0,0,0,0,0,3,6,6,6,0,6,6,6,6,1,0,0,0,0,1,6,6,6,6,1,6,6,6,6,3,0,0,0,0,3,6,6,6,6,3,6,6,6,6,3,0,0,0,1,5,6,6,6,6,3,2,6,6,6,4,0,0,3,6,6,6,6,6,6,2,0,6,6,6,6,5,5,6,6,6,6,6,6,5,0,0,3,6,6,6,6,6,6,6,6,6,6,3,0,0,0,0,1,2,5,6,6,6,6,6,5,1,0,0,0,0,0,0,0,0,1,4,4,4,4,1,0,0,0,0,1,"mfeat-pixel","att60",0.9
0,0,0,3,6,6,6,6,3,1,0,0,0,0,0,0,0,0,6,6,6,6,6,6,6,4,2,1,0,0,0,0,4,6,6,6,6,6,5,5,6,6,6,2,0,0,0,6,6,6,6,6,3,0,0,6,6,6,6,-0.74,0,0,6,6,6,6,5,0,0,0,5,6,6,6,1,0,2,6,6,6,6,1,0,0,0,3,6,6,6,5,0,6,6,6,6,6,0,0,0,0,5,6,6,6,6,1,6,6,6,6,4,0,0,0,0,6,6,6,6,6,2,6,6,6,6,0,0,0,0,0,5,6,6,6,6,0,6,6,6,6,0,0,0,0,0,3,6,6,6,6,0,6,6,6,6,0,0,0,0,0,3,6,6,6,6,0,6,6,6,6,0,0,0,0,0,5,6,6,6,2,0,6,6,6,6,3,0,0,0,3,6,6,6,6,0,0,6,6,6,6,6,5,4,5,6,6,6,6,2,0,0,3,6,6,6,6,6,6,6,6,6,6,3,0,0,0,0,1,3,4,4,4,4,4,4,3,1,0,0,0,1,"mfeat-pixel","att60",0.9
0,0,3,6,6,6,6,6,6,6,3,0,0,0,0,0,4,6,6,6,6,6,6,6,6,6,1,0,0,0,0,6,6,6,6,6,1,1,5,6,6,5,0,0,0,1,6,6,6,6,2,0,0,3,6,6,6,0,0,0.11,2,6,6,6,6,0,0,0,1,6,6,6,4,0,0,0,6,6,6,6,0,0,0,0,2,6,6,6,4,0,0,6,6,6,6,0,0,0,0,0,6,6,6,6,0,0,6,6,6,6,0,0,0,0,0,6,6,6,6,3,0,6,6,6,6,0,0,0,0,0,4,6,6,6,3,0,6,6,6,6,0,0,0,0,0,1,6,6,6,6,0,6,6,6,6,2,0,0,0,0,3,6,6,6,4,0,6,6,6,6,3,0,0,0,0,3,6,6,6,3,0,4,6,6,6,1,0,0,0,2,6,6,6,6,1,0,3,6,6,6,3,0,0,3,6,6,6,6,5,0,0,3,6,6,6,6,6,6,6,6,6,6,5,1,0,0,0,3,4,4,4,4,4,4,4,4,3,0,0,0,1,"mfeat-pixel","att60",0.9
0,0,0,0,1,3,6,5,4,3,1,0,0,0,0,0,1,4,5,6,6,6,6,6,6,6,4,1,0,0,0,3,6,6,6,6,5,4,5,6,6,6,6,0,0,0,3,6,6,6,6,0,0,0,6,6,6,6,2,-1.47,0,6,6,6,6,6,0,0,0,5,6,6,6,6,0,0,4,6,6,6,6,0,0,0,1,6,6,6,6,0,0,3,6,6,6,6,0,0,0,0,6,6,6,6,0,0,3,6,6,6,6,0,0,0,0,6,6,6,6,1,0,6,6,6,6,5,0,0,0,0,6,6,6,6,3,4,6,6,6,3,0,0,0,0,0,6,6,6,6,1,5,6,6,5,0,0,0,0,0,0,6,6,6,5,0,0,4,6,5,1,0,0,0,0,0,6,6,6,3,0,0,6,6,6,6,2,0,0,0,3,6,6,6,6,0,0,4,6,6,6,6,3,3,5,6,6,6,6,6,0,0,0,3,5,6,6,6,6,6,6,6,6,5,1,0,0,0,0,0,1,3,4,4,4,4,4,2,0,0,0,1,"mfeat-pixel","att60",0.9
0,0,3,5,6,6,6,6,6,6,6,3,0,0,0,0,5,6,6,6,6,6,6,6,6,6,5,0,0,0,0,6,6,6,5,1,0,1,6,6,6,4,0,0,0,0,6,6,6,4,0,0,0,5,6,6,6,5,0,0.18,0,6,6,6,6,0,0,0,0,4,6,6,6,1,0,0,6,6,6,5,0,0,0,0,3,6,6,6,5,0,0,6,6,6,4,0,0,0,0,3,6,6,6,6,0,0,6,6,6,6,0,0,0,0,0,6,6,6,6,1,0,6,6,6,6,0,0,0,0,0,6,6,6,6,3,0,6,6,6,3,0,0,0,0,2,6,6,6,6,3,0,6,6,6,4,0,0,0,0,3,6,6,6,6,3,0,6,6,6,6,0,0,0,0,3,6,6,6,6,0,2,6,6,6,2,0,0,0,1,5,6,6,6,6,0,3,6,6,6,1,1,2,3,6,6,6,6,6,4,0,3,6,6,6,6,6,6,6,6,6,6,5,3,0,0,0,3,4,4,4,4,4,4,4,4,3,0,0,0,0,1,"mfeat-pixel","att60",0.9
0,2,4,4,4,4,4,4,4,4,4,4,2,0,0,0,3,6,6,6,6,6,6,6,6,6,6,6,3,0,0,3,6,6,6,5,1,0,3,6,6,6,6,3,0,0,4,6,6,6,2,0,0,0,3,6,6,6,3,1.06,2,6,6,6,1,0,0,0,0,3,6,6,6,3,0,3,6,6,6,0,0,0,0,0,3,6,6,6,6,1,3,6,6,6,0,0,0,0,0,1,5,6,6,6,3,3,6,6,6,0,0,0,0,0,0,1,6,6,6,3,3,6,6,6,0,0,0,0,0,2,6,6,6,6,3,3,6,6,6,0,0,0,0,0,3,6,6,6,6,2,3,6,6,6,0,0,0,0,0,3,6,6,6,4,0,3,6,6,6,0,0,0,0,0,3,6,6,6,3,0,3,6,6,6,3,0,0,0,1,5,6,6,6,3,0,3,6,6,6,6,5,4,4,6,6,6,6,6,2,0,3,6,6,6,6,6,6,6,6,6,6,6,1,0,0,0,3,4,4,4,4,4,4,4,4,2,0,0,0,0,1,"mfeat-pixel","att60",0.9
0,1,3,5,6,6,5,3,0,0,0,0,0,0,0,0,6,6,6,6,6,6,6,0,0,0,0,0,0,0,0,6,6,6,5,4,6,6,5,1,0,0,0,0,0,0,6,6,6,2,0,3,6,6,6,3,0,0,0,-1.06,3,6,6,6,0,0,0,5,6,6,6,0,0,0,0,3,6,6,6,2,0,0,2,6,6,6,5,0,0,0,3,6,6,6,1,0,0,0,3,6,6,6,5,0,0,3,6,6,6,0,0,0,0,0,4,6,6,6,3,0,3,6,6,6,0,0,0,0,0,3,6,6,6,4,0,3,6,6,6,0,0,0,0,0,1,5,6,6,6,0,4,6,6,3,0,0,0,0,0,0,0,6,6,6,2,6,6,6,3,0,0,0,0,0,0,1,6,6,6,2,5,6,6,5,0,0,0,0,0,2,6,6,6,6,0,1,6,6,6,1,0,0,0,3,6,6,6,6,2,0,0,4,6,6,6,5,5,6,6,6,6,5,1,0,0,0,0,3,4,4,4,4,4,3,2,1,0,0,0,0,1,"mfeat-pixel","att60",0.9
0,0,0,0,0,2,6,6,6,6,6,6,6,5,1,0,0,0,0,0,4,6,6,6,5,2,5,6,6,5,0,0,0,0,3,6,6,6,3,0,0,3,6,6,6,0,0,0,2,6,6,6,4,0,0,0,3,6,6,6.06,0,0,0,5,6,6,6,1,0,0,0,3,6,6,5,0,0,3,6,6,6,3,0,0,0,0,3,6,6,3,0,1,6,6,6,6,1,0,0,0,0,3,6,6,3,0,3,6,6,6,3,0,0,0,0,1,6,6,6,3,0,3,6,6,6,3,0,0,0,0,3,6,6,6,3,0,5,6,6,6,1,0,0,0,0,3,6,6,6,3,3,6,6,6,3,0,0,0,0,3,6,6,6,5,0,3,6,6,6,3,0,0,0,0,5,6,6,6,2,0,3,6,6,6,3,0,0,0,0,3,6,6,4,0,0,2,6,6,6,6,3,2,2,2,5,6,6,1,0,0,0,3,6,6,6,6,6,6,6,6,5,1,0,0,0,0,0,0,0,3,4,4,4,4,2,0,0,0,0,0,1,"mfeat-pixel","att60",0.9
1,4,5,6,6,6,6,5,4,3,0,0,0,0,0,6,6,6,6,6,6,6,6,6,6,1,0,0,0,0,6,6,6,6,4,0,3,6,6,6,6,0,0,0,0,5,6,6,6,3,0,0,1,6,6,6,1,0,0,1.05,3,6,6,6,3,0,0,0,6,6,6,4,0,0,0,3,6,6,6,4,0,0,0,1,6,6,6,2,0,0,2,6,6,6,6,0,0,0,0,6,6,6,4,0,0,0,4,6,6,6,2,0,0,0,1,6,6,6,2,0,0,2,6,6,6,3,0,0,0,0,4,6,6,4,0,0,0,4,6,6,6,1,0,0,0,5,6,6,6,2,0,0,3,6,6,6,3,0,0,0,3,6,6,6,3,0,0,1,6,6,6,3,0,0,0,1,6,6,6,4,0,0,0,3,6,6,6,1,0,0,1,6,6,6,4,0,0,0,2,6,6,6,4,0,0,4,6,6,6,0,0,0,0,0,4,6,6,6,6,6,6,6,6,5,0,0,0,0,0,2,4,4,4,4,4,4,4,2,0,0,1,"mfeat-pixel","att60",0.9
0,0,0,0,1,2,3,3,2,2,2,1,0,0,0,0,0,3,5,6,6,6,6,6,6,6,6,3,0,0,0,3,6,6,6,6,6,6,6,6,6,6,6,3,0,0,3,6,6,5,1,0,0,0,3,6,6,6,5,2.65,0,3,6,6,4,0,0,0,0,0,6,6,6,6,3,0,3,6,6,6,0,0,0,0,0,1,6,6,6,3,0,4,6,6,6,0,0,0,0,0,5,6,6,6,3,2,6,6,6,3,0,0,0,0,0,6,6,6,6,3,0,6,6,4,0,0,0,0,0,0,6,6,6,6,3,2,6,6,5,0,0,0,0,0,0,6,6,6,6,3,3,6,6,4,0,0,0,0,0,0,6,6,6,6,3,3,6,6,6,5,0,0,0,0,3,6,6,6,6,3,0,6,6,6,6,5,2,4,6,6,6,6,6,6,3,2,6,6,6,6,6,6,6,6,6,6,6,6,6,2,0,3,5,6,6,6,6,6,6,6,4,4,3,1,0,0,0,0,2,2,2,3,3,2,0,0,0,0,0,0,1,"mfeat-pixel","att60",0.9
0,0,0,0,0,2,4,5,5,5,6,4,3,0,0,0,0,0,5,6,6,6,6,6,6,6,6,6,3,1,0,3,5,6,6,6,6,6,4,4,6,6,6,6,6,0,6,6,6,6,6,3,0,0,0,1,6,6,6,4.27,0,6,6,6,6,3,0,0,0,0,0,6,6,6,6,0,6,6,6,6,2,0,0,0,0,0,6,6,6,6,2,6,6,6,4,0,0,0,0,0,0,6,6,6,6,6,6,6,6,4,0,0,0,0,0,0,6,6,6,6,6,6,6,6,5,0,0,0,0,0,0,6,6,6,6,3,6,6,6,0,0,0,0,0,0,0,3,6,6,5,3,6,6,6,0,0,0,0,0,0,0,5,6,6,3,0,6,6,6,0,0,0,0,0,0,0,6,6,6,3,0,6,6,6,5,1,0,0,0,1,5,6,6,6,3,0,4,6,6,6,5,2,2,2,5,6,6,6,6,1,0,0,6,6,6,6,6,6,6,6,6,6,5,1,0,0,0,3,4,4,4,4,4,4,4,4,3,0,0,0,1,"mfeat-pixel","att60",0.9
0,0,0,0,0,1,5,5,4,6,4,4,6,4,1,0,0,0,0,0,5,6,6,6,6,6,6,6,6,3,0,0,0,0,5,6,6,5,2,2,3,5,6,6,3,0,0,0,3,6,6,4,0,0,0,0,1,6,6,1.71,0,0,0,5,6,6,2,0,0,0,0,3,6,6,3,0,0,1,6,6,6,0,0,0,0,0,6,6,6,0,0,0,5,6,6,2,0,0,0,0,0,6,6,6,0,0,2,6,6,6,0,0,0,0,0,2,6,6,5,0,0,3,6,6,3,0,0,0,0,0,4,6,6,3,0,0,1,6,6,1,0,0,0,0,1,6,6,6,0,0,0,3,6,3,0,0,0,0,0,5,6,6,4,0,0,1,6,6,3,0,0,0,0,1,6,6,5,0,0,0,3,6,6,3,0,0,0,1,6,6,5,0,0,0,0,6,6,6,5,2,3,4,6,6,6,3,0,0,0,0,6,6,6,6,6,6,6,6,6,5,0,0,0,0,0,3,4,4,4,4,4,4,4,3,0,0,0,0,0,0,1,"mfeat-pixel","att60",0.9
0,3,6,6,6,6,6,6,6,6,6,3,0,0,0,2,6,6,6,6,5,4,5,6,6,6,6,5,1,0,5,6,6,6,6,0,0,0,1,6,6,6,6,6,0,3,6,6,6,6,0,0,0,0,6,6,6,6,6,0.96,6,6,6,6,6,0,0,0,0,6,6,6,6,6,0,2,6,6,6,6,0,0,0,0,2,6,6,6,6,3,0,6,6,6,6,3,0,0,0,0,6,6,6,6,3,4,6,6,6,6,2,0,0,0,1,6,6,6,6,3,6,6,6,6,5,0,0,0,0,3,6,6,6,6,1,5,6,5,2,0,0,0,0,0,0,6,6,6,6,0,3,6,5,2,1,0,0,0,0,0,6,6,6,6,2,3,6,6,6,6,2,0,0,0,0,6,6,6,6,6,0,6,6,6,6,1,0,0,0,0,6,6,6,6,6,0,6,6,6,6,6,4,4,4,5,6,6,6,6,5,0,1,5,6,6,6,6,6,6,6,6,6,6,3,0,0,0,0,2,4,4,4,4,4,4,4,4,3,0,0,1,"mfeat-pixel","att60",0.9
0,0,3,6,6,5,3,1,0,0,0,0,0,0,0,0,0,6,6,6,6,6,6,6,3,0,0,0,0,0,0,5,6,6,3,2,5,6,6,6,5,0,0,0,0,2,6,6,6,3,0,0,5,6,6,6,0,0,0,-0.99,1,6,6,6,6,3,0,1,6,6,6,1,0,0,0,0,6,6,6,6,5,1,0,6,6,6,6,4,1,0,0,6,6,6,6,6,3,0,1,2,6,6,6,1,0,0,6,6,6,6,6,3,0,0,3,6,6,6,3,0,0,3,6,6,6,6,2,0,3,6,6,6,6,3,0,0,6,6,6,6,6,1,0,1,5,6,6,6,3,0,0,6,6,6,6,6,1,0,0,3,6,6,6,6,0,0,1,5,6,6,6,0,0,0,3,6,6,6,6,1,0,0,4,6,6,6,0,0,0,0,4,6,6,6,3,0,0,6,6,6,6,5,1,0,3,6,6,6,6,3,0,0,5,6,6,6,6,6,6,6,6,6,6,6,1,0,0,0,0,0,3,4,4,4,4,4,4,4,4,0,1,"mfeat-pixel","att60",0.9
0,0,3,6,6,6,6,6,6,5,4,3,0,0,0,0,3,6,6,6,6,6,6,6,6,6,6,1,0,0,2,6,6,6,6,4,2,2,2,5,6,6,5,1,0,4,6,6,6,1,0,0,0,0,3,6,6,6,2,1.73,6,6,6,6,5,1,0,0,0,1,5,6,6,2,0,3,6,6,6,6,3,0,0,0,0,5,6,6,6,2,4,6,6,6,3,0,0,0,0,0,3,6,6,6,2,6,6,6,6,0,0,0,0,0,0,0,6,6,6,2,6,6,6,6,0,0,0,0,0,0,0,6,6,6,3,6,6,6,6,0,0,0,0,0,0,3,6,6,6,0,6,6,6,6,0,0,0,0,0,3,6,6,6,6,0,6,6,6,6,0,0,0,0,0,5,6,6,6,4,0,6,6,6,6,0,0,0,0,4,6,6,6,6,0,0,6,6,6,6,3,2,2,5,6,6,6,6,5,0,0,6,6,6,6,6,6,6,6,6,6,6,5,1,0,0,3,4,4,4,4,4,4,4,4,4,3,0,0,0,0,1,"mfeat-pixel","att60",0.9
0,0,0,3,6,5,4,2,0,0,0,0,0,0,0,0,0,4,6,6,6,6,6,6,4,1,0,0,0,0,0,4,6,6,6,6,6,6,6,6,6,5,0,0,0,0,6,6,6,5,3,2,3,6,6,6,6,3,0,0.6,3,6,6,6,0,0,0,0,2,6,6,6,6,2,0,1,6,6,6,3,0,0,0,0,3,6,6,6,6,0,0,6,6,6,5,0,0,0,0,0,1,6,6,6,0,0,6,6,6,4,0,0,0,0,0,0,6,6,6,0,0,6,6,6,6,3,0,0,0,0,0,6,6,6,3,0,6,6,6,6,4,0,0,0,0,0,6,6,6,1,0,5,6,6,6,5,0,0,0,0,1,6,6,6,3,0,1,6,6,6,5,0,0,0,0,5,6,6,6,1,0,3,6,6,6,6,0,0,0,0,4,6,6,6,0,0,0,6,6,6,6,3,2,2,5,6,6,6,2,0,0,0,3,6,6,6,6,6,6,6,6,6,3,0,0,0,0,0,3,4,4,4,4,4,4,3,1,0,0,0,1,"mfeat-pixel","att60",0.9
0,3,6,6,6,6,6,6,6,6,6,6,5,0,0,3,6,6,6,6,6,6,6,6,6,6,6,6,1,0,3,6,6,5,1,0,0,3,5,6,6,6,6,5,0,4,6,6,3,0,0,0,0,0,1,5,6,6,6,0.1,5,6,6,3,0,0,0,0,0,0,3,6,6,6,3,3,6,6,3,0,0,0,0,0,0,3,6,6,6,3,3,6,6,3,0,0,0,0,0,0,3,6,6,6,3,3,6,6,4,0,0,0,0,0,0,3,6,6,6,3,3,6,6,6,2,0,0,0,0,0,2,6,6,6,3,3,6,6,6,3,0,0,0,0,0,0,4,6,6,3,3,6,6,6,3,0,0,0,0,0,0,4,6,6,3,1,6,6,6,3,0,0,0,0,0,3,6,6,6,3,0,6,6,6,4,0,0,0,0,2,6,6,6,6,3,0,5,6,6,6,3,0,0,0,4,6,6,6,6,1,0,0,3,6,6,6,5,4,5,6,6,6,6,5,0,0,0,0,2,4,4,4,4,4,4,4,4,3,0,0,1,"mfeat-pixel","att60",0.9
0,1,5,6,6,6,6,5,4,2,0,0,0,0,0,0,5,6,6,6,5,5,6,6,6,6,5,1,0,0,0,6,6,6,6,0,0,2,5,6,6,6,6,0,0,0,6,6,6,6,3,0,0,0,5,6,6,6,2,-2.5,1,6,6,6,6,0,0,0,0,1,5,6,6,3,0,3,6,6,6,6,3,0,0,0,0,0,4,6,6,1,0,6,6,6,6,4,0,0,0,0,0,5,6,6,5,0,5,6,6,6,6,0,0,0,0,0,5,6,6,4,0,1,6,6,6,3,0,0,0,0,0,1,6,6,2,0,0,6,6,6,6,0,0,0,0,0,4,6,6,0,0,0,5,6,6,6,1,0,0,0,0,6,6,6,3,0,0,1,6,6,6,3,0,0,0,0,4,6,6,3,0,0,0,6,6,6,3,0,0,0,0,4,6,6,4,0,0,0,2,6,6,6,1,0,2,3,6,6,6,6,0,0,0,0,6,6,6,6,6,6,6,6,6,6,3,0,0,0,0,3,4,4,4,4,4,3,1,0,0,0,1,"mfeat-pixel","att60",0.9
0,0,0,0,3,4,6,6,6,4,4,3,0,0,0,0,0,0,5,6,6,6,6,6,6,6,6,5,1,0,0,0,2,6,6,6,6,4,4,5,6,6,6,5,0,0,0,6,6,6,6,1,0,0,0,6,6,6,6,0.89,0,3,6,6,6,4,0,0,0,0,6,6,6,6,0,2,6,6,6,6,0,0,0,0,0,5,6,6,6,0,3,6,6,6,3,0,0,0,0,0,1,6,6,6,1,5,6,6,6,3,0,0,0,0,0,0,6,6,6,5,4,6,6,6,3,0,0,0,0,0,0,6,6,6,6,3,6,6,6,3,0,0,0,0,0,2,6,6,6,5,1,6,6,6,1,0,0,0,0,0,6,6,6,6,1,4,6,6,6,0,0,0,0,0,0,6,6,6,6,0,5,6,6,6,4,0,0,0,0,4,6,6,6,5,0,1,6,6,6,6,1,1,3,5,6,6,6,5,1,0,0,5,6,6,6,6,6,6,6,6,6,3,0,0,0,0,1,4,4,4,4,4,4,4,3,0,0,0,0,0,1,"mfeat-pixel","att60",0.9
0,0,0,1,2,4,6,4,4,1,0,0,0,0,0,0,0,3,6,6,6,6,6,6,6,3,0,0,0,0,0,5,6,6,6,6,6,6,6,6,6,4,0,0,0,3,6,6,6,6,1,0,3,6,6,6,6,0,0,-1.35,1,6,6,6,6,1,0,0,6,6,6,6,1,0,0,0,6,6,6,6,3,0,0,5,6,6,6,5,0,0,0,6,6,6,6,3,0,0,0,5,6,6,6,0,0,0,6,6,6,6,0,0,0,0,5,6,6,6,2,0,0,4,6,6,6,0,0,0,0,6,6,6,6,3,0,0,5,6,6,6,0,0,0,3,6,6,6,6,3,0,0,6,6,6,6,3,0,0,1,6,6,6,6,3,0,0,4,6,6,6,5,1,0,0,5,6,6,6,6,1,0,3,6,6,6,6,4,0,0,3,6,6,6,6,3,0,0,6,6,6,6,6,5,4,6,6,6,6,5,0,0,0,1,5,6,6,6,6,6,6,6,6,6,1,0,0,0,0,0,2,4,4,4,4,4,4,4,1,0,0,1,"mfeat-pixel","att60",0.9
0,0,3,4,6,5,4,4,4,2,0,0,0,0,0,0,4,6,6,6,6,6,6,6,6,6,3,0,0,0,0,6,6,6,6,6,6,6,6,6,6,6,3,1,0,0,6,6,6,6,6,3,3,6,6,6,6,6,6,2.05,0,6,6,6,6,4,0,0,2,6,6,6,6,6,0,0,6,6,6,6,3,0,0,0,4,6,6,6,6,2,2,6,6,6,6,3,0,0,0,3,6,6,6,6,6,2,6,6,6,6,5,0,0,0,3,6,6,6,6,4,0,6,6,6,6,5,0,0,0,3,6,6,6,6,0,2,6,6,6,6,3,0,0,0,3,6,6,6,6,0,5,6,6,6,6,3,0,0,0,3,6,6,6,6,0,1,6,6,6,6,3,0,0,0,3,6,6,6,6,0,0,6,6,6,6,4,0,0,0,4,6,6,6,6,0,0,5,6,6,6,6,6,5,5,6,6,6,6,1,0,0,1,5,6,6,6,6,6,6,6,6,5,1,0,0,0,0,0,1,3,4,4,4,4,4,3,0,0,0,0,1,"mfeat-pixel","att60",0.9
0,0,2,6,6,6,4,4,6,6,5,0,0,0,0,0,0,3,6,6,6,6,6,6,6,6,4,0,0,0,0,0,5,6,6,6,3,3,6,6,6,6,1,0,0,0,0,6,6,6,6,0,0,1,5,6,6,5,0,0.98,0,0,6,6,6,6,0,0,0,1,5,6,6,4,0,0,0,4,6,6,6,0,0,0,0,0,6,6,6,4,0,0,4,6,6,2,0,0,0,0,0,6,6,6,6,0,0,6,6,6,0,0,0,0,0,0,6,6,6,6,0,0,6,6,6,0,0,0,0,0,0,6,6,6,6,0,0,6,6,6,2,0,0,0,0,0,6,6,6,6,0,4,6,6,6,2,0,0,0,0,2,6,6,6,4,0,6,6,6,6,0,0,0,0,0,6,6,6,6,0,0,6,6,6,6,0,0,0,0,1,6,6,6,6,0,1,6,6,6,6,1,0,0,3,6,6,6,6,4,0,3,6,6,6,6,6,6,6,6,6,6,6,4,0,0,0,3,4,4,4,4,4,4,4,4,4,3,0,0,0,1,"mfeat-pixel","att60",0.9
0,0,0,0,2,4,4,4,4,4,2,2,2,1,0,0,0,0,2,6,6,6,6,6,6,6,6,6,6,2,0,0,0,0,6,6,6,6,6,6,6,6,6,6,3,0,0,0,0,6,6,6,5,1,1,5,6,6,6,4.09,0,0,0,5,6,6,6,5,0,0,3,6,6,6,3,0,0,0,6,6,6,6,6,0,0,3,6,6,6,3,0,0,1,6,6,6,6,1,0,0,3,6,6,6,3,0,0,3,6,6,6,5,0,0,0,4,6,6,6,3,0,0,5,6,6,6,0,0,0,2,6,6,6,6,3,0,3,6,6,6,4,0,0,0,3,6,6,6,6,3,0,1,6,6,6,2,0,0,0,3,6,6,6,6,3,0,2,6,6,6,0,0,0,0,3,6,6,6,6,2,0,4,6,6,6,0,0,0,1,5,6,6,6,3,0,2,6,6,6,6,3,0,3,6,6,6,6,3,0,0,1,6,6,6,6,6,6,6,6,6,6,3,0,0,0,0,1,2,3,4,4,4,4,4,4,2,0,0,0,0,1,"mfeat-pixel","att60",0.9
0,0,0,2,4,4,4,4,4,3,2,0,0,0,0,0,0,5,6,6,6,4,5,6,6,6,5,1,0,0,0,3,6,6,6,1,0,0,4,6,6,6,6,0,0,0,4,6,6,6,1,0,0,2,6,6,6,6,2,-1.48,2,6,6,6,6,5,0,0,0,1,6,6,6,3,0,3,6,6,6,6,6,3,0,0,0,4,6,6,3,0,3,6,6,6,6,6,3,0,0,0,3,6,6,4,0,3,6,6,6,6,6,3,0,0,0,5,6,6,5,0,3,6,6,6,6,6,2,0,0,0,5,6,6,3,0,3,6,6,6,6,4,0,0,0,0,1,6,6,5,0,0,6,6,6,6,6,0,0,0,0,2,6,6,6,1,0,6,6,6,6,5,0,0,0,0,6,6,6,6,2,0,6,6,6,4,0,0,0,0,1,6,6,6,4,0,2,6,6,6,5,1,0,1,4,6,6,6,6,0,0,0,4,6,6,6,6,6,6,6,6,6,6,5,0,0,0,1,2,2,3,4,4,4,4,3,2,1,0,0,0,1,"mfeat-pixel","att60",0.9
0,0,0,0,1,4,4,4,4,5,6,3,0,0,0,0,0,0,0,4,6,6,6,6,6,6,6,5,1,0,0,0,1,5,6,6,6,6,4,5,6,6,6,5,1,0,0,6,6,6,6,6,1,0,0,4,6,6,6,4.37,0,4,6,6,6,3,1,0,0,0,3,6,6,6,6,0,6,6,6,6,0,0,0,0,0,3,6,6,6,3,0,6,6,6,4,0,0,0,0,0,3,6,6,6,2,4,6,6,6,3,0,0,0,0,0,4,6,6,6,1,5,6,6,6,3,0,0,0,0,0,6,6,6,6,3,3,6,6,6,3,0,0,0,0,0,6,6,6,6,1,6,6,6,6,3,0,0,0,0,2,6,6,6,6,0,6,6,6,6,3,0,0,0,1,5,6,6,6,2,0,6,6,6,6,3,0,0,0,6,6,6,6,5,0,0,2,6,6,6,6,4,4,5,6,6,6,3,0,0,0,0,1,5,6,6,6,6,6,6,5,1,0,0,0,0,0,0,0,2,4,4,4,4,4,1,0,0,0,0,0,1,"mfeat-pixel","att60",0.9
0,0,3,4,4,5,6,6,6,5,4,3,0,0,0,0,2,6,6,6,6,6,6,6,6,6,6,2,0,0,0,6,6,6,6,4,2,2,5,6,6,6,6,1,0,4,6,6,6,1,0,0,0,0,3,6,6,6,5,2.31,6,6,6,6,0,0,0,0,0,0,4,6,6,6,0,5,6,6,3,0,0,0,0,0,0,4,6,6,6,0,3,6,6,5,0,0,0,0,0,0,2,6,6,6,0,1,6,6,6,0,0,0,0,0,0,3,6,6,6,2,0,6,6,6,5,0,0,0,0,3,6,6,6,6,2,0,4,6,6,3,0,0,0,0,2,6,6,6,6,1,0,5,6,6,1,0,0,0,0,0,4,6,6,6,5,0,6,6,6,5,0,0,0,0,2,6,6,6,6,2,0,4,6,6,4,0,0,0,0,1,6,6,6,4,0,0,5,6,6,6,4,0,2,4,6,6,6,6,0,0,0,2,6,6,6,6,6,6,6,6,6,6,2,0,0,0,0,3,4,4,4,4,4,4,4,4,3,0,0,0,1,"mfeat-pixel","att60",0.9
0,0,0,2,4,4,4,1,0,0,0,0,0,0,0,1,4,6,6,6,6,6,6,5,3,1,0,0,0,0,3,6,6,6,6,6,6,6,6,6,6,5,0,0,0,3,6,6,6,6,5,2,5,6,6,6,6,0,0,-0.05,3,6,6,6,4,0,0,0,6,6,6,6,2,0,0,3,6,6,4,0,0,0,0,6,6,6,6,1,0,0,3,6,6,5,1,0,0,0,3,6,6,6,5,1,0,3,6,6,6,6,0,0,0,3,6,6,6,6,3,0,1,6,6,6,6,0,0,0,3,6,6,6,6,3,0,0,3,6,6,6,5,1,0,0,3,6,6,6,3,0,0,3,6,6,6,6,3,0,0,0,6,6,6,4,0,0,3,6,6,6,6,3,0,0,0,6,6,6,6,2,0,3,6,6,6,6,3,0,0,0,6,6,6,6,2,0,0,3,6,6,6,6,3,2,5,6,6,6,4,0,0,0,0,2,4,6,6,6,6,6,6,6,6,2,0,0,0,0,0,0,0,2,2,2,3,4,2,0,0,0,1,"mfeat-pixel","att60",0.9
0,0,0,1,4,4,4,4,4,4,4,3,1,0,0,0,0,3,6,6,6,6,6,6,6,6,6,3,0,0,0,2,6,6,6,5,2,3,6,6,6,6,3,0,0,0,3,6,6,6,0,0,0,1,5,6,6,5,1,0.35,0,5,6,6,6,0,0,0,0,3,6,6,6,6,0,3,6,6,6,6,0,0,0,0,1,6,6,6,3,0,3,6,6,6,4,0,0,0,0,0,6,6,6,3,0,3,6,6,6,0,0,0,0,0,0,6,6,6,6,1,0,5,6,6,2,0,0,0,0,0,3,6,6,6,3,0,3,6,6,6,0,0,0,0,0,4,6,6,6,3,0,3,6,6,6,0,0,0,0,0,6,6,6,6,3,0,3,6,6,6,0,0,0,0,1,6,6,6,5,0,0,3,6,6,6,0,0,0,2,6,6,6,6,3,0,0,0,5,6,6,5,2,3,6,6,6,6,6,2,0,0,0,5,6,6,6,6,6,6,6,6,6,4,0,0,0,0,1,3,4,4,4,4,4,4,4,4,2,0,0,1,"mfeat-pixel","att60",0.9
0,1,4,4,4,4,4,4,4,4,4,1,0,0,0,0,3,6,6,6,6,6,6,6,6,6,6,4,3,0,0,3,6,6,6,5,1,0,1,5,6,6,6,6,3,0,6,6,6,6,1,0,0,0,0,6,6,6,6,0.56,0,3,6,6,4,0,0,0,0,0,6,6,6,6,3,0,2,6,6,6,2,0,0,0,0,3,6,6,6,3,0,0,6,6,6,3,0,0,0,0,1,6,6,6,3,0,3,6,6,6,4,0,0,0,0,0,6,6,6,3,0,3,6,6,6,5,0,0,0,0,0,6,6,6,3,0,3,6,6,6,2,0,0,0,0,0,1,6,6,3,0,3,6,6,6,1,0,0,0,0,0,5,6,6,3,0,3,6,6,6,5,1,0,0,0,0,4,6,6,3,0,3,6,6,6,6,6,3,0,1,5,6,6,6,3,0,0,5,6,6,6,6,6,6,6,6,6,6,6,1,0,0,0,1,2,3,6,6,6,6,6,6,4,2,0,0,0,0,0,0,0,1,2,2,2,4,1,0,0,0,1,"mfeat-pixel","att60",0.9
0,0,0,0,0,0,2,3,4,4,4,1,0,0,0,0,0,0,2,4,6,6,6,6,6,6,6,3,0,0,0,0,3,6,6,6,3,0,3,6,6,6,6,3,0,0,0,3,6,6,6,0,0,0,2,6,6,6,3,3.56,0,1,6,6,6,6,3,0,0,1,6,6,6,4,0,0,1,6,6,6,6,0,0,0,3,6,6,6,6,0,0,2,6,6,6,6,0,0,0,3,6,6,6,1,0,0,3,6,6,6,4,0,0,0,5,6,6,6,2,0,0,4,6,6,6,4,0,0,0,3,6,6,6,3,0,0,6,6,6,6,5,0,0,0,5,6,6,6,3,0,0,6,6,6,5,1,0,0,1,6,6,6,4,0,0,2,6,6,6,4,0,0,0,5,6,6,6,1,0,0,1,6,6,6,6,0,0,0,6,6,6,6,3,0,0,0,6,6,6,6,5,2,5,6,6,6,6,3,0,0,0,2,5,6,6,6,6,6,6,6,4,2,0,0,0,0,0,0,3,4,4,3,2,2,0,0,0,0,0,0,1,"mfeat-pixel","att60",0.9
0,1,2,2,4,4,4,4,4,3,1,0,0,0,0,0,5,6,6,6,6,6,6,6,6,6,5,3,1,0,0,3,6,6,6,6,6,5,5,6,6,6,6,4,0,0,3,6,6,6,6,3,0,0,4,6,6,6,6,-1.19,0,4,6,6,6,1,0,0,0,5,6,6,6,4,0,2,6,6,6,6,0,0,0,0,0,6,6,6,5,0,1,6,6,6,6,0,0,0,0,0,6,6,6,6,3,0,3,6,6,6,3,0,0,0,0,6,6,6,6,3,0,3,6,6,6,6,3,0,0,0,6,6,6,6,3,0,5,6,6,6,5,1,0,0,0,3,6,6,6,3,2,6,6,6,6,1,0,0,0,0,6,6,6,6,3,0,4,6,6,6,3,0,0,0,0,6,6,6,6,3,0,3,6,6,6,6,2,0,0,0,6,6,6,6,3,0,2,6,6,6,6,6,3,2,5,6,6,6,6,3,0,0,1,5,6,6,6,6,6,6,6,6,6,6,2,0,0,0,0,3,4,4,4,4,4,4,4,3,1,0,1,"mfeat-pixel","att60",0.9
0,3,6,6,6,6,6,6,5,1,0,0,0,0,0,0,6,6,6,6,6,6,6,6,5,1,0,0,0,0,0,6,6,6,6,5,3,6,6,6,6,0,0,0,0,2,6,6,6,5,1,0,3,6,6,6,4,0,0,-0.17,6,6,6,6,0,0,0,2,6,6,6,6,0,0,0,5,6,6,6,0,0,0,0,4,6,6,6,1,0,0,1,6,6,6,0,0,0,0,1,6,6,6,5,0,0,2,6,6,6,0,0,0,0,0,3,6,6,6,0,0,6,6,6,6,0,0,0,0,0,3,6,6,6,0,0,2,6,6,6,0,0,0,0,0,3,6,6,6,4,0,0,6,6,6,0,0,0,0,0,3,6,6,6,6,2,2,6,6,6,0,0,0,0,0,5,6,6,6,6,2,3,6,6,6,0,0,0,0,3,6,6,6,6,3,0,2,6,6,6,5,4,4,4,6,6,6,6,6,0,0,0,5,6,6,6,6,6,6,6,6,6,6,5,0,0,0,0,3,4,4,4,4,4,4,4,4,3,0,0,0,1,"mfeat-pixel","att60",0.9
0,0,0,0,0,1,3,6,6,6,4,3,0,0,0,0,0,3,4,6,6,6,6,6,6,6,6,2,0,0,1,5,6,6,5,4,2,2,5,6,6,6,6,0,0,3,6,6,6,0,0,0,0,0,4,6,6,6,2,-0.63,3,6,6,6,0,0,0,0,0,3,6,6,6,6,0,3,6,6,6,0,0,0,0,0,1,6,6,6,6,0,3,6,6,6,2,0,0,0,0,0,6,6,6,6,0,3,6,6,6,3,0,0,0,0,0,6,6,6,6,2,2,6,6,6,3,0,0,0,0,0,6,6,6,6,1,0,6,6,6,5,0,0,0,0,0,6,6,6,6,0,0,6,6,6,6,0,0,0,0,0,6,6,6,6,0,0,4,6,6,6,0,0,0,0,2,6,6,6,6,0,0,0,6,6,6,2,0,0,0,3,6,6,6,6,0,0,0,4,6,6,6,3,1,0,4,6,6,6,4,0,0,0,2,6,6,6,6,6,6,6,6,6,5,0,0,0,0,0,1,4,4,4,4,4,4,4,3,0,0,0,1,"mfeat-pixel","att60",0.9
0,0,0,0,0,0,2,2,2,4,6,4,2,0,0,0,0,0,0,1,5,6,6,6,6,6,6,6,5,1,0,0,0,1,5,6,6,6,6,6,6,6,6,6,4,0,0,1,5,6,6,6,5,2,5,6,6,6,6,5.24,0,0,5,6,6,6,3,0,0,0,4,6,6,6,6,0,3,6,6,6,6,0,0,0,0,3,6,6,6,6,0,5,6,6,6,2,0,0,0,0,3,6,6,6,6,3,6,6,6,3,0,0,0,0,0,3,6,6,6,6,4,6,6,6,3,0,0,0,0,0,3,6,6,6,3,6,6,6,6,4,0,0,0,0,0,4,6,6,6,3,3,6,6,6,6,2,0,0,0,0,6,6,6,6,4,3,6,6,6,6,3,0,0,0,0,4,6,6,6,6,3,6,6,6,6,5,2,2,2,5,6,6,6,6,3,2,6,6,6,6,6,6,6,6,6,6,6,6,6,3,0,4,6,6,6,6,6,6,6,6,6,6,6,5,1,0,0,3,4,4,4,4,4,4,4,4,2,2,0,0,1,"mfeat-pixel","att60",0.9
0,0,0,1,5,6,6,6,5,4,1,0,0,0,0,0,0,3,6,6,6,6,6,6,6,6,5,1,0,0,0,4,6,6,6,6,4,4,6,6,6,6,6,2,0,2,6,6,6,6,3,0,0,1,6,6,6,6,3,3.38,3,6,6,6,5,0,0,0,0,3,6,6,6,3,0,3,6,6,6,3,0,0,0,0,3,6,6,6,6,0,3,6,6,6,4,0,0,0,0,3,6,6,6,6,1,3,6,6,6,6,2,0,0,0,2,6,6,6,6,3,3,6,6,6,6,1,0,0,0,0,4,6,6,6,3,3,6,6,6,6,0,0,0,0,0,3,6,6,6,4,3,6,6,6,6,3,0,0,0,0,3,6,6,6,6,3,6,6,6,6,6,1,0,0,0,5,6,6,6,4,0,5,6,6,6,6,4,0,0,4,6,6,6,6,2,0,2,6,6,6,6,6,6,6,6,6,6,6,3,0,0,0,1,5,6,6,6,6,6,6,6,6,3,0,0,0,0,0,0,1,4,4,4,4,2,2,1,0,0,0,1,"mfeat-pixel","att60",0.9
0,0,0,0,1,3,6,6,6,3,0,0,0,0,0,0,0,3,4,6,6,6,6,6,6,3,0,0,0,0,0,2,6,6,6,6,6,6,6,6,5,1,0,0,0,0,6,6,6,6,6,6,6,6,6,6,6,3,0,-0.69,2,6,6,6,6,4,0,1,6,6,6,6,6,3,0,6,6,6,6,6,3,0,0,6,6,6,6,6,0,0,6,6,6,6,6,1,0,0,6,6,6,6,6,2,0,5,6,6,6,6,0,0,0,1,5,6,6,6,6,0,3,6,6,6,4,0,0,0,0,3,6,6,6,6,0,6,6,6,6,6,1,0,0,0,3,6,6,6,6,3,6,6,6,6,6,5,1,0,0,3,6,6,6,6,1,5,6,6,6,6,6,6,2,3,6,6,6,6,6,0,1,6,6,6,6,6,6,6,6,6,6,6,6,6,0,0,2,6,6,6,6,6,6,6,6,6,6,5,1,0,0,0,3,4,6,6,6,6,6,6,6,4,0,0,0,0,0,0,0,1,3,4,4,4,4,2,0,0,0,0,1,"mfeat-pixel","att60",0.9
0,0,3,4,4,4,4,4,4,4,4,4,2,0,0,1,5,6,6,6,6,5,4,5,6,6,6,6,1,0,3,6,6,6,6,3,0,0,0,1,5,6,6,3,0,3,6,6,6,6,0,0,0,0,0,5,6,6,3,1.51,1,6,6,6,6,0,0,0,0,0,6,6,6,3,0,0,6,6,6,6,0,0,0,0,0,3,6,6,3,0,0,5,6,6,6,0,0,0,0,0,3,6,6,5,0,0,5,6,6,6,0,0,0,0,0,6,6,6,5,0,0,6,6,6,6,0,0,0,0,0,6,6,6,3,0,0,6,6,6,6,0,0,0,0,0,6,6,6,3,0,0,5,6,6,6,0,0,0,0,2,6,6,6,3,0,0,3,6,6,3,0,0,0,0,3,6,6,6,0,0,0,3,6,6,6,0,0,0,0,6,6,6,6,0,0,0,3,6,6,6,3,0,0,3,6,6,6,3,0,0,0,3,6,6,6,6,6,6,6,6,6,3,0,0,0,0,1,2,2,2,3,3,3,3,2,1,0,0,0,0,1,"mfeat-pixel","att60",0.9
0,5,5,4,6,6,6,4,4,2,0,0,0,0,0,2,6,6,6,6,6,6,6,6,6,5,0,0,0,0,6,6,6,6,4,0,1,5,6,6,6,1,0,0,0,6,6,6,6,1,0,0,1,6,6,6,6,2,0,0.81,6,6,6,6,0,0,0,0,6,6,6,6,5,1,0,6,6,6,6,0,0,0,0,5,6,6,6,6,1,0,6,6,6,6,5,0,0,0,0,4,6,6,6,5,0,6,6,6,6,3,0,0,0,0,3,6,6,6,6,1,6,6,6,6,5,0,0,0,0,3,6,6,6,6,5,6,6,6,6,3,0,0,0,0,1,5,6,6,6,6,4,6,6,6,4,0,0,0,0,0,4,6,6,6,6,0,6,6,6,6,3,0,0,0,0,4,6,6,6,6,0,6,6,6,6,3,0,0,0,1,5,6,6,6,6,0,6,6,6,6,6,3,1,0,4,6,6,6,6,5,0,1,5,6,6,6,6,6,6,6,6,6,6,6,1,0,0,1,4,4,4,4,4,4,4,4,4,4,3,0,1,"mfeat-pixel","att60",0.9
0,0,3,4,6,6,6,6,3,0,0,0,0,0,0,0,0,6,6,6,6,6,6,6,6,6,4,1,0,0,0,4,6,6,6,6,6,6,6,6,6,6,6,0,0,1,6,6,6,6,4,0,0,3,6,6,6,6,2,1.63,3,6,6,6,6,3,0,0,0,6,6,6,6,6,0,3,6,6,6,6,3,0,0,0,5,6,6,6,6,3,2,6,6,6,6,4,0,0,0,3,6,6,6,6,3,0,6,6,6,6,6,0,0,0,3,6,6,6,6,5,0,6,6,6,6,3,0,0,0,3,6,6,6,6,1,0,3,6,6,6,3,0,0,0,6,6,6,6,6,4,0,6,6,6,6,3,0,0,0,3,6,6,6,6,6,0,6,6,6,6,3,0,0,0,3,6,6,6,6,6,3,6,6,6,6,6,1,0,0,1,6,6,6,6,6,0,3,5,6,6,6,6,4,5,6,6,6,6,6,2,0,0,0,4,6,6,6,6,6,6,6,6,4,1,0,0,0,0,0,3,4,4,4,4,2,0,0,0,0,0,1,"mfeat-pixel","att60",0.9
0,0,1,3,6,4,4,2,0,0,0,0,0,0,0,2,6,6,6,6,6,6,6,5,3,0,0,0,0,0,5,6,6,6,4,5,6,6,6,6,0,0,0,0,0,6,6,6,3,0,0,4,6,6,6,5,0,0,0,-0.65,6,6,6,5,0,0,2,6,6,6,6,5,0,0,0,6,6,6,6,0,0,0,1,5,6,6,6,3,0,0,6,6,6,6,0,0,0,0,1,6,6,6,6,1,0,4,6,6,6,1,0,0,0,0,6,6,6,6,3,0,3,6,6,6,5,0,0,0,0,6,6,6,6,5,0,1,6,6,6,6,2,0,0,0,4,6,6,6,6,3,0,5,6,6,6,4,0,0,0,0,5,6,6,6,3,0,0,4,6,6,6,3,0,0,0,1,6,6,6,3,0,0,2,6,6,6,5,1,0,0,0,6,6,6,4,0,0,0,1,5,6,6,6,3,0,1,6,6,6,6,0,0,0,0,0,5,6,6,6,6,6,6,6,6,6,0,0,0,0,0,0,3,4,4,4,4,4,4,4,1,1,"mfeat-pixel","att60",0.9
0,0,0,0,1,5,6,6,6,4,6,6,6,3,0,0,0,5,6,6,6,6,6,6,6,6,6,6,6,0,0,0,6,6,6,6,5,2,2,5,6,6,6,6,2,0,2,6,6,6,4,0,0,0,1,6,6,6,6,1.68,1,6,6,6,6,0,0,0,0,3,6,6,6,6,0,3,6,6,6,6,0,0,0,0,0,6,6,6,6,0,3,6,6,6,6,3,0,0,0,0,6,6,6,6,3,3,6,6,6,6,0,0,0,0,0,6,6,6,6,3,6,6,6,6,6,0,0,0,0,0,6,6,6,6,0,6,6,6,6,6,0,0,0,0,2,6,6,6,6,3,6,6,6,6,6,0,0,0,0,2,6,6,6,6,1,6,6,6,6,6,0,0,0,0,1,6,6,6,6,2,3,6,6,6,6,0,0,0,0,5,6,6,6,2,0,3,6,6,6,6,5,4,4,5,6,6,6,6,1,0,1,5,6,6,6,6,6,6,6,6,6,6,6,2,0,0,0,3,4,4,4,4,4,4,4,4,2,0,0,0,1,"mfeat-pixel","att60",0.9
0,3,4,6,6,4,4,4,4,4,3,1,0,0,0,5,6,6,6,6,6,6,6,6,6,6,6,5,1,0,4,6,6,6,3,2,2,2,4,4,5,6,6,6,0,3,6,6,6,0,0,0,0,0,0,0,6,6,6,1.73,6,6,6,6,0,0,0,0,0,0,0,6,6,6,0,6,6,6,6,0,0,0,0,0,0,0,6,6,6,2,5,6,6,6,0,0,0,0,0,0,0,6,6,6,3,3,6,6,6,0,0,0,0,0,0,2,6,6,6,2,3,6,6,6,0,0,0,0,0,0,6,6,6,4,0,1,6,6,6,0,0,0,0,0,0,6,6,6,6,0,3,6,6,5,0,0,0,0,0,4,6,6,6,2,0,1,6,6,3,0,0,0,0,0,6,6,6,6,0,0,0,6,6,0,0,0,0,0,0,6,6,6,6,2,0,4,6,6,3,2,2,2,2,5,6,6,6,3,0,0,5,6,6,6,6,6,6,6,6,6,6,3,0,0,0,0,3,4,4,4,4,4,4,4,3,1,0,0,0,0,1,"mfeat-pixel","att60",0.9
0,0,0,2,2,2,2,2,4,4,4,2,2,1,0,0,0,1,6,6,6,6,6,6,6,6,6,6,6,2,0,2,6,6,6,6,5,1,0,3,6,6,6,6,3,0,3,6,6,6,6,2,0,0,0,6,6,6,6,2.31,0,3,6,6,6,1,0,0,0,0,6,6,6,4,0,0,6,6,6,6,0,0,0,0,0,6,6,6,4,0,0,5,6,6,1,0,0,0,0,0,6,6,6,6,2,0,4,6,6,5,0,0,0,0,0,1,5,6,6,3,0,6,6,6,6,1,0,0,0,0,0,5,6,6,3,0,6,6,6,6,5,0,0,0,0,0,6,6,6,3,0,3,6,6,6,0,0,0,0,0,0,6,6,6,3,0,3,6,6,6,0,0,0,0,0,0,6,6,6,3,0,3,6,6,6,2,0,0,0,0,0,6,6,6,3,0,3,6,6,6,5,1,0,0,2,5,6,6,6,2,0,2,6,6,6,6,6,4,6,6,6,6,6,4,0,0,0,0,2,4,4,4,4,4,3,2,4,3,1,0,1,"mfeat-pixel","att60",0.9
0,0,0,0,1,2,2,2,4,4,1,0,0,0,0,0,0,3,5,6,6,6,6,6,6,6,1,0,0,0,0,3,6,6,6,6,6,6,6,6,6,6,1,0,0,3,6,6,6,6,3,2,3,6,6,6,6,6,0,2.53,6,6,6,6,1,0,0,0,4,6,6,6,6,0,0,6,6,6,6,5,1,0,0,3,6,6,6,6,4,0,4,6,6,6,6,3,0,0,3,6,6,6,6,6,0,3,6,6,6,6,3,0,0,2,6,6,6,6,6,1,1,6,6,6,6,3,0,0,0,4,6,6,6,6,5,0,6,6,6,6,4,0,0,0,3,6,6,6,6,6,0,3,6,6,6,6,2,0,0,1,5,6,6,6,6,0,0,3,6,6,6,3,0,0,0,1,6,6,6,3,0,0,0,6,6,6,5,2,2,4,6,6,6,6,2,0,0,0,6,6,6,6,6,6,6,6,6,6,3,0,0,0,0,6,6,6,6,6,6,6,6,5,3,0,0,0,0,0,1,4,4,4,4,4,2,1,0,0,0,0,1,"mfeat-pixel","att60",0.9
0,0,0,0,0,1,4,4,4,4,4,4,3,0,0,0,0,0,0,5,6,6,6,6,6,6,6,6,2,0,0,0,0,5,6,6,6,6,4,5,6,6,6,4,0,0,0,2,6,6,6,5,1,0,0,3,6,6,6,0.84,0,0,6,6,6,4,0,0,0,0,0,1,6,6,3,0,1,6,6,6,3,0,0,0,0,1,5,6,6,2,0,3,6,6,5,0,0,0,0,0,2,6,6,4,0,0,3,6,6,3,0,0,0,0,0,0,4,6,5,0,0,4,6,6,6,0,0,0,0,0,3,6,6,6,3,0,6,6,6,4,0,0,0,0,0,4,6,6,6,3,0,6,6,6,5,0,0,0,0,0,6,6,6,6,3,2,6,6,6,6,2,0,0,0,0,3,6,6,6,2,0,6,6,6,6,0,0,0,0,1,5,6,6,3,0,2,6,6,6,6,5,2,2,4,6,6,6,4,0,0,0,5,6,6,6,6,6,6,6,6,5,4,2,0,0,0,1,4,4,4,4,4,4,4,1,0,0,0,0,0,1,"mfeat-pixel","att60",0.9
0,0,0,0,0,0,0,3,4,4,4,4,4,0,0,0,0,0,0,0,3,5,6,6,6,6,6,6,1,0,0,0,0,0,5,6,5,1,0,3,6,6,6,6,0,0,0,0,1,6,6,3,0,0,0,3,6,6,5,0.04,0,0,2,6,6,6,2,0,0,0,5,6,6,4,0,0,1,6,6,6,6,0,0,0,0,5,6,6,6,2,0,4,6,6,6,1,0,0,0,0,1,6,6,6,3,0,6,6,6,6,0,0,0,0,0,4,6,6,6,3,2,6,6,6,6,0,0,0,0,0,6,6,6,6,3,3,6,6,6,6,0,0,0,0,0,4,6,6,6,3,3,6,6,6,6,0,0,0,0,0,5,6,6,6,1,3,6,6,6,6,1,0,0,0,3,6,6,6,6,0,2,6,6,6,6,6,3,2,5,6,6,6,6,2,0,0,4,6,6,6,6,6,6,6,6,6,6,4,0,0,0,1,6,6,6,6,6,6,6,6,6,3,1,0,0,0,0,1,3,3,3,4,4,4,3,1,0,0,0,0,1,"mfeat-pixel","att60",0.9
0,0,1,3,6,6,6,6,6,6,6,6,5,0,0,0,3,6,6,5,4,4,4,5,6,6,6,6,0,0,0,6,6,6,0,0,0,0,0,6,6,6,6,2,0,0,6,6,6,0,0,0,0,0,4,6,6,6,6,2.89,3,6,6,6,0,0,0,0,0,0,6,6,6,5,1,5,6,6,6,0,0,0,0,0,2,6,6,6,5,0,6,6,6,5,0,0,0,0,0,1,6,6,6,5,0,6,6,6,3,0,0,0,0,0,1,6,6,6,3,0,6,6,6,5,0,0,0,0,0,3,6,6,6,5,0,5,6,6,1,0,0,0,0,0,3,6,6,6,2,0,4,6,6,4,0,0,0,0,0,5,6,6,5,0,0,4,6,6,6,0,0,0,0,2,6,6,6,1,0,0,0,6,6,6,0,0,0,0,6,6,6,6,3,0,0,0,4,6,6,5,2,2,5,6,6,6,6,0,0,0,0,0,5,6,6,6,6,6,6,6,4,1,0,0,0,0,0,0,3,4,4,4,4,3,1,0,0,0,0,0,1,"mfeat-pixel","att60",0.9
0,0,1,4,6,6,6,6,5,4,3,0,0,0,0,0,1,5,6,6,6,6,6,6,6,6,4,0,0,0,2,6,6,6,6,5,4,6,6,6,6,6,5,3,0,3,6,6,6,4,0,0,1,5,6,6,6,6,6,7.24,3,6,6,6,6,2,0,0,1,5,6,6,6,6,6,1,6,6,6,6,3,0,0,0,1,5,6,6,6,6,0,6,6,6,6,3,0,0,0,0,0,6,6,6,6,0,4,6,6,6,3,0,0,0,0,0,6,6,6,6,0,5,6,6,6,3,0,0,0,0,0,6,6,6,5,0,2,6,6,6,5,0,0,0,0,0,6,6,6,1,0,0,6,6,6,6,2,0,0,0,5,6,6,6,4,0,0,6,6,6,6,0,0,0,0,1,6,6,6,4,0,0,6,6,6,5,0,0,0,0,5,6,6,6,3,0,0,6,6,6,5,2,2,3,5,6,6,6,6,2,0,0,6,6,6,6,6,6,6,6,6,6,6,3,0,0,0,3,4,4,4,4,4,4,4,4,4,3,0,0,1,"mfeat-pixel","att60",0.9
0,0,0,0,3,6,6,5,1,0,0,0,0,0,0,0,0,0,5,6,6,6,6,6,3,0,0,0,0,0,0,0,5,6,6,6,6,6,6,6,3,0,0,0,0,0,0,3,6,6,6,6,6,6,6,6,5,0,0,-0.51,0,0,0,1,6,6,5,2,5,6,6,3,0,0,0,0,0,1,5,6,5,0,0,0,6,6,0,0,0,0,0,5,6,6,6,1,0,0,0,5,6,6,5,1,0,0,6,6,6,6,0,0,0,0,1,6,6,6,5,0,0,3,6,6,6,3,0,0,0,0,6,6,6,6,0,0,5,6,6,6,1,0,0,0,0,6,6,6,6,0,0,4,6,6,6,2,0,0,0,0,6,6,6,6,0,0,4,6,6,6,6,0,0,0,1,6,6,6,6,1,0,4,6,6,6,6,3,2,2,5,6,6,6,6,3,1,5,6,6,6,6,6,6,6,6,6,6,6,6,0,1,3,3,6,6,6,6,6,6,6,6,6,5,1,0,0,0,0,0,3,4,4,4,4,4,4,3,0,0,0,1,"mfeat-pixel","att60",0.9
0,0,0,0,0,2,4,5,6,6,6,6,6,3,0,0,0,0,0,5,6,6,6,6,6,6,6,6,6,5,0,0,0,4,6,6,6,6,3,2,3,6,6,6,4,0,0,0,6,6,6,6,3,0,0,0,6,6,6,-0.01,0,0,2,6,6,6,6,1,0,0,2,6,6,6,2,0,0,6,6,6,6,3,0,0,0,1,6,6,6,1,0,2,6,6,6,6,3,0,0,0,1,6,6,6,2,0,6,6,6,6,6,1,0,0,2,6,6,6,6,3,1,6,6,6,6,2,0,0,0,0,4,6,6,6,3,2,6,6,6,1,0,0,0,0,1,5,6,6,6,1,0,6,6,6,0,0,0,0,0,3,6,6,6,2,0,4,6,6,6,0,0,0,0,2,5,6,6,6,0,0,6,6,6,6,0,0,0,3,6,6,6,6,6,0,0,3,6,6,6,3,2,2,5,6,6,6,6,2,0,0,2,6,6,6,6,6,6,6,6,6,5,1,0,0,0,0,3,4,4,4,4,4,4,4,3,0,0,0,0,0,1,"mfeat-pixel","att60",0.9
0,0,0,0,3,5,6,4,4,4,3,1,0,0,0,0,0,0,3,6,6,6,6,6,6,6,6,2,0,0,0,0,4,6,6,6,6,6,6,6,6,6,4,0,0,0,2,6,6,6,4,0,0,0,4,6,6,6,5,2.03,0,3,6,6,3,0,0,0,0,3,6,6,6,6,0,3,6,6,6,1,0,0,0,0,2,6,6,6,6,0,3,6,6,6,6,2,0,0,0,0,4,6,6,6,0,3,6,6,6,3,0,0,0,0,3,6,6,6,6,0,3,6,6,6,0,0,0,0,0,3,6,6,6,6,0,0,6,6,6,0,0,0,0,0,3,6,6,6,6,3,1,6,6,6,0,0,0,0,0,3,6,6,6,6,3,3,6,6,6,3,0,0,0,0,1,5,6,6,6,3,3,6,6,6,6,3,0,0,0,1,5,6,6,6,2,3,6,6,6,6,3,0,0,0,3,6,6,6,3,0,2,6,6,6,6,6,4,4,4,6,6,6,6,3,0,0,3,4,4,4,4,4,4,4,4,4,4,4,3,0,1,"mfeat-pixel","att60",0.9
0,0,3,5,6,6,6,6,6,6,4,2,0,0,0,0,0,6,6,6,5,4,6,6,6,6,6,5,1,0,0,4,6,5,1,0,0,0,3,6,6,6,6,6,0,1,6,6,3,0,0,0,0,0,1,6,6,6,6,-1.32,3,6,6,3,0,0,0,0,0,0,6,6,6,6,2,3,6,6,3,0,0,0,0,0,0,6,6,6,6,6,2,6,6,3,0,0,0,0,0,0,6,6,6,6,6,2,6,6,3,0,0,0,0,0,0,6,6,6,6,6,2,6,6,3,0,0,0,0,0,0,6,6,6,6,6,2,6,6,4,0,0,0,0,0,0,6,6,6,6,6,3,6,6,6,5,0,0,0,0,0,6,6,6,6,6,4,6,6,6,6,0,0,0,0,0,6,6,6,6,6,4,6,6,6,6,2,0,0,0,1,6,6,6,6,4,0,6,6,6,6,6,3,2,3,6,6,6,6,4,0,0,5,6,6,6,6,6,6,6,6,6,6,5,0,0,0,0,3,4,4,4,4,4,4,4,4,2,0,0,0,1,"mfeat-pixel","att60",0.9
0,1,4,4,5,6,6,6,6,6,6,5,1,0,0,0,2,6,6,6,6,6,6,6,6,6,6,5,0,0,0,0,6,6,6,6,4,0,4,6,6,6,6,3,0,0,3,6,6,6,3,0,0,3,6,6,6,6,5,4.45,0,6,6,6,3,0,0,0,3,6,6,6,6,6,0,1,6,6,6,3,0,0,0,0,4,6,6,6,6,2,2,6,6,6,3,0,0,0,0,0,4,6,6,6,3,0,6,6,6,3,0,0,0,0,0,3,6,6,6,5,3,6,6,6,3,0,0,0,0,0,3,6,6,6,3,5,6,6,6,3,0,0,0,0,0,4,6,6,6,3,3,6,6,6,3,0,0,0,0,2,6,6,6,6,3,3,6,6,6,3,0,0,0,0,3,6,6,6,6,1,3,6,6,6,3,0,0,0,1,5,6,6,6,6,0,2,6,6,6,6,4,4,4,6,6,6,6,6,2,0,0,4,6,6,6,6,6,6,6,6,6,6,3,0,0,0,1,4,4,4,4,4,4,4,4,4,1,0,0,0,1,"mfeat-pixel","att60",0.9
3,6,6,4,1,0,0,0,0,0,0,0,0,0,0,6,6,6,6,6,3,0,0,0,0,0,0,0,0,0,6,6,6,6,6,6,5,3,0,0,0,0,0,0,0,6,6,5,4,6,6,6,6,5,0,0,0,0,0,1.12,6,6,0,0,1,5,6,6,6,5,1,0,0,0,0,6,6,3,0,0,0,3,6,6,6,6,1,0,0,0,5,6,6,4,0,0,0,1,5,6,6,5,0,0,0,1,5,6,6,3,0,0,0,0,5,6,6,3,0,0,0,1,5,6,6,5,1,0,0,1,6,6,6,1,0,0,0,1,6,6,6,5,0,0,0,2,6,6,5,0,0,0,0,1,5,6,6,6,5,1,0,4,6,6,4,0,0,0,0,0,3,6,6,6,6,1,0,5,6,6,0,0,0,0,0,0,1,5,6,6,6,1,1,6,6,0,0,0,0,0,0,0,0,3,6,6,6,6,6,6,0,0,0,0,0,0,0,0,0,4,6,6,6,6,6,0,0,0,0,0,0,0,0,0,0,3,4,4,4,3,1,"mfeat-pixel","att60",0.9
0,0,0,0,0,0,0,0,3,6,6,6,4,3,0,0,0,0,0,0,0,3,6,6,6,6,6,6,6,5,0,0,0,0,0,2,6,6,6,6,4,6,6,6,3,0,0,0,0,0,3,6,6,4,0,0,4,6,6,4.78,0,0,0,0,1,6,6,6,3,0,5,6,6,6,2,0,0,0,1,5,6,6,6,2,0,6,6,6,4,0,0,0,0,4,6,6,6,4,0,3,6,6,6,2,0,0,0,0,6,6,6,4,0,0,6,6,6,4,0,0,0,0,4,6,6,3,0,0,4,6,6,6,0,0,0,0,2,6,6,4,0,0,3,6,6,6,4,0,0,0,0,4,6,6,3,0,1,5,6,6,6,1,0,0,0,2,6,6,6,2,1,6,6,6,6,5,0,0,0,0,6,6,6,6,6,6,6,6,6,3,0,0,0,0,0,6,6,6,6,6,6,6,3,1,0,0,0,0,0,0,5,6,6,6,6,6,2,0,0,0,0,0,0,0,0,1,4,4,4,4,1,0,0,0,0,0,0,0,0,0,1,"mfeat-pixel","att60",0.9
0,0,1,4,5,6,6,3,0,0,0,0,0,0,0,0,3,6,6,6,6,6,6,5,1,0,0,0,0,0,3,6,6,6,6,6,6,6,6,6,4,1,0,0,0,3,6,6,6,6,0,2,5,6,6,6,5,0,0,0.3,3,6,6,6,6,0,0,0,6,6,6,6,3,0,0,6,6,6,6,6,1,0,0,5,6,6,6,4,0,0,6,6,6,6,6,2,0,0,3,6,6,6,6,0,0,5,6,6,6,6,1,0,0,3,6,6,6,6,1,0,4,6,6,6,6,3,0,0,3,6,6,6,6,3,0,6,6,6,6,6,3,0,0,3,6,6,6,6,4,0,5,6,6,6,6,3,0,0,3,6,6,6,6,6,2,3,6,6,6,6,3,0,0,3,6,6,6,6,6,6,3,6,6,6,6,3,0,0,3,6,6,6,6,6,4,0,5,6,6,6,6,4,4,5,6,6,6,6,6,1,0,1,5,6,6,6,6,6,6,6,6,6,5,1,0,0,0,0,0,2,4,4,4,4,4,4,2,0,0,0,1,"mfeat-pixel","att60",0.9
0,0,0,1,5,6,5,4,2,0,0,0,0,0,0,0,0,3,6,6,6,6,6,6,5,1,0,0,0,0,0,5,6,6,6,4,5,6,6,6,6,2,0,0,0,3,6,6,6,2,0,0,3,6,6,6,6,0,0,1.18,3,6,6,6,0,0,0,0,4,6,6,6,1,0,0,5,6,6,6,3,0,0,0,6,6,6,6,5,1,0,2,6,6,6,3,0,0,0,6,6,6,6,6,3,0,0,4,6,6,3,0,0,0,6,6,6,6,6,3,0,0,3,6,6,3,0,0,0,4,6,6,6,6,4,0,0,5,6,6,2,0,0,0,6,6,6,6,6,6,2,3,6,6,6,0,0,0,0,6,6,6,6,6,6,3,3,6,6,6,4,0,0,3,6,6,6,6,6,6,3,3,6,6,6,6,0,0,0,5,6,6,6,6,6,3,0,5,6,6,6,5,3,2,5,6,6,6,6,5,1,0,2,6,6,6,6,6,6,6,6,6,6,3,0,0,0,0,0,2,4,4,4,4,4,3,0,0,0,0,0,1,"mfeat-pixel","att60",0.9
0,0,0,0,1,3,6,5,4,4,4,1,0,0,0,0,1,5,6,6,6,6,6,6,6,6,4,0,0,0,0,5,6,6,6,5,4,6,6,6,6,6,5,1,0,2,6,6,6,5,0,0,2,6,6,6,6,6,5,4.92,3,6,6,4,0,0,0,0,1,5,6,6,6,6,0,6,6,6,3,0,0,0,0,0,3,6,6,6,6,0,6,6,6,6,0,0,0,0,0,6,6,6,6,6,0,6,6,6,3,0,0,0,0,0,3,6,6,6,6,0,6,6,6,5,1,0,0,0,0,3,6,6,6,6,3,6,6,6,6,2,0,0,0,0,3,6,6,6,6,3,6,6,6,6,3,0,0,0,0,3,6,6,6,6,3,2,6,6,6,6,0,0,0,0,4,6,6,6,6,1,1,6,6,6,6,1,0,0,0,6,6,6,6,6,0,2,6,6,6,6,6,4,2,0,4,6,6,6,6,0,0,4,6,6,6,6,6,6,6,6,6,6,6,5,0,0,0,3,4,4,4,4,4,4,4,4,3,0,0,0,1,"mfeat-pixel","att60",0.9
0,0,3,5,6,6,6,6,6,6,6,6,6,3,0,0,0,6,6,6,6,6,6,6,6,6,6,6,6,0,0,5,6,6,6,6,3,2,0,1,5,6,6,6,4,0,6,6,6,6,5,0,0,0,0,0,6,6,6,5.88,0,6,6,6,6,1,0,0,0,0,0,6,6,6,6,0,6,6,6,6,0,0,0,0,0,0,6,6,6,6,3,6,6,6,4,0,0,0,0,0,0,4,6,6,6,3,6,6,6,3,0,0,0,0,0,0,4,6,6,6,6,6,6,5,0,0,0,0,0,0,0,6,6,6,3,6,6,6,3,0,0,0,0,0,0,2,6,6,6,3,3,6,6,3,0,0,0,0,0,0,3,6,6,6,2,3,6,6,5,0,0,0,0,0,0,5,6,6,4,0,3,6,6,6,3,0,0,0,1,5,6,6,6,5,0,1,6,6,6,6,3,2,3,6,6,6,6,6,5,0,0,3,6,6,6,6,6,6,6,6,6,6,4,1,0,0,1,4,4,4,4,4,4,4,4,4,1,0,0,0,1,"mfeat-pixel","att60",0.9
0,3,6,6,6,6,6,6,4,2,0,0,0,0,0,0,6,6,6,6,6,6,6,6,6,5,1,0,0,0,4,6,6,6,5,1,0,3,6,6,6,3,0,0,0,6,6,6,6,3,0,0,0,6,6,6,6,3,0,1.67,6,6,6,6,3,0,0,0,5,6,6,6,6,1,0,6,6,6,5,0,0,0,0,3,6,6,6,6,3,0,6,6,6,3,0,0,0,0,1,5,6,6,6,5,0,6,6,6,6,1,0,0,0,0,3,6,6,6,6,0,5,6,6,6,3,0,0,0,0,2,6,6,6,6,0,3,6,6,6,3,0,0,0,0,0,6,6,6,6,2,3,6,6,6,3,0,0,0,0,2,6,6,6,6,1,0,6,6,6,5,0,0,0,0,3,6,6,6,6,0,0,4,6,6,6,4,0,0,0,3,6,6,6,6,0,0,0,5,6,6,6,5,3,2,5,6,6,6,4,0,0,0,0,4,6,6,6,6,6,6,6,6,3,0,0,0,0,0,1,4,4,4,4,4,4,4,1,0,0,0,1,"mfeat-pixel","att60",0.9
0,0,0,3,4,5,5,5,6,6,6,6,3,0,0,0,1,5,6,6,6,6,6,6,6,6,6,6,5,0,2,6,6,6,6,6,6,4,6,6,6,6,6,6,0,6,6,6,6,6,5,1,0,2,6,6,6,6,6,2.74,6,6,6,6,6,2,0,0,0,4,6,6,6,6,1,6,6,6,6,1,0,0,0,0,3,6,6,6,6,0,6,6,6,6,0,0,0,0,0,4,6,6,6,6,0,6,6,6,6,0,0,0,0,2,6,6,6,6,5,0,4,6,6,6,1,0,0,0,3,6,6,6,6,3,0,0,6,6,6,6,2,0,0,3,6,6,6,6,3,0,3,6,6,6,6,3,0,0,2,6,6,6,6,3,0,1,5,6,6,6,3,0,0,0,6,6,6,6,4,0,0,0,5,6,6,5,1,1,5,6,6,6,6,6,0,0,0,0,4,6,6,6,6,6,6,6,6,6,6,0,0,0,0,0,5,6,6,6,6,6,6,6,6,2,0,0,0,0,0,0,2,4,4,4,4,4,4,3,0,0,1,"mfeat-pixel","att60",0.9
0,0,0,1,3,5,6,6,6,5,3,1,0,0,0,0,0,3,6,6,5,2,3,5,6,6,6,5,3,0,0,5,6,6,6,3,0,0,0,4,6,6,6,6,2,0,6,6,6,6,3,0,0,0,1,5,6,6,6,6.15,0,6,6,6,6,3,0,0,0,0,0,6,6,6,6,2,6,6,6,5,1,0,0,0,0,3,6,6,6,4,3,6,6,6,0,0,0,0,0,3,6,6,6,6,0,0,6,6,6,0,0,0,0,0,3,6,6,6,6,0,2,6,6,6,0,0,0,0,0,3,6,6,6,6,2,2,6,6,6,0,0,0,0,0,0,3,6,6,6,6,1,6,6,6,5,0,0,0,0,0,1,6,6,6,6,5,6,6,6,1,0,0,0,0,2,6,6,6,6,6,5,6,6,6,5,1,0,0,0,4,6,6,6,6,5,1,6,6,6,6,4,0,1,5,6,6,6,6,5,1,0,3,6,6,6,6,6,6,6,6,6,6,3,0,0,0,0,1,4,4,4,4,4,4,4,3,1,0,0,0,1,"mfeat-pixel","att60",0.9
1,2,4,4,4,4,4,2,4,3,0,0,0,0,0,3,6,6,6,6,6,6,6,6,6,5,1,0,0,0,2,6,6,6,6,3,0,1,5,6,6,6,2,0,0,0,4,6,6,3,0,0,0,3,6,6,6,6,0,0.01,0,6,6,6,4,0,0,0,3,6,6,6,4,0,0,0,5,6,6,6,0,0,0,3,6,6,6,4,0,0,0,3,6,6,6,0,0,0,3,6,6,6,6,2,0,0,3,6,6,6,0,0,0,2,6,6,6,6,3,0,0,3,6,6,6,0,0,0,0,3,6,6,6,5,0,0,3,6,6,6,0,0,0,2,6,6,6,6,2,0,0,3,6,6,6,0,0,0,2,6,6,6,6,2,0,0,3,6,6,6,0,0,0,0,4,6,6,6,2,0,0,3,6,6,6,1,0,1,5,6,6,6,4,0,0,0,3,6,6,6,6,4,6,6,6,6,5,1,0,0,0,3,6,6,6,6,6,6,6,6,5,0,0,0,0,0,1,4,4,4,4,4,4,4,3,0,0,0,0,0,1,"mfeat-pixel","att60",0.9
0,0,0,2,4,3,3,4,3,1,0,0,0,0,0,0,2,6,6,6,6,4,6,6,6,6,0,0,0,0,1,6,6,6,5,1,0,1,6,6,6,3,0,0,0,3,6,6,6,0,0,0,0,5,6,6,6,3,0,-2.71,3,6,6,3,0,0,0,0,0,4,6,6,5,0,0,3,6,6,4,0,0,0,0,0,2,6,6,6,4,0,3,6,6,6,1,0,0,0,0,0,6,6,6,6,0,0,6,6,6,5,0,0,0,0,0,3,6,6,6,1,0,6,6,6,6,2,0,0,0,0,3,6,6,6,1,0,6,6,6,6,1,0,0,0,0,3,6,6,6,0,0,6,6,6,6,3,0,0,0,2,6,6,6,6,0,0,2,6,6,6,3,0,0,0,6,6,6,6,6,0,0,0,5,6,6,4,0,0,3,6,6,6,6,6,3,0,0,3,6,6,6,5,5,6,6,6,6,6,6,0,0,0,1,5,6,6,6,6,6,6,6,6,3,0,0,0,0,0,0,3,4,4,4,3,2,1,0,0,0,0,1,"mfeat-pixel","att60",0.9
0,0,3,4,4,4,4,4,4,5,5,2,0,0,0,0,5,6,6,6,6,6,6,6,6,6,6,6,3,0,0,6,6,6,5,2,2,2,0,3,6,6,6,6,0,0,6,6,6,3,0,0,0,0,0,4,6,6,6,1.03,0,6,6,6,3,0,0,0,0,0,3,6,6,6,0,2,6,6,6,6,0,0,0,0,0,3,6,6,6,3,3,6,6,6,3,0,0,0,0,0,3,6,6,6,0,2,6,6,6,3,0,0,0,0,0,6,6,6,6,0,0,6,6,6,5,0,0,0,0,0,6,6,6,6,3,0,6,6,6,6,0,0,0,0,0,6,6,6,6,0,0,6,6,6,6,3,0,0,0,3,6,6,6,6,0,0,3,6,6,6,3,0,0,0,0,6,6,6,6,0,0,5,6,6,6,3,0,0,0,4,6,6,6,5,0,0,1,6,6,6,6,4,5,6,6,6,6,6,1,0,0,0,3,6,6,6,6,6,6,6,6,5,3,0,0,0,0,0,1,4,4,4,4,4,2,0,0,0,0,0,1,"mfeat-pixel","att60",0.9
0,0,0,2,4,4,4,4,6,5,4,2,0,0,0,0,3,6,6,6,6,6,6,6,6,6,6,5,0,0,0,6,6,6,6,5,4,5,6,6,6,6,6,2,0,0,6,6,6,6,0,0,0,3,6,6,6,6,6,1.69,0,6,6,6,3,0,0,0,0,3,6,6,6,6,0,0,6,6,6,3,0,0,0,0,1,6,6,6,6,0,0,6,6,6,3,0,0,0,0,1,6,6,6,6,0,2,6,6,6,3,0,0,0,0,1,6,6,6,6,0,6,6,6,6,3,0,0,0,0,0,6,6,6,6,4,3,6,6,6,3,0,0,0,0,0,3,6,6,6,6,2,6,6,6,6,1,0,0,0,0,3,6,6,6,5,0,3,6,6,6,3,0,0,0,0,3,6,6,6,4,0,3,6,6,6,4,0,0,0,0,4,6,6,6,5,0,1,5,6,6,6,6,6,6,6,6,6,6,3,0,0,0,0,3,6,6,6,6,6,6,5,4,3,0,0,0,0,0,0,1,4,4,3,1,0,0,0,0,0,0,1,"mfeat-pixel","att60",0.9
0,0,0,0,0,2,5,6,5,2,0,0,0,0,0,0,0,0,1,5,6,6,6,6,6,6,5,3,1,0,0,0,0,6,6,6,6,6,6,6,6,6,6,6,1,0,0,4,6,6,6,6,6,4,2,3,6,6,6,4.3,0,0,6,6,6,6,4,0,0,0,0,6,6,6,6,0,4,6,6,6,6,2,0,0,0,0,6,6,6,6,0,6,6,6,6,6,1,0,0,0,0,6,6,6,6,0,6,6,6,6,6,1,0,0,0,0,6,6,6,6,1,6,6,6,6,2,0,0,0,0,0,6,6,6,3,3,6,6,6,3,0,0,0,0,0,3,6,6,6,3,3,6,6,6,6,2,0,0,0,3,6,6,6,6,1,5,6,6,6,6,3,0,0,0,3,6,6,6,5,0,1,5,6,6,6,5,1,0,0,4,6,6,6,1,0,0,1,6,6,6,6,6,6,6,6,6,6,4,0,0,0,0,5,6,6,6,6,6,6,6,6,6,0,0,0,0,0,0,3,4,4,2,3,4,4,4,3,0,0,0,1,"mfeat-pixel","att60",0.9
0,0,0,0,0,0,1,2,2,2,4,3,2,1,0,0,0,0,0,2,5,6,6,6,6,6,6,6,6,1,0,0,0,5,6,6,6,6,4,6,6,6,6,6,2,0,0,1,6,6,6,6,1,0,1,6,6,6,6,0.28,0,0,4,6,6,6,5,0,0,0,5,6,6,5,0,0,0,6,6,6,4,0,0,0,0,3,6,6,3,0,0,2,6,6,6,3,0,0,0,0,3,6,6,4,0,0,0,6,6,6,3,0,0,0,0,3,6,6,5,0,0,2,6,6,6,2,0,0,0,0,3,6,6,4,0,0,3,6,6,4,0,0,0,0,0,3,6,6,6,0,0,5,6,6,3,0,0,0,0,0,3,6,6,4,0,3,6,6,6,1,0,0,0,0,0,3,6,6,3,0,3,6,6,6,2,0,0,0,0,1,5,6,6,3,0,3,6,6,6,5,1,0,2,4,6,6,6,6,3,0,3,6,6,6,6,6,6,6,6,6,6,6,6,1,0,1,2,2,3,4,2,4,4,4,4,2,2,1,0,0,1,"mfeat-pixel","att60",0.9
0,0,0,3,6,5,5,5,4,5,5,2,0,0,0,0,0,2,6,6,6,6,6,6,6,6,6,6,3,0,0,0,3,6,6,6,6,4,5,6,6,6,6,6,2,0,0,5,6,6,6,3,0,0,0,4,6,6,6,-1.15,0,3,6,6,6,5,0,0,0,0,3,6,6,6,1,0,4,6,6,6,3,0,0,0,0,3,6,6,6,5,0,5,6,6,6,3,0,0,0,0,3,6,6,6,4,0,4,6,6,6,3,0,0,0,0,3,6,6,6,6,2,6,6,6,6,1,0,0,0,0,3,6,6,6,5,3,6,6,6,3,0,0,0,0,0,3,6,6,6,3,4,6,6,6,3,0,0,0,0,1,5,6,6,6,3,5,6,6,6,3,0,0,0,3,6,6,6,6,3,0,5,6,6,6,0,0,0,1,6,6,6,6,6,0,0,6,6,6,6,5,4,5,6,6,6,6,5,1,0,0,6,6,6,6,6,6,6,6,6,6,3,0,0,0,0,3,4,4,4,4,4,4,4,2,0,0,0,0,0,0,1,"mfeat-pixel","att60",0.9
0,0,0,1,5,5,4,6,6,5,4,1,0,0,0,0,0,0,4,6,6,6,6,6,6,6,4,0,0,0,0,3,6,6,6,6,5,4,5,6,6,6,5,1,0,0,6,6,6,6,4,0,0,0,4,6,6,6,5,3.99,0,6,6,6,6,3,0,0,0,3,6,6,6,6,0,0,6,6,6,5,0,0,0,0,3,6,6,6,6,0,0,6,6,6,3,0,0,0,0,3,6,6,6,6,0,0,6,6,6,3,0,0,0,0,1,6,6,6,6,0,0,6,6,6,3,0,0,0,0,0,3,6,6,6,2,0,6,6,6,3,0,0,0,0,0,3,6,6,6,2,0,6,6,6,3,0,0,0,0,0,3,6,6,6,2,4,6,6,6,3,0,0,0,0,0,3,6,6,6,2,6,6,6,6,3,0,0,0,0,0,4,6,6,6,0,5,6,6,6,5,1,0,0,0,2,6,6,6,6,0,0,3,6,6,6,6,5,3,2,5,6,6,6,5,0,0,0,0,3,4,4,4,4,4,4,4,4,3,0,0,1,"mfeat-pixel","att60",0.9
0,0,0,3,4,5,6,6,6,6,6,4,3,0,0,0,3,5,6,6,6,6,6,6,6,6,6,6,5,0,3,6,6,6,6,6,3,2,2,4,6,6,6,6,4,3,6,6,6,6,6,0,0,0,0,1,6,6,6,8.17,3,6,6,6,6,3,0,0,0,0,0,6,6,6,6,4,6,6,6,6,0,0,0,0,0,0,6,6,6,6,6,6,6,6,1,0,0,0,0,0,0,6,6,6,6,6,6,6,6,0,0,0,0,0,0,0,6,6,6,6,6,6,6,6,0,0,0,0,0,0,2,6,6,6,6,6,6,6,6,0,0,0,0,0,0,1,6,6,6,6,6,6,6,6,3,0,0,0,0,0,1,6,6,6,4,6,6,6,6,6,3,0,0,0,2,6,6,6,6,0,4,6,6,6,6,3,0,0,0,4,6,6,6,6,0,3,6,6,6,6,5,2,2,5,6,6,6,6,6,0,0,5,6,6,6,6,6,6,6,6,6,6,6,4,0,0,0,3,4,4,4,4,4,4,4,4,4,3,0,0,1,"mfeat-pixel","att60",0.9
0,0,3,4,6,6,6,4,4,4,4,3,1,0,0,0,4,6,6,6,6,6,6,6,6,6,6,6,3,0,0,6,6,6,6,5,2,2,4,5,6,6,6,6,0,0,4,6,6,6,0,0,0,0,0,4,6,6,6,5.21,0,3,6,6,6,1,0,0,0,0,4,6,6,6,6,0,5,6,6,6,3,0,0,0,0,6,6,6,6,6,0,6,6,6,6,0,0,0,0,0,4,6,6,6,4,0,6,6,6,6,0,0,0,0,0,5,6,6,6,3,0,6,6,6,6,0,0,0,0,0,6,6,6,6,2,1,6,6,6,6,0,0,0,0,0,6,6,6,6,0,3,6,6,6,3,0,0,0,0,1,6,6,6,6,0,5,6,6,6,3,0,0,0,0,5,6,6,6,2,0,6,6,6,6,4,0,0,0,2,6,6,6,6,0,0,3,6,6,6,6,5,2,3,6,6,6,6,2,0,0,1,4,6,6,6,6,6,6,6,6,6,5,0,0,0,0,0,1,3,4,4,4,4,4,4,4,1,0,0,0,1,"mfeat-pixel","att60",0.9
0,0,3,5,6,6,6,6,6,6,6,3,0,0,0,1,5,6,6,5,2,2,2,2,5,6,6,6,3,0,2,6,6,5,0,0,0,0,0,0,5,6,6,6,1,0,6,6,3,0,0,0,0,0,0,2,6,6,6,5.64,0,6,6,6,0,0,0,0,0,0,0,4,6,6,6,0,6,6,6,0,0,0,0,0,0,0,3,6,6,6,4,6,6,5,0,0,0,0,0,0,0,5,6,6,6,6,6,6,3,0,0,0,0,0,0,0,6,6,6,6,6,6,6,5,0,0,0,0,0,0,0,5,6,6,6,2,6,6,6,3,0,0,0,0,0,0,3,6,6,6,0,6,6,6,3,0,0,0,0,0,0,3,6,6,6,0,6,6,6,5,0,0,0,0,0,0,4,6,6,6,0,5,6,6,6,0,0,0,0,0,3,6,6,6,4,0,1,6,6,6,4,0,0,0,3,6,6,6,5,0,0,0,3,6,6,6,6,6,6,6,6,6,5,1,0,0,0,0,1,4,4,4,4,4,4,4,2,0,0,0,1,"mfeat-pixel","att60",0.9
0,0,3,6,6,6,6,6,6,6,6,6,3,0,0,0,2,6,6,6,6,6,6,6,6,6,6,6,0,0,0,6,6,6,6,4,2,2,2,5,6,6,6,0,0,0,6,6,6,1,0,0,0,0,3,6,6,6,0,5.35,1,6,6,6,0,0,0,0,0,2,6,6,6,1,0,5,6,6,2,0,0,0,0,0,1,6,6,6,2,0,6,6,6,0,0,0,0,0,0,3,6,6,6,0,0,6,6,6,0,0,0,0,0,0,0,3,6,6,0,0,6,6,6,0,0,0,0,0,0,0,0,6,6,3,1,5,6,6,4,0,0,0,0,0,1,5,6,6,6,5,1,6,6,6,1,0,0,0,0,3,6,6,6,5,0,0,4,6,6,6,2,0,0,0,5,6,6,6,1,0,0,0,6,6,6,3,0,0,4,6,6,6,6,0,0,0,0,6,6,6,5,2,5,6,6,6,6,4,0,0,0,0,6,6,6,6,6,6,6,6,6,6,0,0,0,0,0,3,4,4,4,4,4,4,4,4,3,0,0,0,1,"mfeat-pixel","att60",0.9
0,0,0,0,0,3,6,4,3,2,2,0,0,0,0,0,0,0,1,5,6,6,6,6,6,6,5,1,0,0,0,0,0,6,6,6,6,5,5,6,6,6,6,0,0,0,0,4,6,6,6,4,0,0,4,6,6,6,0,-1.15,0,0,6,6,6,6,0,0,0,3,6,6,6,3,0,0,2,6,6,6,5,0,0,0,0,6,6,6,3,0,0,6,6,6,6,1,0,0,0,0,6,6,6,5,0,0,6,6,6,6,0,0,0,0,2,6,6,6,6,0,1,6,6,6,6,0,0,0,0,2,6,6,6,6,0,2,6,6,6,2,0,0,0,0,0,6,6,6,6,1,1,6,6,6,0,0,0,0,0,0,6,6,6,6,2,5,6,6,6,0,0,0,0,0,4,6,6,6,6,0,4,6,6,6,0,0,0,0,0,6,6,6,6,4,0,4,6,6,6,5,4,4,4,5,6,6,6,6,0,0,4,6,6,6,6,6,6,6,6,6,6,6,5,0,0,0,2,2,3,4,4,4,4,4,4,3,1,0,0,0,1,"mfeat-pixel","att60",0.9
0,0,0,0,0,0,0,0,1,3,5,6,4,4,1,0,0,0,0,1,5,6,6,6,6,6,6,6,6,5,0,0,0,0,5,6,6,3,0,0,0,4,6,6,3,0,0,0,4,6,6,3,0,0,0,0,3,6,6,6.99,0,0,0,6,6,6,0,0,0,0,0,3,6,6,4,0,0,0,6,6,6,0,0,0,0,0,3,6,6,3,0,1,5,6,6,2,0,0,0,0,0,3,6,6,3,0,1,6,6,6,0,0,0,0,0,1,6,6,5,0,0,1,6,6,3,0,0,0,0,0,3,6,6,3,0,0,3,6,6,2,0,0,0,0,0,3,6,6,0,0,0,3,6,4,0,0,0,0,0,2,6,6,6,0,0,1,6,6,3,0,0,0,0,0,6,6,5,1,0,0,3,6,6,3,0,0,0,0,3,6,6,2,0,0,0,3,6,6,6,3,3,4,5,6,5,1,0,0,0,0,3,6,6,6,6,6,6,6,4,0,0,0,0,0,0,0,2,4,4,4,4,4,4,1,0,0,0,0,0,0,1,"mfeat-pixel","att60",0.9
1,4,4,4,2,3,4,4,4,3,2,2,2,1,0,3,6,6,6,6,6,6,6,6,6,6,6,6,3,0,3,6,6,6,5,2,0,0,3,6,6,6,6,4,0,3,6,6,4,0,0,0,0,0,1,6,6,6,6,-1.13,2,6,6,3,0,0,0,0,0,0,6,6,6,3,0,0,6,6,6,3,0,0,0,0,0,6,6,6,3,0,2,6,6,6,3,0,0,0,0,2,6,6,6,1,0,0,5,6,4,0,0,0,0,0,6,6,6,3,0,0,0,3,6,6,5,0,0,0,0,6,6,6,3,0,0,0,4,6,6,5,0,0,0,0,6,6,6,6,1,0,0,6,6,6,0,0,0,0,0,6,6,6,6,1,0,0,4,6,6,2,0,0,0,0,6,6,6,3,0,0,0,4,6,6,3,0,0,0,1,6,6,6,3,0,0,2,6,6,6,6,6,4,4,6,6,6,6,1,0,0,0,5,6,6,6,6,6,6,6,6,6,3,0,0,0,0,1,4,4,2,2,3,4,4,3,2,1,0,0,0,1,"mfeat-pixel","att60",0.9
0,0,0,0,0,0,2,4,4,2,0,0,0,0,0,0,0,1,3,5,6,6,6,6,6,5,1,0,0,0,0,2,6,6,6,6,6,6,6,6,6,6,2,0,0,0,4,6,6,6,3,0,3,6,6,6,6,4,0,2.78,2,6,6,6,3,0,0,0,1,6,6,6,6,2,0,0,6,6,6,3,0,0,0,0,6,6,6,6,3,0,2,6,6,6,6,0,0,0,0,4,6,6,6,3,0,0,6,6,6,6,0,0,0,0,0,6,6,6,4,0,2,6,6,6,6,0,0,0,0,0,6,6,6,6,2,2,6,6,6,6,1,0,0,0,0,5,6,6,6,3,0,4,6,6,6,3,0,0,0,0,0,4,6,6,3,0,3,6,6,6,4,0,0,0,0,3,6,6,5,0,0,3,6,6,6,6,3,0,3,5,6,6,6,3,0,0,0,5,6,6,6,6,6,6,6,6,6,5,0,0,0,0,1,4,4,5,6,6,6,6,6,5,1,0,0,0,0,0,0,0,0,1,4,4,4,3,0,0,0,0,1,"mfeat-pixel","att60",0.9
2,6,6,6,6,6,6,6,6,6,6,6,3,0,0,1,6,6,6,6,6,6,6,6,6,6,6,6,0,0,0,5,6,6,5,2,2,1,0,3,6,6,6,0,0,0,1,6,6,5,0,0,0,0,0,2,6,6,4,-2.33,0,0,6,6,6,0,0,0,0,0,0,6,6,6,0,0,0,6,6,6,0,0,0,0,0,0,6,6,6,0,0,0,6,6,6,0,0,0,0,0,0,6,6,6,3,0,0,6,6,6,0,0,0,0,0,0,4,6,6,3,0,0,6,6,6,0,0,0,0,0,0,1,6,6,6,0,0,4,6,6,0,0,0,0,0,0,5,6,6,4,0,0,3,6,6,0,0,0,0,0,0,6,6,6,0,0,0,6,6,6,0,0,0,0,0,0,6,6,6,4,0,1,6,6,5,0,0,0,0,0,0,5,6,6,6,0,3,6,6,4,0,0,0,0,0,0,4,6,6,4,0,0,5,6,6,5,4,4,4,4,5,6,6,6,0,0,0,1,4,4,4,4,4,4,4,4,4,4,3,0,1,"mfeat-pixel","att60",0.9
0,0,0,0,1,3,6,6,6,6,4,2,0,0,0,0,0,1,4,6,6,6,6,6,6,6,6,5,0,0,0,2,6,6,6,6,6,6,6,6,6,6,6,4,0,0,3,6,6,6,6,6,3,0,3,6,6,6,6,0.82,0,5,6,6,6,1,0,0,0,0,6,6,6,6,0,0,6,6,6,6,3,0,0,0,0,6,6,6,6,0,0,2,6,6,6,3,0,0,0,3,6,6,6,6,0,0,2,6,6,6,5,0,0,0,0,4,6,6,6,2,0,6,6,6,6,3,0,0,0,1,5,6,6,6,5,0,6,6,6,6,3,0,0,0,3,6,6,6,6,1,0,6,6,6,6,1,0,0,0,3,6,6,6,4,0,0,6,6,6,6,0,0,0,0,0,6,6,6,4,0,0,6,6,6,6,2,0,0,0,2,6,6,6,4,0,2,6,6,6,6,6,3,2,3,6,6,6,6,0,0,2,6,6,6,6,6,6,6,6,6,6,5,1,0,0,0,3,4,4,4,4,4,4,4,4,4,1,0,0,0,1,"mfeat-pixel","att60",0.9
0,0,1,2,2,4,4,4,4,4,2,0,0,0,0,0,0,5,6,6,6,6,6,6,6,6,3,0,0,0,0,3,6,6,6,6,3,2,5,6,6,6,5,1,0,0,3,6,6,6,1,0,0,0,4,6,6,6,3,-2.66,1,6,6,6,3,0,0,0,0,3,6,6,6,3,0,3,6,6,6,3,0,0,0,0,1,6,6,6,3,0,3,6,6,6,3,0,0,0,0,0,4,6,6,6,1,3,6,6,6,3,0,0,0,0,2,6,6,6,6,1,3,6,6,6,3,0,0,0,0,3,6,6,6,4,0,3,6,6,6,5,0,0,0,0,3,6,6,6,6,2,2,6,6,6,6,2,0,0,0,2,6,6,6,5,0,0,6,6,6,6,0,0,0,0,0,6,6,6,5,0,0,5,6,6,6,4,0,0,0,4,6,6,6,4,0,0,3,6,6,6,6,5,4,5,6,6,6,4,0,0,0,0,5,6,6,6,6,6,6,6,6,3,0,0,0,0,0,2,4,4,4,4,3,2,2,2,0,0,0,0,1,"mfeat-pixel","att60",0.9
0,0,0,0,1,5,6,3,1,0,0,0,0,0,0,0,0,2,6,6,6,6,6,6,5,1,0,0,0,0,0,0,5,6,6,6,6,4,6,6,6,2,0,0,0,0,3,6,6,6,6,2,0,2,6,6,5,0,0,-3.48,1,6,6,6,6,5,0,0,0,2,6,6,4,0,0,3,6,6,6,6,1,0,0,0,0,6,6,6,0,0,3,6,6,6,6,0,0,0,0,1,6,6,6,0,0,4,6,6,6,6,0,0,0,0,3,6,6,6,0,0,6,6,6,6,4,0,0,0,0,4,6,6,6,3,0,6,6,6,6,3,0,0,0,1,6,6,6,5,1,0,6,6,6,6,6,1,0,0,3,6,6,5,1,0,0,5,6,6,6,6,3,0,0,3,6,6,0,0,0,0,3,6,6,6,6,4,0,0,6,6,6,0,0,0,0,2,6,6,6,6,6,5,5,6,6,6,2,0,0,0,0,1,5,6,6,6,6,6,6,6,4,0,0,0,0,0,0,0,1,4,4,4,4,4,4,1,0,0,0,0,1,"mfeat-pixel","att60",0.9
0,3,6,6,6,6,6,4,4,4,4,4,4,3,0,0,6,6,6,6,6,6,6,6,6,6,6,6,6,5,2,6,6,6,6,6,5,1,0,0,0,4,6,6,5,6,6,6,6,6,3,0,0,0,0,0,3,6,6,3.88,5,6,6,6,6,1,0,0,0,0,0,3,6,6,0,1,6,6,6,6,6,5,0,0,0,0,3,6,6,0,0,6,6,6,6,6,6,0,0,0,0,0,2,1,0,0,2,6,6,6,6,6,0,0,0,0,1,4,3,0,0,2,6,6,6,6,6,0,0,0,0,3,6,6,0,0,1,4,6,6,6,6,0,0,0,0,1,5,6,0,0,0,0,3,6,6,6,0,0,0,0,0,1,6,4,0,0,0,3,6,6,6,1,0,0,0,0,6,6,6,0,0,0,0,6,6,6,3,0,0,0,0,3,6,5,0,0,0,3,6,6,6,3,0,0,0,3,6,6,1,0,0,0,1,5,6,6,6,1,1,5,6,6,5,0,0,0,0,0,0,4,4,4,4,4,4,4,3,0,0,1,"mfeat-pixel","att60",0.9
0,1,2,3,4,4,4,4,4,4,4,3,1,0,0,0,3,6,6,6,6,4,5,6,6,6,6,3,0,0,0,3,6,6,5,1,0,0,4,6,6,6,3,0,0,1,6,6,6,0,0,0,0,3,6,6,6,3,0,-0.89,3,6,6,6,0,0,0,0,3,6,6,6,3,0,0,3,6,6,6,0,0,0,0,3,6,6,6,3,0,0,3,6,6,6,0,0,0,0,1,5,6,6,4,0,0,3,6,6,6,0,0,0,0,0,0,4,6,6,2,0,3,6,6,6,0,0,0,0,0,0,1,6,6,6,0,3,6,6,6,0,0,0,0,0,0,5,6,6,5,0,3,6,6,6,0,0,0,0,0,0,6,6,6,3,0,3,6,6,6,0,0,0,0,0,0,6,6,6,3,0,0,5,6,6,4,0,0,0,0,3,6,6,6,3,0,0,3,6,6,6,5,2,3,5,6,6,6,6,3,0,0,2,6,6,6,6,6,6,6,6,6,6,6,2,0,0,0,3,4,4,4,4,4,4,4,4,4,3,0,0,1,"mfeat-pixel","att60",0.9
0,0,0,1,2,4,6,6,4,2,1,0,0,0,0,0,0,3,6,6,6,6,6,6,6,6,3,0,0,0,0,0,6,6,6,6,6,6,6,6,6,6,2,0,0,0,2,6,6,5,4,4,6,6,6,6,6,6,0,1.71,0,6,6,6,0,0,0,1,5,6,6,6,6,4,0,2,6,6,6,0,0,0,0,0,4,6,6,6,6,2,3,6,6,6,0,0,0,0,0,3,6,6,6,6,6,1,6,6,6,5,1,0,0,0,2,6,6,6,6,6,3,6,6,6,6,3,0,0,0,0,1,6,6,6,6,0,6,6,6,6,3,0,0,0,0,0,6,6,6,6,0,5,6,6,6,6,0,0,0,0,0,6,6,6,6,0,1,6,6,6,6,1,0,0,0,3,6,6,6,4,0,0,6,6,6,6,5,1,0,3,6,6,6,6,0,0,0,5,6,6,6,6,6,4,6,6,6,6,5,0,0,0,0,1,3,6,6,6,6,6,6,6,3,0,0,0,0,0,0,0,0,2,4,4,4,2,1,0,0,0,1,"mfeat-pixel","att60",0.9
0,0,1,3,4,4,4,4,4,4,4,3,1,0,0,0,0,3,6,6,6,6,4,5,6,6,6,6,2,0,0,0,3,6,6,5,1,0,0,3,6,6,6,6,1,0,0,5,6,6,3,0,0,0,0,4,6,6,6,5.46,0,3,6,6,6,0,0,0,0,0,3,6,6,6,3,0,3,6,6,6,2,0,0,0,0,3,6,6,6,3,0,4,6,6,6,2,0,0,0,0,3,6,6,6,2,2,6,6,6,6,0,0,0,0,0,3,6,6,4,0,2,6,6,6,6,2,0,0,0,1,6,6,6,4,0,0,6,6,6,6,0,0,0,0,3,6,6,6,6,0,3,6,6,6,6,3,0,0,0,3,6,6,6,3,0,3,6,6,6,6,1,0,0,0,3,6,6,6,1,0,3,6,6,6,4,0,0,0,0,4,6,6,6,0,0,3,6,6,6,6,5,2,2,5,6,6,6,4,0,0,0,3,6,6,6,6,6,6,6,6,6,6,2,0,0,0,0,1,2,2,4,2,2,2,2,2,0,0,0,0,1,"mfeat-pixel","att60",0.9
0,0,3,5,5,4,4,6,6,6,3,0,0,0,0,0,5,6,6,6,6,6,6,6,6,6,6,5,0,0,0,6,6,6,6,5,4,5,6,6,6,6,6,1,0,0,6,6,6,4,0,0,0,0,4,6,6,6,5,-2.52,4,6,6,5,0,0,0,0,0,3,6,6,6,6,0,6,6,6,4,0,0,0,0,0,3,6,6,6,6,0,6,6,6,6,2,0,0,0,0,3,6,6,6,6,0,6,6,6,5,0,0,0,0,0,0,6,6,6,6,3,6,6,6,5,0,0,0,0,0,2,6,6,6,6,1,2,6,6,6,3,0,0,0,0,3,6,6,6,6,0,2,6,6,6,3,0,0,0,0,1,6,6,6,5,0,3,6,6,6,3,0,0,0,0,2,6,6,6,1,0,1,6,6,6,6,4,3,1,0,4,6,6,6,0,0,3,6,6,6,6,6,6,6,6,6,6,6,6,0,0,0,5,6,6,6,6,6,6,6,6,6,5,1,0,0,0,0,3,4,4,4,4,4,4,4,1,0,0,0,0,1,"mfeat-pixel","att60",0.9
0,0,0,2,4,4,4,4,4,4,5,6,6,3,0,0,1,5,6,6,6,6,6,6,6,6,6,6,6,0,0,5,6,6,6,6,4,3,2,5,6,6,6,6,0,0,6,6,6,6,1,0,0,0,0,5,6,6,6,2.38,3,6,6,6,3,0,0,0,0,0,3,6,6,6,1,3,6,6,6,3,0,0,0,0,0,3,6,6,6,5,5,6,6,6,3,0,0,0,0,0,3,6,6,6,6,6,6,6,6,3,0,0,0,0,0,3,6,6,6,6,6,6,6,6,3,0,0,0,0,0,3,6,6,6,6,5,6,6,6,4,0,0,0,0,0,3,6,6,6,6,1,6,6,6,6,2,0,0,0,0,3,6,6,6,6,0,6,6,6,6,3,0,0,0,0,3,6,6,6,6,0,6,6,6,6,5,1,0,0,1,5,6,6,6,4,0,6,6,6,6,6,6,5,4,6,6,6,6,6,0,0,5,6,6,6,6,6,6,6,6,6,6,6,5,0,0,0,3,4,4,4,4,4,4,4,4,4,3,0,0,1,"mfeat-pixel","att60",0.9
0,3,4,4,4,4,4,4,4,4,4,1,0,0,0,0,6,6,6,6,6,4,6,6,6,6,4,0,0,0,0,6,6,6,6,1,0,1,5,6,6,6,2,0,0,0,3,6,6,6,0,0,0,0,5,6,6,5,0,-2.3,0,3,6,6,6,0,0,0,0,1,6,6,6,0,0,0,3,6,6,6,0,0,0,0,2,6,6,6,0,0,0,6,6,6,6,0,0,0,0,2,6,6,6,0,0,0,3,6,6,3,0,0,0,0,0,6,6,6,3,0,0,3,6,6,0,0,0,0,0,0,6,6,6,3,0,0,3,6,6,3,0,0,0,0,0,6,6,6,3,0,0,3,6,6,6,0,0,0,0,0,6,6,6,4,0,0,3,6,6,6,0,0,0,0,0,6,6,6,6,0,0,3,6,6,6,3,0,0,0,1,6,6,6,5,0,0,3,6,6,6,5,1,0,1,5,6,6,6,0,0,0,3,6,6,6,6,6,4,6,6,6,6,5,0,0,0,1,2,4,4,4,4,4,4,4,4,1,0,0,0,1,"mfeat-pixel","att60",0.9
0,1,4,4,4,4,4,3,0,0,0,0,0,0,0,1,6,6,6,6,6,6,6,6,3,1,0,0,0,0,3,6,6,6,6,6,6,6,6,6,6,5,3,0,0,3,6,6,6,6,6,6,4,6,6,6,6,6,2,-0.94,3,6,6,6,6,6,1,0,1,6,6,6,6,3,0,0,5,6,6,6,2,0,0,0,6,6,6,6,3,0,0,3,6,6,6,0,0,0,0,6,6,6,6,3,0,0,3,6,6,6,0,0,0,0,6,6,6,6,3,0,0,5,6,6,6,2,0,0,0,6,6,6,6,3,0,0,2,6,6,6,6,2,0,0,4,6,6,6,5,0,0,0,3,6,6,6,3,0,0,0,6,6,6,6,3,0,0,3,6,6,6,6,0,0,0,6,6,6,6,3,0,0,3,6,6,6,6,0,0,0,6,6,6,6,3,0,0,2,6,6,6,6,3,0,3,6,6,6,6,2,0,0,0,4,6,6,6,6,6,6,6,6,6,4,0,0,0,0,1,4,4,4,4,4,4,4,4,4,1,0,1,"mfeat-pixel","att60",0.9
0,3,4,4,4,4,6,5,4,3,0,0,0,0,0,0,6,6,6,6,6,6,6,6,6,5,1,0,0,0,1,6,6,6,3,1,0,3,6,6,6,4,0,0,0,5,6,6,3,0,0,0,0,1,6,6,6,5,0,-3.25,6,6,6,3,0,0,0,0,0,5,6,6,6,0,0,6,6,6,3,0,0,0,0,0,1,6,6,6,2,0,6,6,6,3,0,0,0,0,0,0,6,6,6,6,0,6,6,6,3,0,0,0,0,0,0,6,6,6,6,0,6,6,6,3,0,0,0,0,0,0,6,6,6,6,2,4,6,6,3,0,0,0,0,0,0,1,5,6,6,6,0,6,6,3,0,0,0,0,0,0,0,3,6,6,6,0,6,6,6,3,0,0,0,0,0,0,3,6,6,6,0,6,6,6,6,1,0,0,0,0,0,4,6,6,6,0,2,6,6,6,5,1,0,0,1,5,6,6,6,6,0,0,5,6,6,6,6,6,6,6,6,6,6,6,3,0,0,0,2,4,4,4,4,4,4,4,4,3,1,0,1,"mfeat-pixel","att60",0.9
0,0,1,5,6,6,6,6,6,6,2,0,0,0,0,0,0,4,6,6,3,3,6,6,6,4,0,0,0,0,0,2,6,6,6,0,0,1,5,6,6,4,0,0,0,0,3,6,6,5,0,0,0,0,4,6,6,5,0,-1.94,1,5,6,6,2,0,0,0,0,0,5,6,6,5,0,6,6,6,4,0,0,0,0,0,0,3,6,6,6,0,6,6,6,3,0,0,0,0,0,0,3,6,6,6,0,6,6,6,3,0,0,0,0,0,0,0,5,6,6,4,6,6,6,5,0,0,0,0,0,0,0,3,6,6,6,6,6,6,6,0,0,0,0,0,0,0,3,6,6,6,6,6,6,6,0,0,0,0,0,0,1,6,6,6,4,6,6,6,6,0,0,0,0,0,0,3,6,6,5,0,6,6,6,6,1,0,0,0,0,0,5,6,6,3,0,2,6,6,6,4,0,0,0,0,0,6,6,6,3,0,0,4,6,6,6,6,6,5,3,3,6,6,6,3,0,0,1,4,4,4,4,4,4,4,4,4,4,4,1,0,1,"mfeat-pixel","att60",0.9
0,0,0,0,2,5,6,6,6,6,5,4,3,0,0,0,0,5,6,6,6,6,6,6,6,6,6,6,5,1,0,2,6,6,6,3,2,2,2,3,6,6,6,6,6,0,6,6,6,3,0,0,0,0,0,3,6,6,6,6.53,0,6,6,6,3,0,0,0,0,0,3,6,6,6,3,0,6,6,6,3,0,0,0,0,0,3,6,6,6,5,1,6,6,6,4,0,0,0,0,0,2,6,6,6,6,5,6,6,6,5,0,0,0,0,0,1,6,6,6,5,4,6,6,6,5,0,0,0,0,0,3,6,6,6,3,3,6,6,6,6,3,0,0,0,0,3,6,6,6,3,1,6,6,6,6,3,0,0,0,0,2,6,6,6,1,3,6,6,6,6,3,0,0,0,0,1,6,6,6,3,1,6,6,6,6,5,1,0,0,0,3,6,6,6,3,0,2,6,6,6,6,6,5,4,4,6,6,6,6,3,0,0,1,5,6,6,6,6,6,6,6,6,6,6,4,0,0,0,0,1,4,4,4,4,4,4,4,4,4,3,1,"mfeat-pixel","att60",0.9
3,6,6,6,6,6,6,6,6,5,4,4,3,0,0,6,6,6,6,6,6,6,6,6,6,6,6,6,2,0,6,6,6,6,1,0,0,0,3,6,6,6,6,1,0,6,6,6,6,2,0,0,0,0,5,6,6,6,3,-0.47,6,6,6,6,3,0,0,0,0,3,6,6,6,5,0,2,6,6,6,3,0,0,0,0,3,6,6,6,6,0,0,6,6,6,3,0,0,0,0,3,6,6,6,6,3,0,6,6,6,5,0,0,0,0,0,5,6,6,6,3,0,6,6,6,5,0,0,0,0,0,3,6,6,6,3,0,6,6,6,3,0,0,0,0,0,3,6,6,6,3,0,6,6,6,5,0,0,0,0,0,0,6,6,6,3,0,6,6,6,6,3,0,0,0,0,4,6,6,6,3,0,6,6,6,6,1,0,0,0,2,6,6,6,6,3,0,6,6,6,6,5,2,2,2,5,6,6,6,6,3,0,5,6,6,6,6,6,6,6,6,6,6,6,6,3,0,0,3,4,4,4,4,4,4,4,4,4,4,3,0,1,"mfeat-pixel","att60",0.9
0,0,1,5,6,6,5,4,4,5,6,5,1,0,0,0,0,3,6,6,6,6,6,6,6,6,6,6,2,0,0,0,3,6,6,6,5,2,5,6,6,6,6,0,0,0,0,3,6,6,6,3,0,3,6,6,6,6,1,1.8,0,0,3,6,6,6,3,0,0,5,6,6,6,3,0,0,0,4,6,6,6,2,0,0,4,6,6,6,6,0,0,2,6,6,6,4,0,0,0,5,6,6,6,4,0,0,3,6,6,6,3,0,0,0,2,6,6,6,4,0,0,1,6,6,6,3,0,0,0,0,4,6,6,6,2,0,0,6,6,6,5,0,0,0,0,4,6,6,6,2,0,3,6,6,6,4,0,0,0,2,6,6,6,4,0,0,3,6,6,6,5,0,0,0,3,6,6,6,4,0,0,0,5,6,6,6,5,0,0,4,6,6,6,6,2,0,0,2,6,6,6,6,5,5,6,6,6,6,6,2,0,0,0,3,6,6,6,6,6,6,6,6,6,2,0,0,0,0,0,3,4,4,4,4,4,4,4,1,0,0,1,"mfeat-pixel","att60",0.9
0,2,6,6,6,6,4,4,4,6,4,1,0,0,0,0,1,6,6,6,6,6,6,6,6,6,5,1,0,0,0,4,6,6,6,6,5,4,6,6,6,6,6,0,0,0,6,6,6,6,6,0,0,1,6,6,6,6,0,-0.23,0,6,6,6,6,2,0,0,0,6,6,6,6,3,0,2,6,6,6,6,0,0,0,0,6,6,6,6,3,0,6,6,6,6,6,0,0,0,0,6,6,6,6,6,0,6,6,6,6,6,0,0,0,0,4,6,6,6,6,0,5,6,6,6,6,0,0,0,0,3,6,6,6,6,0,3,6,6,6,6,0,0,0,0,1,6,6,6,6,0,6,6,6,6,6,0,0,0,0,4,6,6,6,6,3,6,6,6,6,6,0,0,0,0,4,6,6,6,6,1,2,6,6,6,6,1,0,0,1,5,6,6,6,2,0,0,6,6,6,6,6,6,6,6,6,6,6,6,0,0,0,1,5,6,6,6,6,6,6,6,6,4,1,0,0,0,0,0,2,4,4,4,4,4,3,1,0,0,0,0,1,"mfeat-pixel","att60",0.9
0,1,3,4,4,4,4,4,1,0,0,0,0,0,0,2,6,6,6,6,6,6,6,6,2,0,0,0,0,0,3,6,6,6,5,2,5,6,6,5,0,0,0,0,0,3,6,6,6,1,0,0,6,6,6,5,0,0,0,-1.49,3,6,6,6,0,0,0,4,6,6,6,4,0,0,0,6,6,6,6,0,0,0,0,6,6,6,6,5,0,0,4,6,6,5,0,0,0,0,1,5,6,6,6,4,0,3,6,6,3,0,0,0,0,0,0,5,6,6,6,0,3,6,6,3,0,0,0,0,0,0,3,6,6,6,3,2,6,6,3,0,0,0,0,0,0,3,6,6,6,3,0,6,6,6,1,0,0,0,0,0,3,6,6,6,1,0,6,6,6,3,0,0,0,0,0,3,6,6,6,2,0,5,6,6,6,1,0,0,0,0,6,6,6,5,0,0,1,6,6,6,6,3,1,0,3,6,6,6,3,0,0,0,3,6,6,6,6,6,6,6,6,6,6,1,0,0,0,0,1,4,4,4,4,4,4,4,4,3,0,0,1,"mfeat-pixel","att60",0.9
0,0,0,2,5,5,4,6,6,6,5,2,0,0,0,0,2,6,6,6,6,6,6,6,6,6,6,5,1,0,0,3,6,6,6,4,0,0,2,5,6,6,6,5,0,0,5,6,6,6,3,0,0,0,3,6,6,6,6,-3.88,0,6,6,6,6,3,0,0,0,3,6,6,6,6,0,0,4,6,6,6,3,0,0,0,3,6,6,6,6,0,0,3,6,6,6,3,0,0,0,3,6,6,6,6,2,0,6,6,6,6,3,0,0,0,0,5,6,6,6,6,0,6,6,6,6,3,0,0,0,0,3,6,6,6,6,0,6,6,6,6,3,0,0,0,0,3,6,6,6,6,0,6,6,6,6,3,0,0,0,0,3,6,6,6,6,0,6,6,6,6,3,0,0,0,1,6,6,6,6,4,0,6,6,6,6,3,0,0,0,3,6,6,6,6,0,2,6,6,6,6,4,0,0,0,4,6,6,6,6,0,3,6,6,6,6,6,6,6,6,6,6,6,6,3,0,0,3,4,4,4,4,4,4,4,4,4,2,0,0,0,1,"mfeat-pixel","att60",0.9
0,0,0,1,4,5,6,6,6,6,5,2,0,0,0,0,0,1,5,6,6,6,6,6,6,6,6,6,5,1,0,3,6,6,6,6,4,2,2,3,6,6,6,6,6,0,6,6,6,5,1,0,0,0,0,3,6,6,6,7.04,1,6,6,6,5,0,0,0,0,0,2,6,6,6,6,5,6,6,6,4,0,0,0,0,0,0,6,6,6,6,5,6,6,6,3,0,0,0,0,0,3,6,6,6,6,4,6,6,6,3,0,0,0,0,0,0,6,6,6,6,5,6,6,6,3,0,0,0,0,0,2,6,6,6,6,1,6,6,6,3,0,0,0,0,0,3,6,6,6,6,4,6,6,6,3,0,0,0,0,0,4,6,6,6,5,5,6,6,6,4,0,0,0,0,2,6,6,6,6,1,3,6,6,6,6,2,0,0,0,3,6,6,6,6,0,3,6,6,6,6,6,4,2,4,6,6,6,6,3,0,0,5,6,6,6,6,6,6,6,6,6,5,1,0,0,0,0,3,4,4,4,4,4,4,4,3,0,0,0,0,1,"mfeat-pixel","att60",0.9
0,2,4,4,4,4,4,4,4,4,2,0,0,0,0,0,4,6,6,6,6,6,6,6,6,6,0,0,0,0,2,6,6,6,3,0,1,5,6,6,6,3,0,0,0,3,6,6,6,2,0,0,0,6,6,6,6,3,0,1.35,1,5,6,6,3,0,0,0,4,6,6,6,3,0,0,0,4,6,6,3,0,0,0,5,6,6,6,3,0,0,3,6,6,6,3,0,0,0,6,6,6,6,5,0,0,3,6,6,6,3,0,0,0,1,5,6,6,6,5,0,3,6,6,6,3,0,0,0,0,3,6,6,6,5,0,3,6,6,6,3,0,0,0,2,6,6,6,6,3,0,3,6,6,6,3,0,0,0,1,6,6,6,6,4,0,3,6,6,6,6,0,0,0,3,6,6,6,6,5,0,3,6,6,6,6,0,0,1,6,6,6,6,5,0,0,3,6,6,6,6,5,4,6,6,6,6,6,3,0,0,1,6,6,6,6,6,6,6,6,6,6,5,1,0,0,0,1,4,4,4,4,4,4,4,4,2,0,0,0,0,1,"mfeat-pixel","att60",0.9
0,0,3,4,4,6,6,4,4,3,1,0,0,0,0,0,4,6,6,6,6,6,6,6,6,6,4,1,0,0,2,6,6,6,6,4,2,3,6,6,6,6,6,0,0,6,6,6,6,1,0,0,0,1,6,6,6,6,2,1.7,5,6,6,6,0,0,0,0,0,2,6,6,6,6,0,4,6,6,6,0,0,0,0,0,0,6,6,6,6,0,6,6,6,3,0,0,0,0,0,0,4,6,6,6,1,6,6,6,5,0,0,0,0,0,2,6,6,6,6,3,6,6,6,4,0,0,0,0,0,0,6,6,6,6,1,4,6,6,6,0,0,0,0,0,0,6,6,6,6,2,3,6,6,6,0,0,0,0,0,0,6,6,6,6,2,1,6,6,6,1,0,0,0,0,0,6,6,6,6,0,0,5,6,6,5,0,0,0,0,1,6,6,6,2,0,0,3,6,6,6,5,4,4,4,6,6,6,6,0,0,0,1,5,6,6,6,6,6,6,6,6,6,5,0,0,0,0,0,1,3,4,4,4,4,4,4,3,0,0,0,1,"mfeat-pixel","att60",0.9
0,3,4,2,2,4,4,4,6,6,5,4,3,0,0,0,6,6,6,6,6,6,6,6,6,6,6,6,3,0,0,6,6,6,6,5,2,0,0,4,6,6,6,4,0,0,6,6,6,6,0,0,0,0,3,6,6,6,6,1.53,0,6,6,6,6,0,0,0,0,3,6,6,6,6,0,0,6,6,6,6,0,0,0,0,0,6,6,6,6,1,0,6,6,6,6,2,0,0,0,0,6,6,6,6,3,0,6,6,6,6,3,0,0,0,0,6,6,6,6,3,0,6,6,6,6,3,0,0,0,0,4,6,6,6,3,0,6,6,6,6,2,0,0,0,0,3,6,6,6,3,0,6,6,6,6,0,0,0,0,0,5,6,6,6,3,0,6,6,6,6,0,0,0,0,0,6,6,6,6,1,0,6,6,6,6,0,0,0,0,0,6,6,6,6,0,0,6,6,6,6,5,2,2,2,5,6,6,6,6,0,2,6,6,6,6,6,6,6,6,6,6,6,6,5,0,0,3,4,4,4,4,4,4,4,4,4,2,0,0,0,1,"mfeat-pixel","att60",0.9
0,0,0,0,0,1,3,4,6,3,1,0,0,0,0,0,0,0,0,3,6,6,6,6,6,6,6,5,1,0,0,0,0,0,6,6,6,6,6,6,6,6,6,6,2,0,0,0,5,6,6,1,0,1,6,6,6,6,6,4.74,0,0,5,6,6,6,0,0,0,3,6,6,6,6,0,0,4,6,6,5,1,0,0,0,6,6,6,6,6,0,0,6,6,6,4,0,0,0,0,3,6,6,6,6,0,2,6,6,6,4,0,0,0,0,6,6,6,6,6,2,6,6,6,6,3,0,0,0,0,6,6,6,6,6,6,6,6,6,6,3,0,0,0,0,4,6,6,6,6,6,6,6,6,6,4,0,0,0,0,0,6,6,6,6,6,6,6,6,6,6,0,0,0,0,2,6,6,6,6,4,4,6,6,6,6,3,0,0,3,6,6,6,6,5,0,3,6,6,6,6,6,6,6,6,6,6,6,5,1,0,0,3,6,6,6,6,6,6,6,4,4,3,0,0,0,0,0,1,3,4,4,4,4,1,0,0,0,0,0,0,1,"mfeat-pixel","att60",0.9
1,2,2,2,2,2,2,2,3,3,2,1,0,0,0,3,6,6,6,6,6,6,6,6,6,6,6,1,0,0,3,6,6,6,6,5,2,3,6,6,6,6,3,0,0,3,6,6,5,1,0,0,0,1,6,6,6,4,0,1.38,3,6,6,3,0,0,0,0,0,5,6,6,6,2,0,3,6,6,3,0,0,0,0,0,3,6,6,6,3,0,3,6,6,3,0,0,0,0,0,3,6,6,6,4,0,3,6,6,3,0,0,0,0,0,1,6,6,6,6,2,3,6,6,3,0,0,0,0,0,2,6,6,6,6,1,3,6,6,3,0,0,0,0,0,5,6,6,6,3,0,3,6,6,3,0,0,0,0,0,3,6,6,6,3,0,3,6,6,5,1,0,0,0,1,6,6,6,6,2,0,3,6,6,6,6,0,0,0,3,6,6,6,4,0,0,2,6,6,6,6,3,0,1,5,6,6,6,2,0,0,0,3,6,6,6,6,6,6,6,6,6,4,0,0,0,0,0,3,4,4,4,4,4,4,4,4,1,0,0,0,1,"mfeat-pixel","att60",0.9
0,0,0,0,0,3,4,6,6,6,6,3,0,0,0,0,0,0,1,5,6,6,6,6,6,6,6,2,0,0,0,0,1,6,6,6,6,6,6,6,6,6,6,0,0,0,0,5,6,6,4,0,0,1,6,6,6,6,1,-3.64,0,0,6,6,6,3,0,0,0,6,6,6,6,5,0,0,4,6,6,6,0,0,0,0,2,6,6,6,6,1,1,6,6,6,6,0,0,0,0,0,6,6,6,6,3,3,6,6,6,4,0,0,0,0,0,6,6,6,6,3,3,6,6,6,3,0,0,0,0,0,6,6,6,6,6,3,6,6,6,3,0,0,0,0,0,6,6,6,6,6,6,6,6,6,5,0,0,0,0,0,6,6,6,6,4,6,6,6,6,6,0,0,0,0,5,6,6,6,6,3,4,6,6,6,6,3,0,1,5,6,6,6,6,5,1,0,6,6,6,6,6,6,6,6,6,6,6,5,0,0,0,2,6,6,6,6,6,6,6,6,6,5,0,0,0,0,0,3,4,4,4,4,4,4,4,3,0,0,0,0,1,"mfeat-pixel","att60",0.9
0,0,0,0,0,0,0,1,5,6,6,6,5,1,0,0,0,0,0,0,0,3,6,6,6,6,6,6,6,2,0,0,0,0,0,3,6,6,6,4,4,6,6,6,6,0,0,0,0,5,6,6,6,4,0,0,3,6,6,5.53,0,0,0,3,6,6,6,6,3,0,2,6,6,6,6,0,0,0,4,6,6,6,3,0,0,6,6,6,6,3,0,0,0,6,6,6,6,2,0,0,6,6,6,4,0,0,1,5,6,6,6,1,0,0,4,6,6,6,3,0,0,5,6,6,6,6,0,0,4,6,6,6,6,2,0,3,6,6,6,6,3,0,2,6,6,6,6,3,0,0,6,6,6,6,1,0,0,5,6,6,6,6,0,0,0,6,6,6,3,0,0,3,6,6,6,6,2,0,0,0,6,6,6,3,0,0,5,6,6,6,2,0,0,0,0,4,6,6,4,2,5,6,6,6,2,0,0,0,0,0,3,6,6,6,6,6,6,6,6,0,0,0,0,0,0,2,4,4,4,4,4,4,4,1,0,0,0,0,0,0,1,"mfeat-pixel","att60",0.9
0,1,2,4,6,6,6,6,4,4,1,0,0,0,0,2,6,6,6,6,6,6,6,6,6,6,3,0,0,0,6,6,6,6,6,5,2,3,6,6,6,6,3,0,0,6,6,6,6,6,3,0,0,6,6,6,6,6,2,-0.68,4,6,6,6,6,3,0,0,2,6,6,6,6,6,0,0,6,6,6,6,2,0,0,0,6,6,6,6,6,0,0,6,6,6,6,2,0,0,0,6,6,6,6,6,0,0,4,6,6,6,6,0,0,0,6,6,6,6,6,0,0,0,6,6,6,6,0,0,0,6,6,6,6,6,0,0,0,4,6,6,4,0,0,0,3,6,6,6,6,3,0,0,1,6,6,5,1,0,0,5,6,6,6,6,0,0,0,3,6,6,6,5,0,0,1,6,6,6,6,0,0,0,4,6,6,6,6,0,0,0,3,6,6,3,0,0,0,3,6,6,6,6,3,0,1,6,6,6,5,0,0,0,0,3,6,6,6,6,6,6,6,6,6,3,0,0,0,0,0,1,4,4,4,4,4,4,4,4,0,0,1,"mfeat-pixel","att60",0.9
0,0,3,6,6,6,6,3,1,0,0,0,0,0,0,1,5,6,6,6,6,6,6,6,4,1,0,0,0,0,4,6,6,6,6,6,6,6,6,6,5,1,0,0,0,6,6,6,6,6,6,6,6,6,6,6,6,3,0,1.57,6,6,6,6,6,5,1,1,6,6,6,6,6,3,0,1,6,6,6,6,5,0,0,2,6,6,6,6,3,0,2,6,6,6,6,6,0,0,0,6,6,6,6,3,0,3,6,6,6,6,4,0,0,0,3,6,6,6,6,1,0,6,6,6,6,3,0,0,0,6,6,6,6,6,3,0,4,6,6,6,3,0,0,0,5,6,6,6,6,6,0,3,6,6,6,3,0,0,0,1,6,6,6,6,6,0,0,5,6,6,5,1,0,0,0,6,6,6,6,6,0,0,3,6,6,6,5,1,0,1,6,6,6,6,6,0,0,1,6,6,6,6,6,4,6,6,6,6,6,5,0,0,0,1,5,6,6,6,6,6,6,6,5,3,0,0,0,0,0,0,4,4,4,4,4,2,0,0,0,0,1,"mfeat-pixel","att60",0.9
0,5,6,6,6,6,6,6,6,5,2,0,0,0,0,3,6,6,6,6,5,4,5,6,6,6,5,3,0,0,3,6,6,6,4,0,0,0,2,5,6,6,6,4,0,2,6,6,6,3,0,0,0,0,0,5,6,6,6,-4.05,0,3,6,6,3,0,0,0,0,0,2,6,6,6,1,0,5,6,6,3,0,0,0,0,0,0,6,6,6,3,0,6,6,6,3,0,0,0,0,0,0,6,6,6,5,0,6,6,6,6,1,0,0,0,0,0,5,6,6,6,0,5,6,6,6,3,0,0,0,0,0,5,6,6,6,0,3,6,6,6,5,0,0,0,0,0,4,6,6,6,0,3,6,6,6,4,0,0,0,0,0,3,6,6,6,0,0,6,6,6,4,0,0,0,0,0,4,6,6,6,0,0,6,6,6,6,5,0,0,0,2,6,6,6,6,0,0,5,6,6,6,6,3,2,2,5,6,6,6,5,0,0,0,3,6,6,6,6,6,6,6,6,6,3,0,0,0,0,0,1,4,4,4,4,4,3,0,0,0,0,1,"mfeat-pixel","att60",0.9
0,0,0,2,5,6,6,5,1,0,0,0,0,0,0,0,1,5,6,6,6,6,6,6,6,6,5,3,0,0,1,6,6,6,6,3,2,2,4,4,6,6,6,4,0,3,6,6,6,3,0,0,0,0,0,3,6,6,6,3.82,5,6,6,6,3,0,0,0,0,0,3,6,6,6,3,6,6,6,6,3,0,0,0,0,0,3,6,6,6,5,6,6,6,6,2,0,0,0,0,0,3,6,6,6,3,6,6,6,6,1,0,0,0,0,0,3,6,6,6,2,6,6,6,6,3,0,0,0,0,0,4,6,6,6,0,6,6,6,6,3,0,0,0,0,2,6,6,6,6,0,5,6,6,6,3,0,0,0,0,1,6,6,6,6,0,3,6,6,6,6,1,0,0,0,2,6,6,6,5,0,2,6,6,6,6,3,0,0,3,6,6,6,6,1,0,0,6,6,6,6,6,4,5,6,6,6,6,6,0,0,0,3,6,6,6,6,6,6,5,4,3,2,1,0,0,0,0,0,2,4,4,4,3,0,0,0,0,0,0,0,1,"mfeat-pixel","att60",0.9
0,0,0,1,4,5,5,4,5,5,4,5,5,4,1,0,0,0,5,6,6,6,6,6,6,6,6,6,6,4,0,0,3,6,6,6,4,0,0,0,0,4,6,6,5,0,1,6,6,6,6,1,0,0,0,0,3,6,6,4.84,0,4,6,6,6,3,0,0,0,0,0,3,6,6,6,2,6,6,6,5,0,0,0,0,0,0,3,6,6,6,3,6,6,6,2,0,0,0,0,0,0,3,6,6,6,3,6,6,4,0,0,0,0,0,0,0,5,6,6,6,3,6,6,3,0,0,0,0,0,0,2,6,6,6,4,3,6,6,3,0,0,0,0,0,0,1,6,6,6,6,3,6,6,3,0,0,0,0,0,0,4,6,6,6,3,3,6,6,3,0,0,0,0,0,2,6,6,6,6,3,5,6,6,6,0,0,0,0,1,5,6,6,6,6,3,4,6,6,6,3,0,0,3,6,6,6,6,6,5,0,2,6,6,6,6,6,6,6,6,6,6,6,6,2,0,0,3,4,4,4,4,4,4,4,4,4,4,1,0,0,1,"mfeat-pixel","att60",0.9
0,0,0,0,1,4,5,6,2,0,3,6,3,0,0,0,0,0,3,6,6,6,6,2,0,6,6,6,2,0,0,0,3,6,6,6,3,0,0,0,5,6,6,4,0,0,3,6,6,6,4,0,0,0,0,3,6,6,6,3.7,0,6,6,6,6,1,0,0,0,0,3,6,6,6,0,1,6,6,6,3,0,0,0,0,0,3,6,6,6,5,3,6,6,6,3,0,0,0,0,0,1,6,6,6,6,5,6,6,6,3,0,0,0,0,0,0,3,6,6,6,6,6,6,6,3,0,0,0,0,0,0,3,6,6,6,6,6,6,6,0,0,0,0,0,0,0,3,6,6,6,6,6,6,5,0,0,0,0,0,0,0,3,6,6,6,6,6,6,5,0,0,0,0,0,0,1,6,6,6,5,3,6,6,6,5,0,0,0,0,0,5,6,6,6,3,2,6,6,6,6,5,2,2,2,5,6,6,6,6,1,0,1,5,6,6,6,6,6,6,6,6,6,5,1,0,0,0,0,2,4,4,4,4,4,4,2,0,0,0,0,1,"mfeat-pixel","att60",0.9
0,3,4,5,5,4,4,4,4,4,4,1,0,0,0,4,6,6,6,6,6,6,6,6,6,6,4,0,0,0,6,6,6,6,5,2,2,3,5,6,6,6,5,0,0,6,6,6,6,3,0,0,0,0,4,6,6,6,0,0.45,4,6,6,6,3,0,0,0,0,3,6,6,6,4,0,4,6,6,6,3,0,0,0,0,1,6,6,6,6,0,6,6,6,6,6,0,0,0,0,0,6,6,6,6,0,2,6,6,6,6,0,0,0,0,0,6,6,6,6,0,0,6,6,6,6,3,0,0,0,0,5,6,6,6,0,0,6,6,6,6,3,0,0,0,0,3,6,6,6,0,0,6,6,6,6,3,0,0,0,0,3,6,6,6,0,2,6,6,6,5,0,0,0,0,0,3,6,6,6,4,5,6,6,6,5,0,0,0,0,0,5,6,6,6,5,1,6,6,6,6,3,2,2,2,5,6,6,6,6,3,0,5,6,6,6,6,6,6,6,6,6,6,6,5,1,0,0,0,2,4,4,4,4,4,4,4,4,3,0,0,1,"mfeat-pixel","att60",0.9
0,0,0,2,5,5,4,6,4,4,1,0,0,0,0,0,1,5,6,6,6,6,6,6,6,3,0,0,0,0,1,6,6,6,6,6,6,6,6,6,6,1,0,0,0,3,6,6,6,6,3,3,6,6,6,6,5,1,0,2.58,4,6,6,6,3,0,0,5,6,6,6,6,6,0,0,5,6,6,6,3,0,0,1,6,6,6,6,6,0,0,1,6,6,6,5,0,0,0,6,6,6,6,6,2,0,0,6,6,6,6,2,0,0,5,6,6,6,6,6,0,0,6,6,6,4,0,0,0,1,6,6,6,6,6,0,3,6,6,6,6,1,0,0,1,5,6,6,6,6,1,0,5,6,6,6,5,1,0,0,3,6,6,6,6,3,0,0,6,6,6,6,6,3,0,4,6,6,6,6,5,0,0,5,6,6,6,6,6,6,6,6,6,6,6,6,0,0,0,4,6,6,6,6,6,6,6,6,6,6,3,0,0,0,0,3,6,6,6,6,6,6,6,5,1,0,0,0,0,0,0,1,4,4,4,4,4,3,0,0,0,1,"mfeat-pixel","att60",0.9
0,0,0,1,2,2,0,0,0,0,0,0,0,0,0,0,4,6,6,6,6,6,6,6,6,5,3,0,0,0,2,6,6,6,6,5,2,3,6,6,6,6,6,2,0,3,6,6,6,6,0,0,0,3,6,6,6,6,3,3.14,3,6,6,6,6,0,0,0,3,6,6,6,6,4,0,3,6,6,6,6,0,0,0,1,5,6,6,6,6,2,3,6,6,6,6,0,0,0,0,0,6,6,6,6,3,3,6,6,6,6,0,0,0,0,5,6,6,6,6,3,3,6,6,6,6,0,0,0,0,1,6,6,6,6,3,3,6,6,6,1,0,0,0,0,0,6,6,6,6,3,3,6,6,6,3,0,0,0,0,5,6,6,6,6,3,3,6,6,6,6,0,0,0,0,4,6,6,6,6,3,3,6,6,6,6,5,2,3,5,6,6,6,6,5,0,2,6,6,6,6,6,6,6,6,6,6,6,6,2,0,0,1,5,6,6,6,6,6,6,6,5,3,0,0,0,0,0,0,4,4,4,4,4,4,2,0,0,0,0,0,1,"mfeat-pixel","att60",0.9
0,0,1,2,4,4,4,4,4,4,4,4,1,0,0,0,0,5,6,6,6,6,6,6,6,6,6,3,0,0,0,5,6,6,6,6,5,1,1,5,6,6,5,0,0,0,4,6,6,6,4,0,0,0,5,6,6,6,3,2.68,1,6,6,6,6,0,0,0,2,6,6,6,6,1,0,2,6,6,6,6,0,0,0,2,6,6,6,3,0,0,0,4,6,6,6,0,0,0,0,6,6,6,6,0,0,0,3,6,6,6,4,0,0,0,5,6,6,6,1,0,0,3,6,6,6,5,0,0,0,3,6,6,6,5,0,0,3,6,6,6,1,0,0,0,3,6,6,6,6,0,0,3,6,6,6,2,0,0,0,3,6,6,6,3,0,0,3,6,6,6,6,0,0,0,3,6,6,6,6,0,0,2,6,6,6,6,0,0,0,4,6,6,6,3,0,0,0,4,6,6,6,5,2,5,6,6,6,6,2,0,0,0,3,6,6,6,6,6,6,6,6,6,3,0,0,0,0,1,4,4,4,4,4,4,4,4,1,0,0,0,1,"mfeat-pixel","att60",0.9
0,0,0,0,0,0,2,4,4,5,6,3,0,0,0,0,0,0,1,5,6,6,6,6,6,6,6,2,0,0,0,0,2,6,6,6,6,4,5,6,6,6,6,2,0,0,0,6,6,6,6,3,0,0,2,5,6,6,6,-0.84,0,0,6,6,6,6,3,0,0,0,4,6,6,6,4,0,0,6,6,6,6,0,0,0,3,6,6,6,6,6,0,0,6,6,6,5,0,0,0,0,4,6,6,6,6,0,4,6,6,6,3,0,0,0,0,2,6,6,6,6,0,6,6,6,6,3,0,0,0,0,1,6,6,6,6,0,6,6,6,6,3,0,0,0,0,6,6,6,6,6,2,6,6,6,6,3,0,0,0,2,6,6,6,6,6,3,6,6,6,6,3,0,0,0,3,6,6,6,6,4,2,6,6,6,6,6,3,0,0,4,6,6,6,6,3,0,6,6,6,6,6,6,5,5,6,6,6,6,6,1,0,2,6,6,6,6,6,6,6,6,6,6,6,2,0,0,0,3,4,4,4,4,4,4,4,4,4,3,0,0,1,"mfeat-pixel","att60",0.9
2,6,6,6,6,6,6,6,6,6,3,0,0,0,0,3,6,6,6,6,6,6,6,6,6,6,5,0,0,0,3,6,6,6,6,3,0,2,5,6,6,6,1,0,0,3,6,6,6,5,0,0,0,3,6,6,6,5,0,-2,1,6,6,6,4,0,0,0,2,6,6,6,6,0,0,0,4,6,6,6,0,0,0,0,6,6,6,6,3,0,0,4,6,6,6,0,0,0,0,6,6,6,6,4,0,0,6,6,6,4,0,0,0,0,4,6,6,6,6,0,0,6,6,6,4,0,0,0,0,3,6,6,6,6,3,0,6,6,6,6,0,0,0,0,4,6,6,6,6,0,0,6,6,6,6,0,0,0,0,6,6,6,6,6,0,3,6,6,6,4,0,0,0,0,4,6,6,6,6,0,3,6,6,6,4,0,0,0,1,5,6,6,6,6,0,6,6,6,6,6,5,3,3,6,6,6,6,6,5,0,5,6,6,6,6,6,6,6,6,6,6,6,5,1,0,0,3,4,4,4,4,4,4,4,4,3,1,0,0,0,1,"mfeat-pixel","att60",0.9
0,0,3,6,6,6,4,4,6,6,6,6,3,0,0,0,2,6,6,5,1,0,0,1,5,6,6,6,1,0,0,6,6,6,0,0,0,0,0,0,3,6,6,5,0,2,6,6,5,0,0,0,0,0,0,0,6,6,6,1.18,6,6,6,1,0,0,0,0,0,0,0,6,6,6,3,6,6,6,0,0,0,0,0,0,0,0,2,6,6,5,6,6,6,0,0,0,0,0,0,0,0,0,6,6,6,6,6,6,0,0,0,0,0,0,0,0,4,6,6,4,1,5,6,0,0,0,0,0,0,0,0,6,6,6,0,0,5,6,4,0,0,0,0,0,0,0,2,6,6,0,2,6,6,4,0,0,0,0,0,0,0,1,6,6,3,3,6,6,5,0,0,0,0,0,0,0,5,6,6,1,0,6,6,6,0,0,0,0,0,0,3,6,6,6,2,0,4,6,6,3,1,0,0,0,3,6,6,6,6,2,0,2,6,6,6,6,4,2,3,6,6,6,5,1,0,0,0,1,4,4,4,4,4,4,4,4,3,0,0,0,1,"mfeat-pixel","att60",0.9
0,0,0,0,0,0,0,0,1,2,3,4,1,0,0,0,0,0,0,0,0,0,3,6,6,6,6,6,5,1,0,0,0,0,0,0,4,6,6,6,6,6,6,6,3,0,0,0,0,1,5,6,6,6,6,6,6,6,6,4.08,0,0,0,3,6,6,6,6,5,1,0,3,6,6,3,0,0,3,6,6,6,6,3,0,0,0,1,6,6,6,0,0,6,6,6,6,3,0,0,0,0,6,6,6,6,0,3,6,6,5,1,0,0,0,0,1,6,6,6,5,3,6,6,5,1,0,0,0,0,1,6,6,6,3,0,5,6,6,3,0,0,0,0,0,5,6,6,6,0,0,6,6,6,0,0,0,0,0,4,6,6,5,1,0,0,6,6,6,2,0,0,0,3,6,6,6,3,0,0,0,3,6,6,3,0,0,2,6,6,6,3,0,0,0,0,1,6,6,5,2,3,6,6,6,2,0,0,0,0,0,0,3,6,6,6,6,6,6,3,0,0,0,0,0,0,0,1,4,4,4,4,4,1,0,0,0,0,0,0,0,1,"mfeat-pixel","att60",0.9
0,2,6,6,6,6,6,6,6,6,6,6,6,6,5,0,1,6,6,6,6,6,6,6,6,6,6,6,6,6,0,0,6,6,6,6,4,4,4,4,6,6,6,6,6,0,0,6,6,6,3,0,0,0,0,3,6,6,6,8.65,0,0,6,6,6,3,0,0,0,0,3,6,6,6,6,0,0,6,6,6,3,0,0,0,0,3,6,6,6,6,0,2,6,6,6,1,0,0,0,0,5,6,6,6,4,0,6,6,6,3,0,0,0,0,3,6,6,6,6,0,2,6,6,6,3,0,0,0,0,3,6,6,6,6,0,6,6,6,6,1,0,0,0,0,1,6,6,6,6,0,6,6,6,4,0,0,0,0,0,0,3,6,6,6,0,6,6,6,6,0,0,0,0,0,0,6,6,6,6,0,5,6,6,6,1,0,0,0,0,0,4,6,6,6,1,4,6,6,6,4,0,0,1,3,4,6,6,6,6,2,5,6,6,6,6,6,6,6,6,6,6,6,6,5,0,1,4,4,4,4,4,4,4,4,4,4,4,3,0,0,1,"mfeat-pixel","att60",0.9
0,0,3,6,6,6,6,6,6,6,6,6,3,0,0,0,1,6,6,6,6,3,2,2,3,6,6,6,4,0,0,5,6,6,6,1,0,0,0,0,5,6,6,6,0,0,6,6,6,6,0,0,0,0,0,1,6,6,6,-1.86,2,6,6,6,6,0,0,0,0,0,0,6,6,6,5,3,6,6,6,2,0,0,0,0,0,0,6,6,6,6,3,6,6,6,0,0,0,0,0,0,0,6,6,6,6,2,6,6,6,0,0,0,0,0,0,0,6,6,6,6,0,6,6,6,2,0,0,0,0,0,0,6,6,6,6,0,4,6,6,6,0,0,0,0,0,0,6,6,6,6,0,0,6,6,6,0,0,0,0,0,0,6,6,6,6,0,0,6,6,6,3,0,0,0,0,4,6,6,6,4,0,0,5,6,6,4,0,0,0,3,6,6,6,5,0,0,0,1,6,6,6,5,4,5,6,6,6,5,1,0,0,0,0,3,6,6,6,6,6,6,6,5,1,0,0,0,0,0,0,1,4,4,1,0,0,0,0,0,0,0,1,"mfeat-pixel","att60",0.9
0,0,3,6,6,5,4,5,5,2,0,0,0,0,0,0,2,6,6,6,6,6,6,6,6,5,0,0,0,0,1,6,6,6,1,0,3,6,6,6,6,2,0,0,0,5,6,6,6,0,0,0,1,6,6,6,6,0,0,0.02,6,6,6,3,0,0,0,0,1,6,6,6,4,0,0,6,6,6,4,0,0,0,0,0,3,6,6,6,1,0,6,6,6,6,0,0,0,0,0,3,6,6,6,5,0,3,6,6,6,0,0,0,0,0,0,3,6,6,6,0,3,6,6,6,0,0,0,0,0,0,0,6,6,6,0,1,6,6,6,3,0,0,0,0,0,0,6,6,6,2,0,6,6,6,6,5,0,0,0,0,0,6,6,6,6,0,2,6,6,6,6,5,0,0,0,0,2,6,6,6,0,0,1,6,6,6,6,4,0,0,0,0,6,6,6,0,0,0,1,5,6,6,6,2,0,0,1,6,6,6,0,0,0,0,0,4,6,6,6,4,4,6,6,6,6,0,0,0,0,0,1,4,4,4,4,4,4,4,4,3,1,"mfeat-pixel","att60",0.9
0,3,4,5,6,6,6,4,6,5,4,4,3,0,0,4,6,6,6,6,6,6,6,6,6,6,6,6,5,0,6,6,6,6,6,5,2,2,2,5,6,6,6,6,0,6,6,6,6,4,0,0,0,0,1,6,6,6,6,-4.05,2,6,6,6,3,0,0,0,0,1,6,6,6,6,0,0,6,6,6,5,0,0,0,0,0,3,6,6,6,0,0,6,6,6,6,0,0,0,0,0,5,6,6,6,3,0,6,6,6,3,0,0,0,0,0,5,6,6,6,3,0,6,6,6,6,0,0,0,0,0,3,6,6,6,4,0,6,6,6,6,0,0,0,0,0,3,6,6,6,4,0,6,6,6,6,3,0,0,0,0,5,6,6,6,4,0,6,6,6,6,3,0,0,0,0,5,6,6,6,5,0,6,6,6,6,4,0,0,0,1,5,6,6,6,3,0,5,6,6,6,6,5,4,5,6,6,6,6,6,1,0,1,6,6,6,6,6,6,6,6,6,6,6,4,0,0,0,3,4,4,4,4,4,4,4,4,4,3,0,0,1,"mfeat-pixel","att60",0.9
0,0,0,0,2,3,4,4,4,4,1,0,0,0,0,0,0,0,3,6,6,6,6,6,6,6,4,2,0,0,0,2,6,6,6,6,6,6,6,6,6,6,5,0,0,0,3,6,6,6,6,5,3,6,6,6,6,6,3,0.32,1,6,6,6,6,4,0,0,3,6,6,6,6,5,0,2,6,6,6,6,5,0,0,3,6,6,6,6,6,2,0,6,6,6,6,6,0,0,3,6,6,6,6,4,0,0,6,6,6,6,1,0,0,3,6,6,6,6,3,0,0,4,6,6,6,0,0,0,2,6,6,6,6,3,0,0,3,6,6,4,0,0,0,0,4,6,6,6,3,0,0,3,6,6,5,0,0,0,3,6,6,6,6,3,0,0,3,6,6,6,0,0,0,3,6,6,6,6,6,1,0,6,6,6,6,3,0,3,6,6,6,6,6,6,2,0,4,6,6,6,6,6,6,6,6,6,6,6,4,0,0,0,5,6,6,6,6,6,6,6,6,6,5,0,0,0,0,1,2,2,3,4,4,4,4,4,3,1,0,0,1,"mfeat-pixel","att60",0.9
0,1,2,2,4,4,4,4,2,0,0,0,0,0,0,1,6,6,6,6,6,6,6,6,6,4,2,0,0,0,3,6,6,6,6,6,6,6,6,6,6,6,1,0,0,3,6,6,6,6,5,2,5,6,6,6,6,6,2,-0.04,3,6,6,6,6,0,0,0,4,6,6,6,6,3,0,3,6,6,6,6,0,0,0,3,6,6,6,6,3,0,3,6,6,6,6,0,0,0,2,6,6,6,6,3,0,3,6,6,6,6,0,0,0,0,1,6,6,6,4,0,3,6,6,6,6,0,0,0,0,0,6,6,6,6,2,2,6,6,6,6,1,0,0,0,0,6,6,6,6,3,0,4,6,6,6,6,0,0,0,0,6,6,6,6,3,0,3,6,6,6,3,0,0,0,0,5,6,6,6,3,0,3,6,6,6,6,2,0,0,0,1,6,6,6,3,0,2,6,6,6,6,4,0,0,1,6,6,6,6,3,0,0,1,5,6,6,6,5,4,6,6,6,6,6,1,0,0,0,0,1,3,4,4,4,4,4,2,2,1,0,1,"mfeat-pixel","att60",0.9
0,1,3,4,4,4,4,4,4,4,4,4,3,1,0,2,6,6,6,5,4,4,4,4,6,6,6,6,4,0,3,6,6,4,0,0,0,0,0,1,6,6,6,6,2,3,6,6,3,0,0,0,0,0,0,6,6,6,6,3.29,3,6,6,6,3,0,0,0,0,0,5,6,6,6,3,0,6,6,6,5,0,0,0,0,0,5,6,6,6,2,2,6,6,4,0,0,0,0,0,2,6,6,6,4,0,3,6,6,3,0,0,0,0,0,0,6,6,6,4,0,3,6,6,3,0,0,0,0,0,0,6,6,6,6,2,3,6,6,3,0,0,0,0,0,0,6,6,6,6,3,3,6,6,3,0,0,0,0,0,0,6,6,6,6,1,3,6,6,3,0,0,0,0,0,0,6,6,6,3,0,3,6,6,5,1,0,0,0,0,0,6,6,6,3,0,3,6,6,6,6,1,0,0,0,3,6,6,6,3,0,2,6,6,6,6,6,4,4,6,6,6,6,5,1,0,0,1,3,4,4,4,4,4,4,3,2,2,0,0,0,1,"mfeat-pixel","att60",0.9
0,0,0,0,0,1,3,6,4,3,1,0,0,0,0,0,0,0,1,5,6,6,6,6,6,6,5,0,0,0,0,0,3,6,6,3,3,6,6,6,6,6,4,0,0,1,5,6,6,3,0,0,4,6,6,6,6,6,1,-1.41,3,6,6,6,1,0,0,0,4,6,6,6,6,5,0,5,6,6,6,0,0,0,0,0,6,6,6,6,6,4,6,6,6,6,0,0,0,0,0,5,6,6,6,6,6,6,6,6,6,0,0,0,0,0,1,6,6,6,6,6,6,6,6,6,1,0,0,0,0,1,6,6,6,6,3,6,6,6,6,5,1,0,0,0,3,6,6,6,6,3,4,6,6,6,6,5,0,0,0,5,6,6,6,6,0,0,6,6,6,6,6,0,0,0,6,6,6,6,5,0,0,3,6,6,6,6,4,0,4,6,6,6,5,1,0,0,1,5,6,6,6,6,6,6,6,6,6,3,0,0,0,0,0,3,6,6,6,6,6,6,6,5,0,0,0,0,0,0,0,1,3,4,4,4,3,1,0,0,0,0,1,"mfeat-pixel","att60",0.9
0,0,0,0,0,0,3,6,6,6,4,4,3,0,0,0,0,0,0,1,5,6,6,6,6,6,6,6,4,0,0,0,0,3,6,6,6,6,3,3,6,6,6,6,1,0,0,1,6,6,6,6,1,0,0,6,6,6,6,6.86,0,1,6,6,6,6,2,0,0,0,6,6,6,6,6,0,6,6,6,6,6,0,0,0,0,6,6,6,6,6,0,6,6,6,6,2,0,0,0,0,6,6,6,6,6,2,6,6,6,6,0,0,0,0,0,6,6,6,6,6,6,6,6,6,6,0,0,0,0,0,6,6,6,6,6,4,6,6,6,6,0,0,0,0,0,6,6,6,6,6,3,6,6,6,6,0,0,0,0,0,6,6,6,6,6,6,6,6,6,6,2,0,0,0,5,6,6,6,6,2,5,6,6,6,6,6,1,1,5,6,6,6,6,4,0,1,6,6,6,6,6,6,6,6,6,6,6,4,0,0,0,5,6,6,6,6,6,6,6,6,6,3,0,0,0,0,0,3,4,4,4,4,4,4,3,1,0,0,0,0,1,"mfeat-pixel","att60",0.9
0,0,0,0,0,3,4,6,6,6,4,3,0,0,0,0,0,0,1,3,6,6,6,6,6,6,6,5,0,0,0,0,0,6,6,6,6,1,1,6,6,6,6,2,0,0,0,2,6,6,6,6,0,0,4,6,6,6,6,0.42,0,0,3,6,6,6,3,0,0,0,6,6,6,6,0,0,0,6,6,6,3,0,0,0,0,6,6,6,6,0,0,4,6,6,6,0,0,0,0,0,6,6,6,6,4,0,6,6,6,5,0,0,0,0,0,6,6,6,6,5,1,6,6,6,1,0,0,0,0,2,6,6,6,6,1,5,6,6,6,2,0,0,0,0,6,6,6,6,5,0,6,6,6,6,3,0,0,0,0,6,6,6,6,1,0,6,6,6,6,3,0,0,0,0,6,6,6,6,0,0,6,6,6,6,6,1,0,0,1,6,6,6,5,0,0,5,6,6,6,6,6,4,4,6,6,6,6,3,0,0,1,5,6,6,6,6,6,6,6,6,6,3,0,0,0,0,0,1,3,4,4,4,4,4,3,0,0,0,0,0,1,"mfeat-pixel","att60",0.9
0,0,0,0,0,0,0,0,1,3,6,5,3,0,0,0,0,3,5,6,6,6,6,6,6,6,6,6,4,0,0,4,6,6,6,6,5,5,6,6,6,6,6,6,0,0,6,6,6,6,4,0,0,0,1,5,6,6,6,4.45,0,6,6,6,6,0,0,0,0,0,0,4,6,6,5,1,6,6,6,6,3,0,0,0,0,0,4,6,6,5,5,6,6,6,6,1,0,0,0,0,5,6,6,6,1,3,6,6,6,6,0,0,0,0,0,6,6,6,6,0,2,6,6,6,6,0,0,0,0,0,6,6,6,6,0,1,6,6,6,6,0,0,0,0,0,6,6,6,6,0,5,6,6,6,3,0,0,0,0,2,6,6,6,4,0,6,6,6,3,0,0,0,0,0,6,6,6,6,0,0,6,6,6,6,3,0,0,1,5,6,6,6,6,4,0,2,6,6,6,6,0,0,3,6,6,6,6,6,3,0,0,5,6,6,6,5,4,6,6,6,6,4,1,0,0,0,0,3,4,4,4,4,2,0,0,0,0,0,0,0,1,"mfeat-pixel","att60",0.9
0,0,0,0,0,2,5,6,5,4,3,0,0,0,0,0,0,0,3,6,6,6,6,6,6,6,5,0,0,0,0,0,5,6,6,6,6,6,6,6,6,6,4,0,0,0,0,6,6,6,6,5,2,5,6,6,6,5,0,0.19,0,4,6,6,6,4,0,0,3,6,6,6,5,1,0,4,6,6,6,6,3,0,0,1,6,6,6,6,6,0,6,6,6,6,6,3,0,0,0,3,6,6,6,6,0,6,6,6,6,5,1,0,0,0,6,6,6,6,6,0,3,6,6,6,4,0,0,0,0,3,6,6,6,6,2,3,6,6,6,6,3,0,0,0,5,6,6,6,6,6,0,6,6,6,6,5,0,0,3,6,6,6,6,6,2,3,6,6,6,6,6,4,0,4,6,6,6,6,4,0,0,4,6,6,6,6,6,6,6,6,6,6,5,0,0,0,0,6,6,6,6,6,6,6,6,6,6,1,0,0,0,0,3,6,6,6,6,6,6,6,6,3,0,0,0,0,0,0,1,3,4,4,4,4,2,0,0,0,0,0,1,"mfeat-pixel","att60",0.9
0,0,1,2,2,3,4,4,2,1,0,0,0,0,0,0,3,6,6,6,6,6,6,6,6,5,1,0,0,0,0,6,6,6,6,6,6,6,6,6,6,5,1,0,0,0,3,6,6,6,3,2,2,3,6,6,6,6,3,0.91,0,3,6,6,6,0,0,0,0,6,6,6,6,4,0,0,0,6,6,6,2,0,0,0,6,6,6,6,3,0,0,0,6,6,6,6,0,0,0,6,6,6,6,6,0,0,0,6,6,6,6,0,0,0,4,6,6,6,6,0,0,4,6,6,6,5,0,0,0,1,6,6,6,6,3,0,6,6,6,6,3,0,0,0,3,6,6,6,6,1,0,6,6,6,6,6,0,0,0,4,6,6,6,6,0,1,6,6,6,6,6,0,0,0,5,6,6,6,6,3,3,6,6,6,6,6,0,0,0,1,6,6,6,6,1,0,6,6,6,6,6,5,2,2,5,6,6,6,6,3,0,3,6,6,6,6,6,6,6,6,6,6,6,6,1,0,0,1,2,3,4,4,4,4,3,2,2,2,1,0,1,"mfeat-pixel","att60",0.9
0,5,6,6,6,6,6,6,6,6,4,1,0,0,0,4,6,6,6,6,6,6,6,6,6,6,4,0,0,0,5,6,6,6,6,1,0,0,1,6,6,6,5,0,0,3,6,6,6,6,0,0,0,0,6,6,6,6,1,2.34,5,6,6,5,1,0,0,0,0,5,6,6,6,3,0,3,6,6,4,0,0,0,0,0,1,6,6,6,4,0,4,6,6,6,3,0,0,0,0,0,6,6,6,6,3,5,6,6,6,0,0,0,0,0,0,6,6,6,6,1,3,6,6,6,5,0,0,0,0,0,6,6,6,6,2,3,6,6,6,6,0,0,0,0,0,6,6,6,6,5,1,6,6,6,6,1,0,0,0,2,6,6,6,6,3,0,6,6,6,6,5,0,0,0,3,6,6,6,6,5,0,5,6,6,6,6,0,0,0,5,6,6,6,6,1,0,1,6,6,6,6,1,1,3,6,6,6,6,6,0,0,0,5,6,6,6,6,6,6,6,6,6,6,3,0,0,0,0,3,4,4,4,4,4,4,4,2,0,0,0,1,"mfeat-pixel","att60",0.9
0,0,2,4,4,4,4,4,4,4,2,2,1,0,0,0,3,6,6,6,5,4,5,6,6,6,6,4,0,0,0,4,6,6,4,0,0,0,1,5,6,6,6,2,0,1,6,6,6,3,0,0,0,0,3,6,6,6,6,-2.44,3,6,6,6,3,0,0,0,0,0,6,6,6,6,0,2,6,6,6,3,0,0,0,0,0,6,6,6,6,0,0,4,6,6,3,0,0,0,0,0,4,6,6,6,0,0,3,6,6,6,1,0,0,0,0,3,6,6,5,0,0,3,6,6,6,2,0,0,0,0,4,6,6,5,0,0,3,6,6,6,0,0,0,0,2,6,6,6,6,0,0,3,6,6,6,0,0,0,0,1,6,6,6,4,0,0,3,6,6,6,0,0,0,0,2,6,6,6,6,0,0,3,6,6,6,3,0,0,0,4,6,6,6,2,0,0,3,6,6,6,6,5,4,5,6,6,6,3,0,0,0,1,4,6,6,6,6,6,6,6,5,1,0,0,0,0,0,0,1,4,2,2,3,4,1,0,0,0,0,0,1,"mfeat-pixel","att60",0.9
0,0,0,0,1,2,2,4,4,3,1,0,0,0,0,0,2,4,5,6,6,6,6,6,6,6,5,2,0,0,1,6,6,6,6,6,6,6,6,6,6,6,6,4,0,3,6,6,6,6,3,0,1,2,5,6,6,6,6,-2.1,3,6,6,6,1,0,0,0,0,0,6,6,6,6,3,3,6,6,6,5,0,0,0,0,0,6,6,6,6,3,3,6,6,6,6,0,0,0,0,1,6,6,6,6,3,3,6,6,6,6,0,0,0,0,5,6,6,6,6,3,3,6,6,6,6,0,0,0,0,5,6,6,6,6,3,3,6,6,6,6,0,0,0,0,4,6,6,6,6,1,3,6,6,6,6,0,0,0,3,6,6,6,6,3,0,3,6,6,6,6,0,0,0,3,6,6,6,6,3,0,3,6,6,6,6,1,0,0,3,6,6,6,6,3,0,3,6,6,6,6,6,3,3,6,6,6,6,6,3,0,0,5,6,6,6,6,6,6,6,6,6,6,3,0,0,0,1,3,4,4,4,4,4,4,3,2,2,0,0,0,1,"mfeat-pixel","att60",0.9
0,0,0,0,2,5,6,4,4,1,0,0,0,0,0,0,0,3,5,6,6,6,6,6,6,3,0,0,0,0,0,2,6,6,6,6,6,6,6,6,6,3,0,0,0,0,6,6,6,6,4,0,1,6,6,6,6,3,0,-1.24,2,6,6,6,6,3,0,0,6,6,6,6,5,0,0,1,6,6,6,6,3,0,0,3,6,6,6,6,0,0,2,6,6,6,6,1,0,0,1,6,6,6,6,0,0,6,6,6,6,3,0,0,0,1,4,4,4,3,0,0,6,6,6,6,6,1,0,0,3,4,4,3,1,0,0,2,6,6,6,6,3,0,0,3,6,6,6,6,0,0,0,6,6,6,6,6,3,0,0,3,6,6,6,1,0,0,2,6,6,6,6,6,0,0,3,6,6,6,5,0,0,0,6,6,6,6,6,0,0,3,6,6,6,6,1,0,0,5,6,6,6,6,5,2,5,6,6,6,6,3,0,0,0,4,6,6,6,6,6,6,6,6,6,5,1,0,0,0,2,4,4,4,4,4,4,4,4,3,0,0,1,"mfeat-pixel","att60",0.9
0,0,3,6,6,6,6,6,3,0,0,0,0,0,0,0,4,6,6,6,6,6,6,6,4,0,0,0,0,0,4,6,6,6,6,6,6,6,6,6,4,0,0,0,0,6,6,6,6,6,6,6,6,6,6,6,1,0,0,0.98,6,6,6,6,6,1,1,5,6,6,6,6,3,0,0,6,6,6,6,4,0,0,0,6,6,6,6,6,0,0,6,6,6,6,4,0,0,0,4,6,6,6,6,0,0,6,6,6,6,6,0,0,0,0,6,6,6,6,0,0,2,6,6,6,6,4,0,0,0,6,6,6,6,4,0,2,6,6,6,6,6,0,0,0,6,6,6,6,6,0,2,6,6,6,6,6,0,0,0,4,6,6,6,6,0,0,6,6,6,6,6,0,0,0,0,6,6,6,6,2,0,4,6,6,6,6,1,0,0,2,6,6,6,6,3,0,0,4,6,6,6,6,5,4,6,6,6,6,6,2,0,0,0,4,6,6,6,6,6,6,6,6,5,1,0,0,0,0,0,4,4,4,4,4,4,3,1,0,0,0,1,"mfeat-pixel","att60",0.9
0,3,6,6,6,6,6,6,6,6,3,0,0,0,0,2,6,6,6,6,6,6,6,6,6,6,2,0,0,0,3,6,6,6,5,1,1,5,6,6,6,6,1,0,0,6,6,6,6,3,0,0,0,4,6,6,6,4,0,0.21,4,6,6,6,3,0,0,0,0,5,6,6,6,2,0,5,6,6,6,3,0,0,0,0,3,6,6,6,5,0,5,6,6,6,5,0,0,0,0,1,6,6,6,6,3,4,6,6,6,5,0,0,0,0,0,6,6,6,6,3,5,6,6,6,5,0,0,0,0,0,3,6,6,6,4,3,6,6,6,6,3,0,0,0,0,3,6,6,6,6,3,6,6,6,6,0,0,0,0,0,3,6,6,6,6,1,6,6,6,6,5,0,0,0,0,4,6,6,6,6,0,3,6,6,6,6,3,0,0,2,6,6,6,6,3,0,3,6,6,6,6,5,2,2,5,6,6,6,6,2,0,1,6,6,6,6,6,6,6,6,6,6,6,3,0,0,0,1,4,4,4,4,4,4,4,4,4,1,0,0,1,"mfeat-pixel","att60",0.9
0,0,0,2,4,4,4,5,6,5,1,0,0,0,0,0,1,5,6,6,6,6,6,6,6,6,6,5,1,0,1,5,6,6,6,3,0,0,1,5,6,6,6,5,0,3,6,6,6,6,0,0,0,0,1,6,6,6,6,-1.54,3,6,6,6,6,0,0,0,0,0,1,6,6,6,5,3,6,6,6,6,0,0,0,0,0,0,6,6,6,6,3,6,6,6,1,0,0,0,0,0,0,6,6,6,6,3,6,6,6,0,0,0,0,0,0,0,5,6,6,6,3,6,6,6,5,0,0,0,0,0,0,3,6,6,6,3,6,6,6,6,0,0,0,0,0,1,5,6,6,6,3,6,6,6,5,0,0,0,0,0,6,6,6,6,5,3,6,6,6,1,0,0,0,0,0,6,6,6,6,1,3,6,6,6,6,0,0,0,0,2,6,6,6,6,1,3,6,6,6,6,1,0,0,0,4,6,6,6,6,5,0,5,6,6,6,6,6,6,6,6,6,6,6,6,3,0,0,0,3,4,4,4,4,4,4,4,4,3,1,0,1,"mfeat-pixel","att60",0.9
0,0,1,2,4,4,4,3,1,0,0,0,0,0,0,0,2,6,6,6,6,6,6,6,5,2,0,0,0,0,0,5,6,6,6,6,5,6,6,6,6,5,0,0,0,0,5,6,6,6,4,0,1,5,6,6,6,0,0,2.7,2,6,6,6,6,3,0,0,1,6,6,6,0,0,0,0,4,6,6,6,6,0,0,0,5,6,6,5,1,0,0,2,6,6,6,6,1,0,0,1,6,6,6,3,0,0,0,6,6,6,6,3,0,0,2,6,6,6,3,0,0,0,4,6,6,6,3,0,0,3,6,6,6,3,0,0,0,5,6,6,6,3,0,0,1,6,6,6,4,0,0,0,6,6,6,6,4,0,0,0,1,6,6,6,0,0,3,6,6,6,6,6,0,0,0,2,6,6,6,2,0,0,1,5,6,6,6,3,0,0,3,6,6,6,3,0,0,0,3,6,6,6,4,0,0,4,6,6,6,1,0,0,0,3,6,6,6,6,5,5,6,6,6,3,0,0,0,0,0,3,4,4,4,4,4,4,2,2,0,0,1,"mfeat-pixel","att60",0.9
0,0,0,0,1,5,6,6,6,6,6,3,0,0,0,0,0,0,3,6,6,6,6,6,6,6,6,5,1,0,0,1,5,6,6,6,6,1,0,3,6,6,6,5,0,0,5,6,6,6,6,6,0,0,0,4,6,6,6,-0.35,0,4,6,6,6,6,5,0,0,0,4,6,6,6,3,0,5,6,6,6,4,0,0,0,0,6,6,6,6,1,0,6,6,6,6,3,0,0,0,0,6,6,6,6,0,0,6,6,6,6,3,0,0,0,0,6,6,6,6,0,0,6,6,6,6,3,0,0,0,0,3,6,6,6,2,0,6,6,6,6,3,0,0,0,0,3,6,6,6,2,4,6,6,6,5,0,0,0,0,1,6,6,6,3,0,6,6,6,6,3,0,0,0,0,3,6,6,6,5,0,6,6,6,6,3,0,0,0,3,6,6,6,6,5,0,6,6,6,6,6,3,0,1,6,6,6,6,6,1,0,5,6,6,6,6,6,6,6,6,6,6,6,5,0,0,0,3,4,4,4,4,4,4,4,4,4,2,0,0,0,1,"mfeat-pixel","att60",0.9
0,0,0,0,1,3,6,6,6,6,6,3,0,0,0,0,0,3,4,6,6,6,6,6,6,6,6,4,0,0,0,2,6,6,6,5,4,1,0,4,6,6,6,0,0,0,5,6,6,6,0,0,0,0,0,6,6,6,2,1.12,0,1,6,6,6,1,0,0,0,0,6,6,6,6,0,0,4,6,6,6,2,0,0,0,3,6,6,6,4,0,0,6,6,6,6,0,0,0,0,3,6,6,6,3,0,0,6,6,6,6,0,0,0,0,1,6,6,6,6,2,0,6,6,6,6,0,0,0,0,0,6,6,6,6,6,0,6,6,6,6,0,0,0,0,0,6,6,6,6,4,4,6,6,6,4,0,0,0,0,2,6,6,6,4,0,6,6,6,6,0,0,0,0,0,6,6,6,6,0,0,5,6,6,6,1,0,0,0,4,6,6,6,6,0,0,1,6,6,6,6,3,2,3,6,6,6,6,2,0,0,0,3,6,6,6,6,6,6,6,6,6,4,0,0,0,0,0,1,3,4,4,4,4,4,4,3,0,0,0,0,1,"mfeat-pixel","att60",0.9
0,0,0,1,5,6,6,6,6,6,6,3,0,0,0,0,0,1,5,6,6,6,6,6,6,6,6,0,0,0,0,5,6,6,6,4,0,0,4,6,6,6,1,0,0,0,6,6,6,5,1,0,0,3,6,6,6,5,0,0.36,0,6,6,6,0,0,0,0,0,3,5,6,6,0,0,1,6,6,5,0,0,0,0,0,0,0,6,6,4,0,5,6,6,3,0,0,0,0,0,0,5,6,6,6,0,6,6,6,5,0,0,0,0,0,0,1,6,6,6,0,5,6,6,6,0,0,0,0,0,0,0,4,6,6,2,3,6,6,6,0,0,0,0,0,0,0,1,6,6,5,3,6,6,6,0,0,0,0,0,0,0,5,6,6,1,0,6,6,6,0,0,0,0,0,0,0,6,6,6,0,0,6,6,6,1,0,0,0,0,0,0,6,6,6,0,0,6,6,6,6,3,0,0,0,2,5,6,6,5,0,0,5,6,6,6,6,6,6,6,6,6,6,6,1,0,0,0,1,3,4,4,4,4,4,4,4,4,3,0,0,1,"mfeat-pixel","att60",0.9
0,3,6,6,6,6,6,6,6,5,1,0,0,0,0,3,6,6,6,6,6,6,6,6,6,6,3,0,0,0,3,6,6,6,6,3,0,1,6,6,6,6,5,0,0,5,6,6,6,4,0,0,0,3,6,6,6,6,1,-0.52,3,6,6,6,3,0,0,0,0,3,6,6,6,5,1,1,6,6,6,3,0,0,0,0,3,6,6,6,6,3,2,6,6,6,3,0,0,0,0,0,6,6,6,6,3,2,6,6,6,5,0,0,0,0,1,6,6,6,6,3,0,6,6,6,6,3,0,0,0,3,6,6,6,6,3,0,6,6,6,6,3,0,0,0,3,6,6,6,6,3,0,6,6,6,6,3,0,0,0,3,6,6,6,6,5,0,5,6,6,6,3,0,0,0,3,6,6,6,6,3,0,1,6,6,6,4,0,3,4,6,6,6,6,6,3,0,0,5,6,6,6,6,6,6,6,6,6,6,3,0,0,0,0,4,6,6,6,6,6,6,6,6,5,0,0,0,0,0,1,4,4,4,4,4,4,4,2,0,0,0,1,"mfeat-pixel","att60",0.9
0,0,0,2,4,6,6,6,6,6,4,2,0,0,0,0,1,5,6,6,6,6,6,6,6,6,6,5,3,0,0,5,6,6,6,6,1,0,0,1,5,6,6,6,5,0,6,6,6,6,6,0,0,0,0,2,6,6,6,6.3,2,6,6,6,6,6,0,0,0,0,0,3,6,6,6,6,6,6,6,6,6,0,0,0,0,0,3,6,6,6,5,6,6,6,6,5,0,0,0,0,0,3,6,6,6,1,6,6,6,6,1,0,0,0,0,0,3,6,6,6,0,6,6,6,6,0,0,0,0,0,0,3,6,6,6,0,6,6,6,6,1,0,0,0,0,0,4,6,6,6,0,6,6,6,6,5,0,0,0,0,5,6,6,6,6,0,6,6,6,6,6,0,0,0,0,6,6,6,6,6,0,5,6,6,6,6,0,0,0,4,6,6,6,6,6,0,1,6,6,6,6,1,0,1,6,6,6,5,3,1,0,0,5,6,6,6,6,6,6,6,6,4,0,0,0,0,0,0,3,4,4,4,4,4,4,4,1,0,0,0,1,"mfeat-pixel","att60",0.9
0,0,0,0,0,0,1,2,2,4,4,3,1,0,0,0,0,0,0,1,4,6,6,6,6,6,6,5,0,0,0,0,1,4,6,6,6,6,6,6,6,6,6,3,0,0,0,3,6,6,6,6,4,5,6,6,6,6,5,-0.41,0,1,6,6,6,5,1,0,0,4,6,6,6,6,3,0,4,6,6,6,2,0,0,0,3,6,6,6,6,0,2,6,6,6,4,0,0,0,0,3,6,6,6,6,2,3,6,6,6,6,1,0,0,0,2,6,6,6,6,3,1,6,6,6,6,3,0,0,0,0,4,6,6,6,3,0,3,6,6,5,0,0,0,0,0,3,6,6,6,3,0,4,6,6,3,0,0,0,0,0,5,6,6,6,1,2,6,6,6,5,0,0,0,0,3,6,6,6,6,2,3,6,6,6,6,4,0,0,0,1,6,6,6,5,0,1,6,6,6,6,6,5,4,4,6,6,6,5,1,0,0,2,6,6,6,6,6,6,6,6,5,2,0,0,0,0,0,1,3,4,4,4,4,4,1,0,0,0,0,0,1,"mfeat-pixel","att60",0.9
0,0,0,0,0,0,0,0,0,2,4,5,6,6,5,0,0,0,0,0,0,0,2,6,6,6,6,6,6,3,0,0,0,0,0,0,2,5,6,6,6,6,6,6,2,0,0,0,1,4,6,6,6,6,6,6,6,6,5,3.92,0,0,0,4,6,6,6,6,6,6,6,6,6,2,0,0,2,6,6,6,6,6,6,6,6,6,4,0,0,0,0,4,6,6,6,6,6,6,6,6,6,3,0,0,0,2,6,6,6,6,6,6,6,6,6,6,3,0,0,0,0,0,0,3,6,6,6,6,6,6,4,1,0,0,0,0,0,0,2,6,6,6,6,6,3,0,0,0,0,0,0,0,0,3,6,6,6,6,6,3,0,0,0,0,0,0,1,4,6,6,6,6,5,2,0,0,0,0,0,0,0,3,6,6,6,6,6,3,0,0,0,0,0,0,0,3,6,6,6,6,5,2,0,0,0,0,0,0,0,0,6,6,6,6,6,3,0,0,0,0,0,0,0,0,0,4,4,4,4,4,1,0,0,0,0,0,0,0,0,0,2,"mfeat-pixel","att60",0.9
0,0,0,0,0,0,0,0,3,6,6,6,6,6,5,0,0,0,0,0,0,3,6,6,6,6,6,6,6,2,0,0,0,0,1,5,6,6,6,6,6,6,6,6,0,0,0,0,5,6,6,6,6,6,6,6,6,6,6,1.65,0,3,5,6,6,6,6,6,6,6,6,6,6,6,0,0,3,5,6,6,6,6,6,6,6,6,6,6,3,0,0,0,0,1,2,4,6,6,6,6,6,6,4,0,0,0,0,0,0,0,0,3,6,6,6,6,6,3,0,0,0,0,0,0,0,1,5,6,6,6,6,6,0,0,0,0,0,0,0,0,2,6,6,6,6,6,6,0,0,0,0,0,0,0,0,3,6,6,6,6,3,1,0,0,0,0,0,0,0,0,6,6,6,6,6,0,0,0,0,0,0,0,0,0,0,6,6,6,6,6,3,1,0,0,0,0,0,0,0,0,6,6,6,6,6,6,6,0,0,0,0,0,0,0,0,6,6,6,6,6,6,6,0,0,0,0,0,0,0,0,3,4,4,4,4,4,3,0,0,0,2,"mfeat-pixel","att60",0.9
0,0,0,0,0,0,0,0,0,0,3,6,6,6,6,0,0,0,0,0,0,0,2,3,4,6,6,6,6,6,0,0,0,0,0,1,5,6,6,6,6,6,6,6,4,0,0,0,0,3,6,6,6,6,6,6,6,6,3,-2.64,0,0,0,4,6,6,6,6,6,6,6,5,1,0,0,0,0,0,5,6,6,6,6,6,6,4,0,0,0,0,0,0,0,0,3,6,6,6,6,6,1,0,0,0,0,0,0,0,0,3,6,6,6,6,2,0,0,0,0,0,0,0,0,4,6,6,6,5,1,0,0,0,0,0,0,0,0,3,6,6,6,4,0,0,0,0,0,0,0,0,0,2,6,6,6,6,2,0,0,0,0,0,0,0,0,2,6,6,6,6,1,0,0,0,0,0,0,0,0,0,6,6,6,5,1,0,0,0,0,0,0,0,0,0,0,6,6,6,3,0,0,0,0,0,0,0,0,0,0,0,6,6,6,3,0,0,0,0,0,0,0,0,0,0,0,4,4,4,1,0,0,0,0,0,0,0,0,0,0,0,2,"mfeat-pixel","att60",0.9
0,0,0,0,0,0,0,0,1,4,4,4,4,3,0,0,0,0,0,0,0,0,2,6,6,6,6,6,6,1,0,0,0,0,0,0,1,5,6,6,6,6,6,6,2,0,0,0,0,0,1,6,6,6,6,6,6,6,1,1.45,0,0,0,0,0,5,6,6,6,6,6,6,5,0,0,0,0,0,0,0,6,6,6,6,6,6,6,1,0,0,0,0,1,3,5,6,6,6,6,6,6,6,6,0,0,0,3,6,6,6,6,6,6,6,6,6,6,6,0,0,2,6,6,6,6,6,6,6,6,6,6,6,3,0,0,4,6,6,6,6,3,2,5,6,6,6,6,3,0,0,6,6,6,6,5,0,0,3,6,6,6,6,5,0,0,1,2,2,1,0,0,0,4,6,6,6,6,4,0,0,0,0,0,0,0,0,0,6,6,6,6,6,6,0,0,0,0,0,0,0,0,5,6,6,6,6,6,6,0,0,0,0,0,0,0,0,3,6,6,6,6,6,6,0,0,0,0,0,0,0,0,0,2,4,4,4,4,3,0,0,2,"mfeat-pixel","att60",0.9
0,0,0,0,0,0,1,4,4,4,6,6,4,3,0,0,0,0,0,0,0,3,6,6,6,6,6,6,6,5,0,0,0,0,0,0,0,3,6,6,6,6,6,6,6,0,0,0,0,0,0,0,1,6,6,6,6,6,6,4.36,0,0,0,0,0,0,2,6,6,6,6,6,6,6,6,0,0,0,0,0,0,3,6,6,6,6,6,6,6,6,0,0,0,0,0,1,5,6,6,6,6,6,6,6,6,1,2,2,2,3,6,6,6,6,6,6,6,6,6,4,6,6,6,6,6,6,6,4,6,6,6,6,6,6,4,1,2,2,2,2,2,0,0,1,5,6,6,6,6,6,0,0,0,0,0,0,0,0,0,3,6,6,6,6,6,0,0,0,0,0,0,0,0,0,0,6,6,6,6,6,0,0,0,0,0,0,0,0,0,0,6,6,6,6,6,0,0,0,0,0,0,0,0,0,0,6,6,6,6,6,0,0,0,0,0,0,0,0,0,0,5,6,6,6,6,0,0,0,0,0,0,0,0,0,0,0,1,4,4,3,2,"mfeat-pixel","att60",0.9
5,6,4,2,0,0,0,0,0,0,0,0,0,0,0,5,6,6,6,6,3,0,0,0,0,0,0,0,0,0,1,6,6,6,6,6,0,0,0,0,0,0,0,0,0,4,6,6,6,6,6,5,1,0,0,0,0,0,0,0.55,4,6,6,6,6,6,6,3,0,0,0,0,0,0,0,0,6,6,6,6,6,6,3,0,0,0,0,0,0,0,0,6,6,6,6,6,6,6,3,0,0,0,0,0,0,0,6,6,6,6,6,6,6,6,0,0,0,0,0,0,3,6,6,6,6,6,6,6,6,1,0,0,0,0,0,0,3,6,6,6,6,6,6,6,6,4,2,0,0,0,0,0,0,2,2,3,6,6,6,6,6,6,3,0,0,0,0,0,0,0,0,1,5,6,6,6,6,6,3,0,0,0,0,0,0,0,0,3,6,6,6,6,6,6,5,0,0,0,0,0,0,0,0,3,6,6,6,6,6,6,0,0,0,0,0,0,0,0,0,3,6,6,6,6,6,0,0,0,0,0,0,0,0,0,0,2,4,4,4,1,2,"mfeat-pixel","att60",0.9
0,0,0,0,0,0,1,4,5,6,6,6,6,5,0,0,0,0,0,0,3,6,6,6,6,6,6,6,6,0,0,0,0,0,0,6,6,6,6,6,6,6,6,6,1,0,0,0,0,1,6,6,6,6,6,6,6,6,6,4.41,0,3,4,6,6,6,6,6,6,6,6,6,6,6,6,4,6,6,6,6,6,5,2,1,1,6,6,6,6,6,5,6,6,6,6,6,2,0,0,1,6,6,6,6,6,0,2,2,2,2,0,0,0,2,6,6,6,6,6,6,0,0,0,0,0,0,0,0,1,5,6,6,6,6,6,0,0,0,0,0,0,0,0,0,4,6,6,6,6,5,0,0,0,0,0,0,0,0,0,5,6,6,6,6,3,0,0,0,0,0,0,0,0,0,0,6,6,6,6,6,0,0,0,0,0,0,0,0,0,0,6,6,6,6,6,0,0,0,0,0,0,0,0,0,3,6,6,6,6,6,0,0,0,0,0,0,0,0,3,6,6,6,6,6,5,0,0,0,0,0,0,0,0,1,4,4,4,4,3,0,2,"mfeat-pixel","att60",0.9
0,0,0,0,2,4,4,4,4,4,4,1,0,0,0,0,0,0,0,3,6,6,6,6,6,6,6,1,0,0,0,0,0,1,5,6,6,6,6,6,6,6,6,0,0,0,0,6,6,6,6,6,6,6,6,6,4,0,0,-0.12,0,0,6,6,6,6,6,6,6,6,6,5,2,0,0,0,0,6,6,6,6,6,6,6,6,6,6,6,0,0,0,0,6,6,6,6,6,6,6,6,6,6,6,0,0,0,0,6,6,6,6,6,6,6,6,6,6,6,0,0,1,5,6,6,6,6,6,6,6,6,6,6,6,0,0,3,6,6,6,6,6,6,6,6,6,6,6,6,5,1,2,6,6,6,6,6,6,6,6,6,6,6,6,6,3,0,0,2,2,2,2,5,6,6,6,6,6,6,6,3,0,0,0,0,0,0,0,6,6,6,6,3,2,2,1,0,0,0,0,0,0,0,6,6,6,4,0,0,0,0,0,0,0,0,0,0,0,6,6,6,6,5,4,3,1,0,0,0,0,0,0,0,4,4,4,4,4,4,3,1,2,"mfeat-pixel","att60",0.9
0,0,0,0,1,4,4,4,4,4,4,4,4,4,2,0,0,4,4,6,6,6,6,6,6,6,6,6,6,3,0,0,0,0,3,6,6,6,6,6,6,6,6,4,0,0,0,0,0,0,6,6,6,6,6,6,6,6,2,-1.17,0,0,0,2,5,6,6,6,6,6,6,6,6,0,0,0,0,0,1,5,6,6,6,6,6,6,6,6,0,0,0,0,0,0,3,6,6,6,6,6,6,6,6,0,0,0,0,2,3,6,6,6,6,6,6,6,6,6,0,0,0,0,6,6,6,6,6,6,6,6,6,6,6,0,0,0,3,6,6,6,6,6,6,6,6,6,6,6,0,0,3,6,6,6,6,6,6,6,6,6,6,6,6,0,0,1,3,4,4,6,6,6,6,6,6,6,6,6,0,0,0,0,0,0,1,6,6,6,6,6,6,6,6,2,0,0,0,0,0,0,6,6,6,6,6,6,6,6,1,0,0,0,0,0,2,6,6,6,6,6,6,6,6,0,0,0,0,0,0,1,4,4,4,4,4,4,4,4,0,0,2,"mfeat-pixel","att60",0.9
0,3,4,5,6,6,6,4,4,1,0,0,0,0,0,2,6,6,6,6,6,6,6,6,3,0,0,0,0,0,1,5,6,6,6,6,6,6,6,5,0,0,0,0,0,0,1,6,6,6,6,6,6,6,6,3,0,0,0,-0.52,0,0,6,6,6,6,6,6,6,6,3,0,0,0,0,0,3,6,6,6,6,6,6,6,6,4,0,0,0,0,0,1,6,6,6,6,6,6,6,6,6,2,0,0,0,0,0,6,6,6,6,6,6,6,6,6,3,0,0,0,0,0,4,6,6,6,6,6,6,6,6,3,0,0,0,0,0,5,6,6,6,6,6,6,6,6,5,1,0,0,0,0,6,6,6,6,6,6,6,6,6,6,6,0,0,0,0,6,6,6,6,6,6,6,6,6,6,6,3,0,0,0,5,6,6,6,6,6,6,6,6,6,6,6,3,0,0,0,3,6,6,6,6,6,6,6,6,6,6,6,0,0,0,0,0,0,1,6,6,6,6,6,6,6,2,0,0,0,0,0,0,0,4,4,4,4,4,4,3,0,2,"mfeat-pixel","att60",0.9
0,0,0,0,0,0,1,4,4,4,6,6,3,0,0,0,0,0,0,0,0,3,6,6,6,6,6,6,1,0,0,0,0,0,0,2,6,6,6,6,6,6,6,6,0,0,0,0,0,0,4,6,6,6,6,6,6,3,1,-1.07,0,0,0,1,3,6,6,6,6,6,6,6,0,0,0,0,3,5,6,6,6,6,6,6,6,6,6,0,0,0,5,6,6,6,6,6,6,6,6,6,6,6,1,0,0,6,6,6,5,5,6,6,6,6,6,6,6,6,5,0,1,2,1,0,0,1,5,6,6,6,6,6,6,6,0,0,0,0,0,0,0,5,6,6,6,6,6,6,6,1,0,0,0,0,0,0,4,6,6,6,6,6,6,6,3,0,0,0,0,0,0,4,6,6,6,6,6,6,6,0,0,0,0,0,0,3,6,6,6,6,6,6,6,6,0,0,0,0,0,0,1,6,6,6,6,6,6,6,6,0,0,0,0,0,0,6,6,6,6,6,6,6,6,5,0,0,0,0,0,0,3,4,4,4,4,4,3,1,0,0,2,"mfeat-pixel","att60",0.9
0,0,0,0,0,0,0,0,1,3,5,6,6,5,0,0,0,0,0,0,0,0,2,6,6,6,6,6,6,0,0,0,0,0,0,0,0,4,6,6,6,6,6,6,0,0,0,0,0,0,0,5,6,6,6,6,6,6,6,-0.23,0,0,0,0,1,3,6,6,6,6,6,6,6,6,0,0,0,2,6,6,6,6,6,6,6,6,6,6,6,0,0,1,5,6,6,4,2,5,6,6,6,6,6,6,0,2,6,6,6,3,0,0,3,6,6,6,6,6,6,2,1,4,3,2,0,0,0,3,6,6,6,6,6,6,6,0,0,0,0,0,0,0,3,6,6,6,6,6,6,4,0,0,0,0,0,0,0,3,6,6,6,6,6,6,0,0,0,0,0,0,0,0,3,6,6,6,6,6,6,0,0,0,0,0,0,0,0,4,6,6,6,6,5,1,0,0,0,0,0,0,0,5,6,6,6,6,6,3,0,0,0,0,0,0,0,0,6,6,6,6,6,6,4,0,0,0,0,0,0,0,0,4,4,4,4,4,4,4,0,0,2,"mfeat-pixel","att60",0.9
0,0,0,0,0,3,6,6,6,6,6,6,6,2,0,0,0,0,0,0,0,0,4,6,6,6,6,6,6,3,0,0,0,0,0,0,0,3,6,6,6,6,6,6,6,0,0,0,0,0,0,0,0,6,6,6,6,6,6,5.5,0,0,0,0,0,0,0,3,6,6,6,6,6,6,6,0,0,0,0,0,0,0,3,6,6,6,6,6,6,6,0,0,0,0,0,0,0,5,6,6,6,6,6,6,6,0,0,0,0,0,0,1,6,6,6,6,6,6,6,5,0,2,6,6,6,6,6,6,6,6,6,6,6,6,3,0,4,6,6,6,6,6,6,6,6,6,6,6,4,0,3,6,6,6,6,6,6,6,6,6,6,6,6,4,0,0,2,4,4,6,6,6,6,6,6,6,6,6,6,5,0,0,0,0,3,6,6,6,6,6,6,6,6,6,6,0,0,0,0,3,6,6,6,6,6,6,6,6,6,6,0,0,0,0,3,6,6,6,6,6,6,6,6,6,5,0,0,0,0,1,4,4,4,4,4,4,4,4,3,0,2,"mfeat-pixel","att60",0.9
0,0,0,0,0,0,0,1,4,4,5,6,6,6,5,0,0,0,0,0,0,0,4,6,6,6,6,6,6,5,0,0,0,0,0,1,5,6,6,6,6,6,6,6,1,0,0,0,0,3,6,6,6,6,6,6,6,6,3,0.5,1,5,6,6,6,6,6,6,6,6,6,6,3,0,0,6,6,6,6,6,6,6,6,6,6,6,4,1,0,0,2,6,6,6,6,6,6,6,6,6,3,0,0,0,0,0,1,2,3,6,6,6,6,6,6,3,0,0,0,0,0,0,0,0,6,6,6,6,6,5,1,0,0,0,0,0,0,0,0,6,6,6,6,6,0,0,0,0,0,0,0,0,1,5,6,6,6,6,6,0,0,0,0,0,0,0,0,3,6,6,6,6,6,5,0,0,0,0,0,0,0,3,6,6,6,6,6,6,0,0,0,0,0,0,0,5,6,6,6,6,6,6,6,3,0,0,0,0,0,0,4,6,6,6,6,6,6,4,0,0,0,0,0,0,0,0,4,4,4,4,4,4,2,0,0,0,0,0,0,0,2,"mfeat-pixel","att60",0.9
0,0,0,0,0,0,0,2,4,6,6,6,6,5,0,0,0,0,0,1,3,6,6,6,6,6,6,6,1,0,0,0,0,2,6,6,6,6,6,6,6,6,6,5,0,0,0,0,1,6,6,6,6,6,6,6,6,6,6,4.58,0,0,1,6,6,6,6,6,6,6,6,6,6,6,0,1,5,6,6,6,6,6,6,6,6,6,6,6,6,0,5,6,6,6,6,6,6,6,6,6,6,6,6,6,0,6,6,6,6,6,6,6,6,6,6,6,6,6,6,0,1,2,2,2,2,5,6,6,6,6,6,6,6,6,0,0,0,0,0,0,0,5,6,6,6,6,6,6,6,0,0,0,0,0,0,0,3,6,6,6,6,6,6,6,3,0,0,0,0,0,0,3,6,6,6,6,6,6,6,1,0,0,0,0,0,0,4,6,6,6,6,6,6,6,3,0,0,0,0,0,3,6,6,6,6,6,6,6,6,3,0,0,0,0,0,0,6,6,6,6,6,6,6,6,5,0,0,0,0,0,0,3,4,4,4,4,4,4,4,1,2,"mfeat-pixel","att60",0.9
0,0,0,0,0,0,1,4,5,6,6,6,6,5,0,0,0,0,0,0,0,3,6,6,6,6,6,6,6,3,0,0,0,0,0,0,3,6,6,6,6,6,6,6,1,0,0,0,0,0,0,3,6,6,6,6,6,6,6,-0.42,0,0,0,0,0,3,6,6,6,6,6,6,6,6,0,0,0,0,0,4,6,6,6,6,6,6,6,6,5,0,0,3,4,6,6,6,6,6,6,6,6,6,1,0,0,1,6,6,6,6,6,6,6,6,6,6,6,0,0,0,3,6,6,6,6,6,6,6,6,6,6,5,0,0,0,0,6,6,6,6,6,6,6,6,6,1,0,0,0,0,0,3,5,6,6,6,6,6,6,6,0,0,0,0,0,0,0,0,3,6,6,6,6,6,6,0,0,0,0,0,0,0,0,1,6,6,6,6,6,6,0,0,0,0,0,0,0,0,5,6,6,6,6,6,6,2,0,0,0,0,0,0,0,1,6,6,6,6,6,6,1,0,0,0,0,0,0,0,1,4,4,4,4,4,3,0,0,0,0,0,2,"mfeat-pixel","att60",0.9
0,0,0,0,0,0,0,0,0,1,4,6,6,6,2,0,0,0,0,0,0,0,0,0,3,6,6,6,6,1,0,0,0,0,0,0,0,0,0,3,6,6,6,6,2,0,0,0,0,0,0,0,0,1,5,6,6,6,6,-1.51,0,0,0,0,0,0,0,2,6,6,6,6,6,6,3,0,0,0,0,0,0,0,6,6,6,6,6,6,6,2,0,0,0,0,0,1,5,6,6,6,6,6,5,1,0,0,0,0,1,3,6,6,6,6,6,6,6,3,0,0,0,0,3,6,6,6,6,6,6,6,6,6,2,0,0,1,5,6,6,6,6,6,6,6,6,6,1,0,0,0,2,6,6,6,6,6,6,6,6,6,6,0,0,0,0,0,1,3,4,4,6,6,6,6,6,6,0,0,0,0,0,0,0,0,0,4,6,6,6,6,1,0,0,0,0,0,0,0,0,0,6,6,6,6,6,2,0,0,0,0,0,0,0,0,3,6,6,6,6,3,0,0,0,0,0,0,0,0,0,4,4,4,4,1,0,0,0,0,0,0,2,"mfeat-pixel","att60",0.9
0,0,0,0,0,0,0,1,4,6,6,6,6,6,5,0,0,0,0,0,0,0,3,6,6,6,6,6,6,6,0,0,0,0,0,0,3,6,6,6,6,6,6,6,5,0,0,0,0,1,5,6,6,6,6,6,6,6,6,1.41,0,0,0,0,3,6,6,6,6,6,6,6,6,3,0,0,1,3,4,6,6,6,6,6,6,6,6,6,1,0,0,6,6,6,6,6,6,6,6,6,6,6,6,3,0,2,6,6,6,6,6,6,6,6,6,6,6,6,3,0,1,4,6,6,6,6,6,6,6,6,6,6,6,3,0,0,0,0,2,2,3,6,6,6,6,6,6,6,6,0,0,0,0,0,0,0,6,6,6,6,6,6,6,3,0,0,0,0,0,0,0,2,6,6,6,6,6,6,1,0,0,0,0,0,0,0,1,6,6,6,6,6,6,6,0,0,0,0,0,0,0,6,6,6,6,6,6,6,6,1,0,0,0,0,0,0,4,6,6,6,6,6,6,6,3,0,0,0,0,0,0,1,4,4,4,4,4,4,4,2,2,"mfeat-pixel","att60",0.9
0,0,0,0,0,0,0,1,4,6,5,4,4,4,3,0,0,0,0,0,0,0,3,6,6,6,6,6,6,6,0,0,0,0,0,0,0,4,6,6,6,6,6,6,6,0,0,0,0,0,0,5,6,6,6,6,6,6,6,5.4,0,0,0,0,0,3,6,6,6,6,6,6,6,6,5,0,0,0,2,5,6,6,6,6,6,6,6,6,6,1,0,0,3,6,6,6,6,6,6,6,6,6,6,6,0,0,3,6,6,6,6,6,6,6,6,6,6,6,6,0,3,6,6,6,6,6,6,6,6,6,6,6,6,6,0,0,3,4,4,6,6,6,6,6,6,6,6,6,6,2,0,0,0,0,0,3,6,6,6,6,6,6,6,6,3,0,0,0,0,0,0,6,6,6,6,6,6,6,6,3,0,0,0,0,0,0,5,6,6,6,6,6,6,6,3,0,0,0,0,0,0,0,6,6,6,6,6,6,6,3,0,0,0,0,0,0,3,6,6,6,6,6,6,6,3,0,0,0,0,0,0,0,2,4,4,4,4,4,3,0,2,"mfeat-pixel","att60",0.9
5,6,6,6,3,0,0,0,0,0,0,0,0,0,0,6,6,6,6,6,5,0,0,0,0,0,0,0,0,0,2,6,6,6,6,6,2,0,0,0,0,0,0,0,0,0,1,6,6,6,6,6,0,0,0,0,0,0,0,-0.86,0,0,6,6,6,6,6,2,0,0,0,0,0,0,0,0,1,6,6,6,6,6,6,0,0,0,0,0,0,0,0,2,6,6,6,6,6,6,4,0,0,0,0,0,0,0,0,4,6,6,6,6,6,6,0,0,0,0,0,0,0,0,3,6,6,6,6,6,6,2,0,0,0,0,0,0,0,3,6,6,6,6,6,6,6,2,1,0,0,0,0,0,1,5,6,4,2,5,6,6,6,6,2,0,0,0,0,0,0,0,0,0,0,6,6,6,6,5,0,0,0,0,0,0,0,0,0,0,2,6,6,6,6,3,0,0,0,0,0,0,0,0,0,0,5,6,6,6,4,0,0,0,0,0,0,0,0,0,0,0,4,6,6,6,2,0,0,0,0,0,0,0,0,0,0,1,4,4,4,2,2,"mfeat-pixel","att60",0.9
0,0,0,0,3,4,5,6,5,4,3,0,0,0,0,0,0,0,1,6,6,6,6,6,6,6,0,0,0,0,0,0,0,4,6,6,6,6,6,6,6,0,0,0,0,3,5,6,6,6,6,6,6,6,6,6,0,0,0,0.26,6,6,6,6,6,6,6,6,6,6,6,5,0,0,0,6,6,6,6,6,6,6,6,6,6,6,1,0,0,0,6,6,6,6,6,6,6,6,6,6,6,1,0,0,0,5,6,6,6,6,6,6,6,6,6,6,6,6,2,0,0,0,0,1,5,6,6,6,6,6,6,6,6,3,0,0,0,0,0,0,0,4,6,6,6,6,6,6,3,0,0,0,0,0,0,0,3,6,6,6,6,6,6,3,0,0,0,0,0,0,0,3,6,6,6,6,6,6,3,0,0,0,0,0,0,0,3,6,6,6,6,6,6,3,0,0,0,0,0,0,0,3,6,6,6,6,6,6,3,0,0,0,0,0,0,0,3,6,6,6,6,6,6,4,0,0,0,0,0,0,0,2,4,4,4,4,4,4,4,2,2,"mfeat-pixel","att60",0.9
0,0,0,0,0,2,6,6,6,3,0,0,0,0,0,0,0,0,0,0,4,6,6,6,6,6,2,0,0,0,0,0,0,0,3,6,6,6,6,6,6,3,0,0,0,0,0,2,3,6,6,6,6,6,6,6,3,0,0,0.35,0,3,6,6,6,6,6,6,6,6,6,3,0,0,0,0,0,4,6,6,6,6,6,6,6,6,3,0,0,0,0,0,5,6,6,6,6,6,6,6,6,5,2,0,0,0,2,6,6,6,6,6,6,6,6,6,6,6,3,0,0,3,6,6,6,6,6,6,6,6,6,6,6,4,0,2,6,6,6,6,6,6,6,6,6,6,6,6,5,0,0,5,6,6,6,6,6,6,6,6,6,6,6,3,0,0,0,0,0,0,4,6,6,6,6,6,6,6,3,0,0,0,0,0,0,3,6,6,6,6,6,6,6,3,0,0,0,0,0,0,0,4,6,6,6,6,6,6,4,0,0,0,0,0,0,0,5,6,6,6,6,6,6,5,0,0,0,0,0,0,0,0,2,4,4,4,4,4,2,0,2,"mfeat-pixel","att60",0.9
0,0,0,0,0,0,0,3,6,6,6,6,6,3,0,0,0,0,0,0,2,6,6,6,6,6,6,6,6,5,0,0,0,0,0,3,6,6,6,6,6,6,6,6,6,0,0,0,0,0,4,6,6,6,6,6,6,6,5,0.12,0,0,1,4,6,6,6,6,6,6,6,6,6,5,1,0,0,6,6,6,6,6,6,6,6,6,6,6,6,3,0,5,6,6,6,6,6,6,6,6,6,6,6,6,3,0,3,4,6,6,6,6,6,6,6,6,6,6,6,6,0,0,0,0,2,5,6,6,6,6,6,6,6,5,1,0,0,0,0,0,3,6,6,6,6,6,6,6,3,0,0,0,0,0,1,5,6,6,6,6,6,6,6,3,0,0,0,0,0,3,6,6,6,6,6,6,6,6,4,0,0,0,0,0,4,6,6,6,6,6,6,6,6,5,0,0,0,0,3,6,6,6,6,6,6,6,6,1,0,0,0,0,0,3,6,6,6,6,6,6,6,6,2,0,0,0,0,0,1,4,4,4,4,4,4,4,2,0,0,0,2,"mfeat-pixel","att60",0.9
0,0,0,0,0,0,0,0,2,3,4,3,2,0,0,0,0,0,0,2,3,4,6,6,6,6,6,6,0,0,0,0,0,0,6,6,6,6,6,6,6,6,4,0,0,0,0,0,0,6,6,6,6,6,6,6,6,5,0,-0.04,0,0,0,0,6,6,6,6,6,6,6,6,6,0,0,0,0,0,0,6,6,6,6,6,6,6,6,6,0,0,0,1,2,5,6,6,6,6,6,6,6,6,6,0,0,3,6,6,6,6,6,6,6,6,6,6,6,6,0,0,3,6,6,6,6,6,6,6,6,6,6,6,6,0,0,3,6,6,6,6,6,6,6,6,6,6,6,6,5,1,2,5,6,6,6,6,6,6,6,6,6,6,6,6,3,0,0,0,0,0,2,4,6,6,6,6,6,6,3,0,0,0,0,0,0,0,0,1,6,6,6,6,6,1,0,0,0,0,0,0,0,0,0,6,6,6,6,6,6,2,0,0,0,0,0,0,0,0,6,6,6,6,6,6,3,0,0,0,0,0,0,0,0,4,4,4,4,4,4,2,2,"mfeat-pixel","att60",0.9
0,0,0,0,0,1,4,5,6,6,6,6,6,6,5,0,0,0,0,0,3,6,6,6,6,6,6,6,6,6,0,0,0,0,2,5,6,6,6,6,6,6,6,6,5,0,0,0,3,6,6,6,6,6,6,6,6,6,6,-1.03,0,0,0,1,4,6,6,6,6,6,6,6,6,6,5,0,0,0,0,0,1,4,6,6,6,6,6,6,6,6,0,0,0,0,0,0,0,3,6,6,6,6,6,6,1,0,0,0,0,0,0,2,6,6,6,6,6,6,6,0,0,0,0,0,0,0,3,6,6,6,6,6,6,3,0,0,0,0,0,0,1,5,6,6,6,6,6,6,3,0,0,0,0,0,0,3,6,6,6,6,6,6,6,2,0,0,0,0,0,0,4,6,6,6,6,6,4,0,0,0,0,1,4,5,6,6,6,6,6,6,6,3,0,0,0,0,4,6,6,6,6,6,6,6,5,2,0,0,0,0,2,6,6,6,6,6,6,6,4,1,0,0,0,0,0,0,1,4,4,4,4,4,1,0,0,0,0,0,0,0,2,"mfeat-pixel","att60",0.9
0,0,0,0,1,4,6,6,6,6,5,4,1,0,0,0,0,0,0,4,6,6,6,6,6,6,6,6,2,0,0,0,2,6,6,6,6,6,6,6,6,6,5,1,0,0,0,3,6,6,6,6,6,6,6,6,6,3,0,-0.65,0,0,4,6,6,6,6,6,6,6,6,6,3,0,0,0,5,6,6,6,6,6,6,6,6,6,6,3,0,0,3,6,6,6,6,6,6,6,6,6,6,6,3,0,0,1,5,6,6,6,6,6,6,6,6,6,6,3,0,0,0,0,0,0,0,1,5,6,6,6,6,6,4,0,0,0,0,0,0,0,0,0,4,6,6,6,6,6,3,0,0,0,0,0,0,0,0,5,6,6,6,6,6,5,0,0,0,0,0,0,0,0,4,6,6,6,6,6,6,0,0,0,0,0,0,0,2,6,6,6,6,6,6,6,1,0,0,0,0,0,0,1,6,6,6,6,6,6,6,3,0,0,0,0,0,0,6,6,6,6,6,6,6,6,1,0,0,0,0,0,0,1,4,4,4,4,4,4,4,2,2,"mfeat-pixel","att60",0.9
0,0,0,0,0,0,0,0,2,6,6,6,6,6,5,0,0,0,0,0,0,1,4,6,6,6,6,6,6,5,0,0,0,0,0,0,4,6,6,6,6,6,6,6,1,0,0,0,0,1,5,6,6,6,6,6,6,5,1,-3.76,0,0,0,5,6,6,6,6,6,6,6,6,2,0,0,1,4,5,6,6,6,6,6,6,6,6,6,0,0,0,3,6,6,6,6,6,6,6,6,6,6,6,1,0,0,0,2,2,2,3,6,6,6,6,6,6,6,2,0,0,0,0,0,0,0,6,6,6,6,6,6,6,0,0,0,0,0,0,0,0,3,6,6,6,6,6,6,0,0,0,0,0,0,0,0,1,6,6,6,6,6,6,2,0,0,0,0,0,0,0,2,6,6,6,6,6,6,3,0,0,0,0,0,0,0,0,3,6,6,6,6,6,4,0,0,0,0,0,0,0,0,3,6,6,6,6,6,6,5,0,0,0,0,0,0,0,3,6,6,6,6,6,6,6,2,0,0,0,0,0,0,1,4,4,4,4,4,4,4,4,2,"mfeat-pixel","att60",0.9
0,0,0,0,0,2,6,5,4,4,4,2,0,0,0,0,0,0,0,0,3,6,6,6,6,6,6,6,2,0,0,0,0,0,0,3,6,6,6,6,6,6,6,2,0,0,0,0,0,0,4,6,6,6,6,6,6,6,1,-1.89,0,0,2,4,6,6,6,6,6,6,6,6,6,3,0,0,3,6,6,6,6,6,6,6,6,6,6,6,3,0,0,3,6,6,6,6,6,6,6,6,6,6,6,3,0,0,6,6,6,6,6,6,6,6,6,6,6,6,3,0,3,6,6,6,6,6,6,6,6,6,6,6,6,5,1,3,4,4,4,5,6,6,6,6,6,6,6,6,5,1,0,0,0,0,0,6,6,6,6,6,6,6,6,3,0,0,0,0,0,0,1,4,6,6,6,6,6,6,3,0,0,0,0,0,0,0,0,3,6,6,6,6,6,5,1,0,0,0,0,0,0,0,3,6,6,6,6,6,6,6,0,0,0,0,0,0,0,3,6,6,6,6,6,6,5,0,0,0,0,0,0,0,1,4,4,4,4,4,3,0,2,"mfeat-pixel","att60",0.9
0,0,2,4,5,6,6,6,2,0,0,0,0,0,0,0,3,6,6,6,6,6,6,0,0,0,0,0,0,0,0,0,6,6,6,6,6,6,5,0,0,0,0,0,0,0,3,6,6,6,6,6,6,6,3,0,0,0,0,-3.4,0,0,4,6,6,6,6,6,6,6,3,0,0,0,0,0,0,3,6,6,6,6,6,6,6,3,0,0,0,0,0,0,0,6,6,6,6,6,6,6,3,0,0,0,0,0,0,3,6,6,6,6,6,6,6,5,2,0,0,0,0,0,3,6,6,6,6,6,6,6,6,6,3,0,0,0,0,3,6,6,6,6,6,6,6,6,6,5,1,0,0,0,4,6,6,6,6,6,6,6,6,6,6,6,0,1,5,6,6,6,5,4,5,6,6,6,6,6,6,1,1,5,6,6,3,0,0,0,3,6,6,6,6,6,3,0,0,0,0,0,0,0,0,1,6,6,6,6,6,4,0,0,0,0,0,0,0,0,5,6,6,6,6,6,6,0,0,0,0,0,0,0,0,0,4,4,4,4,4,3,2,"mfeat-pixel","att60",0.9
0,0,0,0,0,0,0,0,2,4,6,4,2,0,0,0,0,0,0,0,1,4,6,6,6,6,6,6,3,0,0,0,0,0,0,3,6,6,6,6,6,6,6,3,0,0,0,0,1,4,6,6,6,6,6,6,6,6,2,1.31,0,0,0,3,6,6,6,6,6,6,6,6,4,0,0,0,0,0,4,6,6,6,6,6,6,6,6,6,3,0,0,2,6,6,6,6,6,6,6,6,6,6,6,3,0,0,4,6,6,6,6,6,6,6,6,6,6,6,3,0,5,6,6,6,6,6,6,6,6,6,6,6,6,3,0,1,2,2,4,6,6,6,6,6,6,6,6,6,3,0,0,0,0,0,0,4,6,6,6,6,6,6,6,3,0,0,0,0,0,0,2,6,6,6,6,6,6,6,4,0,0,0,0,0,0,0,4,6,6,6,6,6,6,6,5,0,0,0,0,0,2,6,6,6,6,6,6,6,6,6,0,0,0,0,0,0,0,4,6,6,6,6,6,6,6,0,0,0,0,0,0,0,2,4,4,4,4,2,2,1,2,"mfeat-pixel","att60",0.9
0,0,0,0,0,2,4,5,6,6,6,5,4,3,0,0,0,0,2,6,6,6,6,6,6,6,6,6,4,0,0,0,0,3,6,6,6,6,6,6,6,6,6,1,0,0,0,0,3,6,6,6,6,6,6,6,6,6,2,-0.42,0,0,2,5,6,6,6,6,6,6,6,6,6,3,0,2,6,6,6,6,6,6,6,6,6,6,6,6,3,0,1,5,6,6,6,6,6,6,6,6,6,5,2,0,0,0,0,2,4,6,6,6,6,6,6,6,4,0,0,0,0,0,0,0,0,4,6,6,6,6,6,6,5,0,0,0,0,0,0,0,3,6,6,6,6,6,6,6,2,0,0,0,0,0,0,3,6,6,6,6,6,6,6,3,0,0,0,0,0,0,3,6,6,6,6,6,6,6,3,0,0,0,0,0,0,3,6,6,6,6,6,6,3,0,0,0,0,0,0,0,4,6,6,6,6,6,6,1,0,0,0,0,0,0,0,5,6,6,6,6,6,6,6,2,0,0,0,0,0,0,1,4,4,4,4,4,4,4,2,0,2,"mfeat-pixel","att60",0.9
0,0,0,0,5,6,6,6,6,6,6,4,4,1,0,0,0,0,0,1,2,5,6,6,6,6,6,6,5,0,0,0,0,0,0,0,3,6,6,6,6,6,6,6,3,0,0,0,0,0,0,3,6,6,6,6,6,6,6,-0.04,0,0,0,0,0,0,3,6,6,6,6,6,6,6,0,0,0,0,0,0,0,4,6,6,6,6,6,6,5,0,0,0,0,0,2,6,6,6,6,6,6,6,6,3,0,0,0,0,0,4,6,6,6,6,6,6,6,6,6,0,0,0,0,3,6,6,6,6,6,6,6,6,6,6,0,0,1,5,6,6,6,6,6,6,6,6,6,6,4,0,1,5,6,6,6,6,6,6,6,6,6,6,6,5,0,1,5,6,6,6,6,6,6,6,6,6,6,6,4,0,0,0,0,0,2,2,2,6,6,6,6,6,6,5,1,0,0,0,0,0,0,2,6,6,6,6,6,6,6,2,0,0,0,0,0,0,3,6,6,6,6,6,6,6,0,0,0,0,0,0,0,2,4,4,4,4,4,4,4,0,2,"mfeat-pixel","att60",0.9
0,0,0,0,0,0,0,3,6,5,4,1,0,0,0,0,0,0,0,0,3,6,6,6,6,6,6,4,1,0,0,0,0,0,2,6,6,6,6,6,6,6,6,3,0,0,0,0,0,0,3,6,6,6,6,6,6,6,3,1.11,0,0,0,0,0,4,6,6,6,6,6,6,6,3,0,0,0,0,2,6,6,6,6,6,6,6,6,6,3,0,0,0,0,1,5,6,6,6,6,6,6,6,6,3,0,0,0,0,1,5,6,6,6,6,6,6,6,6,5,1,0,0,2,5,6,6,6,6,6,6,6,6,6,6,2,0,3,6,6,6,6,6,6,6,6,6,6,6,3,0,0,4,6,6,6,6,6,6,6,6,6,6,6,3,0,5,6,6,6,6,6,6,6,6,6,6,6,6,3,0,1,2,2,2,2,5,6,6,6,6,6,6,6,2,0,0,0,0,0,0,3,6,6,6,6,6,4,0,0,0,0,0,0,0,0,3,6,6,6,6,6,3,0,0,0,0,0,0,0,0,2,4,4,4,4,4,1,0,0,0,2,"mfeat-pixel","att60",0.9
0,0,0,0,0,0,0,3,6,6,6,6,5,3,0,0,0,0,0,0,0,0,6,6,6,6,6,6,3,0,0,0,0,0,0,0,0,6,6,6,6,6,6,0,0,0,0,0,0,0,1,5,6,6,6,6,6,3,0,-1.72,0,0,0,0,0,3,6,6,6,6,6,6,3,0,0,0,0,0,2,2,5,6,6,6,6,6,6,5,1,0,0,3,6,6,6,6,6,6,6,6,6,6,6,5,0,3,6,6,6,6,6,6,6,6,6,6,6,4,0,0,0,3,4,4,4,2,3,6,6,6,6,6,3,0,0,0,0,0,0,0,0,0,6,6,6,6,6,3,0,0,0,0,0,0,0,0,0,6,6,6,6,6,3,0,0,0,0,0,0,0,0,0,2,6,6,6,6,3,0,0,0,0,0,0,0,0,0,0,6,6,6,6,3,0,0,0,0,0,0,0,0,0,0,6,6,6,6,3,0,0,0,0,0,0,0,0,0,0,6,6,6,6,3,0,0,0,0,0,0,0,0,0,0,4,4,4,4,2,0,0,2,"mfeat-pixel","att60",0.9
0,0,0,0,0,0,0,0,0,2,4,4,4,4,1,0,0,0,0,0,0,0,4,6,6,6,6,6,6,3,0,0,0,0,0,0,0,6,6,6,6,6,6,6,3,0,0,0,0,0,0,0,6,6,6,6,6,6,6,2.75,0,0,0,0,0,0,3,6,6,6,6,6,6,6,3,0,0,0,0,1,5,6,6,6,6,6,6,6,6,3,0,1,3,5,6,6,6,6,6,6,6,6,6,5,0,0,3,6,6,6,6,6,6,6,6,6,6,6,3,0,0,3,6,6,6,6,6,6,6,6,6,6,6,3,0,0,5,6,6,6,6,6,6,6,6,6,6,6,3,0,0,3,4,6,6,6,6,6,6,6,6,6,6,3,0,0,0,0,0,1,5,6,6,6,6,6,6,6,3,0,0,0,0,0,0,3,6,6,6,6,6,6,6,3,0,0,0,0,0,0,3,6,6,6,6,6,6,6,3,0,0,0,0,0,0,3,6,6,6,6,6,6,6,3,0,0,0,0,0,0,1,3,4,4,4,4,4,2,1,0,2,"mfeat-pixel","att60",0.9
0,0,0,0,0,0,0,0,5,6,6,6,6,6,2,0,0,0,0,0,0,0,4,6,6,6,6,6,6,3,0,0,0,0,0,0,0,6,6,6,6,6,6,6,5,0,0,0,0,0,0,1,6,6,6,6,6,6,6,3.47,0,0,0,0,0,2,6,6,6,6,6,6,6,6,6,0,0,0,1,3,6,6,6,6,6,6,6,6,6,6,0,0,3,6,6,6,6,6,6,6,6,6,6,6,5,0,5,6,6,6,6,6,5,5,6,6,6,6,6,1,2,6,6,6,6,6,6,6,6,6,6,6,6,6,0,0,2,2,0,0,0,0,6,6,6,6,6,6,6,0,0,0,0,0,0,2,6,6,6,6,6,6,6,6,1,0,0,0,0,2,3,3,1,1,6,6,6,6,6,5,0,0,0,0,4,1,0,0,5,6,6,6,6,6,6,0,0,0,0,0,0,0,0,6,6,6,6,6,6,6,0,0,0,0,0,0,0,0,6,6,6,6,6,6,6,0,0,0,0,0,0,0,0,4,4,4,4,4,4,3,2,"mfeat-pixel","att60",0.9
0,0,0,0,0,0,0,0,0,0,0,2,4,3,0,0,0,0,0,0,0,0,0,2,4,6,6,6,6,0,0,0,0,0,0,0,1,5,6,6,6,6,6,6,0,0,0,0,1,2,3,6,6,6,6,6,6,6,6,1.7,0,1,6,6,6,6,6,6,6,6,6,6,6,6,3,0,0,0,4,6,6,6,6,6,6,6,6,6,6,0,0,0,0,4,6,6,6,6,6,6,6,6,6,6,0,0,5,6,6,6,6,6,6,6,6,6,6,6,6,0,0,3,4,4,4,4,4,3,3,6,6,6,6,6,0,0,0,0,0,0,0,0,0,0,4,6,6,6,6,0,0,0,0,0,0,0,0,0,0,5,6,6,6,6,0,0,0,0,0,0,0,0,0,0,6,6,6,6,6,1,0,0,0,0,0,0,0,0,0,3,6,6,6,6,3,0,0,0,0,0,0,0,0,0,5,6,6,6,6,2,0,0,0,0,0,0,0,0,0,6,6,6,6,6,0,0,0,0,0,0,0,0,0,0,4,4,4,4,3,0,2,"mfeat-pixel","att60",0.9
0,0,0,0,0,0,0,0,0,3,6,4,4,3,0,0,0,0,0,0,0,0,3,6,6,6,6,6,6,2,0,0,0,0,0,0,0,6,6,6,6,6,6,6,0,0,0,0,0,0,1,5,6,6,6,6,6,6,5,0.94,0,0,1,4,4,6,6,6,6,6,6,6,6,3,0,3,4,6,6,6,6,6,6,6,6,6,6,6,1,0,5,6,6,6,6,6,6,6,6,6,6,6,6,5,0,0,2,2,2,0,0,0,1,6,6,6,6,6,6,0,0,0,0,0,0,0,0,1,6,6,6,6,6,6,0,0,0,0,0,0,0,0,3,6,6,6,6,6,4,0,0,0,0,0,0,0,0,3,6,6,6,6,6,2,0,0,0,0,0,0,0,0,5,6,6,6,6,3,0,0,0,0,0,0,0,0,1,6,6,6,6,6,1,0,0,0,0,0,0,0,2,6,6,6,6,6,5,0,0,0,0,0,0,0,0,3,6,6,6,6,6,0,0,0,0,0,0,0,0,0,1,4,4,4,4,3,0,0,0,0,2,"mfeat-pixel","att60",0.9
0,0,0,0,0,0,3,6,6,6,4,3,0,0,0,0,0,0,0,0,5,6,6,6,6,6,6,0,0,0,0,0,0,1,3,6,6,6,6,6,6,6,3,1,0,0,0,0,6,6,6,6,6,6,6,6,6,6,6,1.01,0,0,0,6,6,6,6,6,6,6,6,6,6,6,0,0,0,1,6,6,6,6,6,6,6,6,6,6,6,0,3,6,6,6,6,6,6,6,6,6,6,6,6,6,0,5,6,6,6,6,6,6,6,6,6,6,6,3,1,0,1,5,6,4,3,2,5,6,6,6,6,6,3,1,0,0,0,0,0,0,0,3,6,6,6,6,6,6,6,0,0,0,0,0,0,0,3,6,6,6,6,6,6,6,0,0,0,0,0,0,0,3,6,6,6,6,6,6,6,0,0,0,0,0,0,0,0,2,5,6,6,6,6,6,0,0,0,0,0,0,0,0,0,3,6,6,6,6,6,1,0,0,0,0,0,0,1,4,6,6,6,6,6,6,2,0,0,0,0,0,0,1,4,4,4,4,4,4,4,0,2,"mfeat-pixel","att60",0.9
0,0,0,0,0,0,2,6,5,4,3,0,0,0,0,0,0,0,0,0,4,6,6,6,6,6,0,0,0,0,0,0,0,0,0,6,6,6,6,6,6,5,2,0,0,0,0,0,0,0,6,6,6,6,6,6,6,3,0,0.64,0,0,0,0,1,6,6,6,6,6,6,6,3,0,0,0,0,0,0,6,6,6,6,6,6,6,6,5,1,0,0,0,0,0,6,6,6,6,6,6,6,6,6,3,0,0,0,2,3,6,6,6,6,6,6,6,6,6,3,0,0,3,6,6,6,6,6,6,6,6,6,6,6,5,1,0,6,6,6,6,6,6,6,6,6,6,6,6,6,2,0,3,6,6,6,6,6,6,6,6,6,6,6,3,0,0,0,2,3,5,6,6,6,6,6,6,6,6,3,0,0,0,0,0,0,1,6,6,6,6,6,6,6,3,0,0,0,0,0,0,1,6,6,6,6,6,6,6,3,0,0,0,0,0,0,2,6,6,6,6,6,6,6,3,0,0,0,0,0,0,0,2,4,4,4,4,4,4,2,0,2,"mfeat-pixel","att60",0.9
0,0,0,0,0,0,0,0,3,6,6,4,4,1,0,0,0,0,0,0,0,2,6,6,6,6,6,6,4,0,0,0,0,0,0,0,3,6,6,6,6,6,6,6,3,0,0,0,0,0,0,3,6,6,6,6,6,6,4,0.49,0,0,0,0,0,0,3,6,6,6,6,6,6,3,0,1,2,2,1,0,0,3,6,6,6,6,6,6,3,0,6,6,6,6,5,4,6,6,6,6,6,6,6,6,0,1,5,6,6,6,6,6,6,6,6,6,6,6,3,0,0,0,2,2,4,4,6,6,6,6,6,6,6,6,0,0,0,0,0,0,0,0,2,5,6,6,6,6,6,3,0,0,0,0,0,0,0,0,3,6,6,6,6,6,3,0,0,0,0,0,0,0,0,3,6,6,6,6,6,2,0,0,0,0,0,0,0,0,3,6,6,6,6,6,0,0,0,0,0,0,0,0,0,3,6,6,6,6,6,0,0,0,0,0,0,0,0,0,3,6,6,6,6,6,3,0,0,0,0,0,0,0,0,2,4,4,4,4,4,0,2,"mfeat-pixel","att60",0.9
1,4,4,6,6,4,1,0,0,0,0,0,0,0,0,2,6,6,6,6,6,5,2,0,0,0,0,0,0,0,0,3,5,6,6,6,6,6,3,0,0,0,0,0,0,0,0,0,6,6,6,6,6,3,0,0,0,0,0,0.5,0,0,0,6,6,6,6,6,6,3,0,0,0,0,0,0,0,0,3,5,6,6,6,6,6,0,0,0,0,0,0,0,0,0,0,6,6,6,6,6,1,0,0,0,0,0,0,0,0,0,6,6,6,6,6,6,0,0,0,0,0,0,0,0,0,6,6,6,6,6,6,0,0,0,0,0,0,0,0,0,5,6,6,6,6,6,5,0,0,0,0,0,0,0,0,3,6,6,6,6,6,6,5,0,0,0,0,0,0,0,1,5,6,6,6,6,6,6,1,0,0,0,0,0,0,0,1,4,6,6,6,6,6,6,0,0,0,0,0,0,0,0,0,3,6,6,6,6,6,4,0,0,0,0,0,0,0,0,2,6,6,6,6,6,6,0,0,0,0,0,0,0,0,0,1,3,4,4,4,3,2,"mfeat-pixel","att60",0.9
0,0,0,0,0,0,1,4,5,6,4,3,0,0,0,0,0,0,0,0,0,4,6,6,6,6,6,5,3,0,0,0,0,0,1,5,6,6,6,6,6,6,6,5,0,0,0,0,5,6,6,6,6,6,6,6,6,1,0,-1.07,0,0,0,6,6,6,6,6,6,6,6,6,0,0,0,0,3,5,6,6,6,6,6,6,6,6,6,0,0,0,5,6,6,6,6,6,6,6,6,6,6,6,1,0,0,6,6,6,6,6,3,2,2,5,6,6,6,6,5,0,3,4,4,4,3,0,0,0,3,6,6,6,6,6,0,0,0,0,0,0,0,0,0,3,6,6,6,6,6,0,0,0,0,0,0,0,0,0,3,6,6,6,6,6,0,0,0,0,0,0,0,0,0,3,6,6,6,6,6,2,0,0,0,0,0,0,0,0,2,6,6,6,6,6,6,0,0,0,0,0,0,0,0,0,4,6,6,6,6,4,0,0,0,0,0,0,0,0,2,6,6,6,6,6,0,0,0,0,0,0,0,0,0,0,1,3,4,4,4,0,2,"mfeat-pixel","att60",0.9
0,0,2,2,3,4,4,4,4,4,3,2,2,2,1,0,0,4,4,6,6,6,6,6,6,6,6,6,6,3,0,0,0,0,1,6,6,6,6,6,6,6,6,6,3,0,0,0,0,0,6,6,6,6,6,6,6,6,6,0.03,0,0,0,0,1,6,6,6,6,6,6,6,6,6,2,0,0,4,4,6,6,6,6,6,6,6,6,6,1,0,0,0,6,6,6,6,6,6,6,6,6,6,6,1,0,0,3,6,6,6,6,6,6,6,6,6,6,6,5,0,3,6,6,6,6,6,6,6,6,6,6,6,6,5,1,3,6,6,6,6,6,6,6,6,6,6,6,6,6,3,2,6,6,6,6,6,6,6,6,6,6,6,6,6,3,0,1,6,6,6,6,6,6,6,6,6,6,6,6,3,0,0,0,0,3,6,6,6,6,6,6,6,6,6,3,0,0,0,0,0,6,6,6,6,6,6,6,6,6,3,0,0,0,0,0,4,4,6,6,6,6,6,6,6,3,0,0,0,0,0,0,0,0,2,2,3,4,4,3,1,2,"mfeat-pixel","att60",0.9
0,0,0,0,0,0,0,0,3,6,6,6,6,5,0,0,0,0,0,0,0,2,6,6,6,6,6,6,6,0,0,0,0,0,0,0,4,6,6,6,6,6,6,6,0,0,0,0,0,0,5,6,6,6,6,6,6,6,6,0.27,0,0,0,0,1,6,6,6,6,6,6,6,6,6,0,0,0,0,5,6,6,6,6,6,6,6,6,6,6,0,0,3,5,6,6,6,6,6,6,6,6,6,6,6,2,2,6,6,6,6,6,6,6,6,6,6,6,6,6,6,0,2,2,4,4,2,5,6,6,6,6,6,6,6,6,0,0,0,0,0,0,1,4,6,6,6,6,6,6,6,0,0,0,0,0,0,0,0,4,6,6,6,6,6,6,0,0,0,0,0,0,0,0,5,6,6,6,6,6,6,0,0,0,0,0,0,0,0,4,6,6,6,6,6,6,0,0,0,0,0,0,0,5,6,6,6,6,6,6,6,0,0,0,0,0,0,0,1,6,6,6,6,6,6,6,0,0,0,0,0,0,0,0,3,4,4,4,4,4,4,2,"mfeat-pixel","att60",0.9
0,0,0,0,0,2,2,3,4,4,4,4,4,1,0,0,0,4,4,6,6,6,6,6,6,6,6,6,3,0,0,0,4,6,6,6,6,6,6,6,6,6,6,5,1,0,0,5,6,6,6,6,6,6,6,6,6,6,6,1.27,0,0,5,6,6,6,6,6,6,6,6,6,6,6,3,0,0,0,1,5,6,6,6,6,6,6,6,6,6,3,0,0,0,0,0,6,6,6,6,6,6,6,6,6,3,0,0,0,0,3,6,6,6,6,6,6,6,6,5,1,0,0,6,6,6,6,6,6,6,6,6,6,6,1,0,1,5,6,6,6,6,6,6,6,6,6,6,6,5,0,3,6,6,6,6,6,6,6,6,6,6,6,6,5,1,1,3,4,4,6,6,6,6,6,6,6,6,6,6,3,0,0,0,0,1,6,6,6,6,6,6,6,6,6,3,0,0,0,0,3,6,6,6,6,6,6,6,6,6,3,0,0,6,6,6,6,6,6,6,6,6,6,6,6,3,0,0,2,2,3,4,4,4,4,4,4,4,4,4,2,2,"mfeat-pixel","att60",0.9
0,0,0,0,0,0,1,4,5,6,6,6,4,4,1,0,0,0,0,0,2,6,6,6,6,6,6,6,6,3,0,0,0,0,0,0,6,6,6,6,6,6,6,6,2,0,0,0,1,3,5,6,6,6,6,6,6,6,6,-0.9,0,0,0,6,6,6,6,6,6,6,6,6,6,6,0,0,3,5,6,6,6,6,6,6,6,6,6,6,6,0,2,6,6,6,6,6,6,6,6,6,6,6,6,6,0,0,3,4,4,5,6,6,6,6,6,6,6,6,6,0,0,0,0,0,0,6,6,6,6,6,6,6,6,6,0,0,0,0,0,0,1,5,6,6,6,6,6,6,6,0,0,0,0,0,0,1,5,6,6,6,6,6,6,6,0,0,0,0,0,0,1,5,6,6,6,6,6,6,6,0,0,0,0,0,0,0,4,6,6,6,6,6,6,6,0,0,0,0,0,0,5,6,6,6,6,6,6,6,6,0,0,0,0,0,0,3,6,6,6,6,6,6,6,6,0,0,0,0,0,0,0,1,4,4,4,4,4,4,3,0,2,"mfeat-pixel","att60",0.9
0,0,0,0,0,0,3,6,6,6,6,5,1,0,0,0,0,0,0,0,5,6,6,6,6,6,6,6,5,0,0,0,0,0,1,6,6,6,6,6,6,6,6,6,0,0,0,1,5,6,6,6,6,6,6,6,6,6,6,-3.35,1,5,6,6,6,6,6,6,6,6,6,6,6,6,4,5,6,6,6,6,6,6,6,6,6,6,6,6,6,6,6,6,6,6,6,3,1,0,4,6,6,6,6,6,6,1,2,2,2,1,0,0,0,3,6,6,6,6,6,5,0,0,0,0,0,0,0,0,3,6,6,6,6,6,3,0,0,0,0,0,0,0,0,3,6,6,6,6,6,3,0,0,0,0,0,0,0,0,3,6,6,6,6,6,6,0,0,0,0,0,0,0,0,3,6,6,6,6,6,6,0,0,0,0,0,0,0,0,4,6,6,6,6,6,4,0,0,0,0,0,0,0,2,6,6,6,6,6,6,5,0,0,0,0,0,0,0,0,3,6,6,6,6,6,4,0,0,0,0,0,0,0,0,1,4,4,4,4,3,0,2,"mfeat-pixel","att60",0.9
0,0,0,0,0,0,1,2,3,4,2,2,0,0,0,0,0,0,0,0,3,6,6,6,6,6,6,6,3,0,0,0,0,0,0,4,6,6,6,6,6,6,6,6,0,0,0,0,2,5,6,6,6,6,6,6,6,6,4,2.49,0,0,1,5,6,6,6,6,6,6,6,6,6,3,0,0,3,6,6,6,6,6,6,6,6,6,6,6,3,0,0,4,6,6,6,6,6,6,6,6,6,6,5,1,0,2,6,6,6,6,6,6,6,6,6,6,6,4,0,0,2,4,5,6,6,6,6,6,6,6,6,6,6,3,0,0,0,0,4,6,6,6,6,6,6,6,6,6,2,0,0,0,0,3,6,6,6,6,6,6,6,6,3,0,0,0,0,1,5,6,6,6,6,6,6,6,5,1,0,0,0,0,3,6,6,6,6,6,6,6,6,3,0,0,0,0,0,6,6,6,6,6,6,6,6,6,3,0,0,0,0,0,4,6,6,6,6,6,6,6,6,3,0,0,0,0,0,2,4,4,4,3,2,2,2,0,0,0,0,0,2,"mfeat-pixel","att60",0.9
0,0,0,0,0,1,4,5,6,5,4,4,4,1,0,0,0,0,0,0,3,6,6,6,6,6,6,5,1,0,0,0,0,0,0,3,6,6,6,6,6,6,5,1,0,0,0,0,0,0,4,6,6,6,6,6,6,6,2,1.95,0,0,0,2,6,6,6,6,6,6,6,6,4,0,0,0,0,0,3,6,6,6,6,6,6,6,6,6,3,0,0,1,4,6,6,6,6,6,6,6,6,6,6,3,0,0,3,6,6,6,6,6,6,6,6,6,6,6,3,0,0,5,6,6,6,6,6,6,6,6,6,6,6,5,0,0,4,6,6,6,6,6,6,6,6,6,6,6,4,0,0,0,2,2,2,5,6,6,6,6,6,6,6,3,0,0,0,0,0,0,3,6,6,6,6,6,6,4,0,0,0,0,0,0,0,1,5,6,6,6,6,6,6,2,0,0,0,0,0,0,0,4,6,6,6,6,6,6,3,0,0,0,0,0,0,2,6,6,6,6,6,6,6,2,0,0,0,0,0,0,0,0,3,4,4,4,3,0,0,0,2,"mfeat-pixel","att60",0.9
0,0,0,1,4,5,6,5,4,1,0,0,0,0,0,0,1,4,6,6,6,6,6,6,3,0,0,0,0,0,0,3,6,6,6,6,6,6,6,3,0,0,0,0,0,0,3,6,6,6,6,6,6,6,6,3,0,0,0,-1.13,0,3,6,6,6,6,6,6,6,6,6,1,0,0,0,3,6,6,6,6,6,6,6,6,6,6,3,0,0,0,6,6,6,6,6,6,6,6,6,6,6,6,4,1,0,6,6,6,6,6,6,6,6,6,6,6,6,6,3,0,1,2,2,3,4,6,6,6,6,6,6,6,6,3,0,0,0,0,0,0,2,6,6,6,6,6,6,6,3,0,0,0,0,0,0,1,6,6,6,6,6,6,6,3,0,0,0,0,0,0,3,6,6,6,6,6,6,6,4,0,0,0,0,0,0,2,6,6,6,6,6,6,6,6,5,0,0,0,0,0,0,0,4,6,6,6,6,6,6,6,0,0,0,0,0,0,0,6,6,6,6,6,6,6,6,0,0,0,0,0,0,0,2,4,4,4,4,4,4,3,2,"mfeat-pixel","att60",0.9
0,0,0,0,2,4,4,4,4,4,4,4,4,0,0,0,0,0,1,5,6,6,6,6,6,6,6,6,0,0,0,0,6,6,6,6,6,6,6,6,6,6,6,0,0,0,0,6,6,6,6,6,6,6,6,6,6,6,0,0.14,0,0,6,6,6,6,6,6,6,6,6,6,6,0,0,0,0,6,6,6,6,6,6,6,6,6,6,6,0,0,1,5,6,6,6,6,6,6,6,6,6,6,6,0,0,3,6,6,6,6,6,6,6,6,6,6,6,6,0,0,2,6,6,6,6,6,6,6,6,6,6,6,6,0,0,0,1,6,6,6,6,6,6,6,6,6,6,6,0,0,0,0,6,6,6,6,6,6,6,6,6,6,6,0,0,0,0,6,6,6,6,6,6,6,6,6,6,6,0,0,0,0,5,6,6,6,6,6,6,6,6,6,6,0,0,0,0,3,6,6,6,6,6,6,6,6,6,6,5,0,0,0,0,1,5,6,6,6,6,6,6,6,6,6,0,0,0,0,0,1,2,2,2,2,2,2,4,4,1,0,2,"mfeat-pixel","att60",0.9
0,0,0,0,1,4,4,5,6,6,6,6,2,0,0,0,0,0,0,4,6,6,6,6,6,6,6,4,0,0,1,5,6,6,6,6,6,6,6,6,6,6,6,0,0,3,6,6,6,6,6,6,6,6,6,6,6,6,5,3.08,5,6,6,6,6,6,6,6,6,6,6,6,6,6,3,1,2,4,6,6,6,6,6,6,6,6,6,6,6,1,0,0,0,0,0,0,0,3,6,6,6,6,6,6,0,0,0,0,0,0,0,0,0,6,6,6,6,6,6,0,0,0,0,0,0,0,0,0,4,6,6,6,6,6,2,0,0,0,0,0,0,0,3,6,6,6,6,6,6,3,0,0,0,0,0,0,0,3,6,6,6,6,6,6,3,0,0,0,0,0,0,0,2,6,6,6,6,6,6,1,0,0,0,0,0,0,0,0,1,6,6,6,6,6,5,0,0,0,0,0,0,0,0,1,6,6,6,6,6,6,0,0,0,0,0,0,0,0,5,6,6,6,6,6,6,0,0,0,0,0,0,0,0,0,4,4,4,4,4,3,2,"mfeat-pixel","att60",0.9
1,5,6,6,6,5,0,0,0,0,0,0,0,0,0,0,3,6,6,6,6,4,0,0,0,0,0,0,0,0,0,3,6,6,6,6,6,0,0,0,0,0,0,0,0,0,6,6,6,6,6,6,0,0,0,0,0,0,0,1.52,0,5,6,6,6,6,6,2,0,0,0,0,0,0,0,0,4,6,6,6,6,6,6,3,0,0,0,0,0,0,0,5,6,6,6,6,6,6,6,3,0,0,0,0,0,0,0,6,6,6,6,6,6,6,6,3,0,0,0,0,0,0,6,6,6,6,6,6,6,6,6,4,0,0,0,0,0,3,6,6,5,5,6,6,6,6,6,3,0,0,0,0,0,0,2,0,0,6,6,6,6,6,6,2,0,0,0,0,0,0,0,0,1,5,6,6,6,6,5,0,0,0,0,0,0,0,0,0,1,5,6,6,6,6,5,0,0,0,0,0,0,0,0,0,0,4,6,6,6,6,0,0,0,0,0,0,0,0,0,0,3,6,6,6,6,0,0,0,0,0,0,0,0,0,0,1,4,4,4,1,2,"mfeat-pixel","att60",0.9
0,0,0,0,0,0,2,4,4,4,6,5,0,0,0,0,0,0,0,0,5,6,6,6,6,6,6,0,0,0,0,0,0,0,0,6,6,6,6,6,6,6,5,3,0,0,0,0,3,5,6,6,6,6,6,6,6,6,5,-1.91,0,0,1,6,6,6,6,6,6,6,6,6,6,1,0,0,5,6,6,6,6,6,6,6,6,6,6,6,6,0,1,6,6,6,6,6,6,6,6,6,6,6,6,5,0,1,5,6,6,6,6,6,6,6,6,6,6,6,4,0,0,0,1,5,6,6,6,6,6,6,6,6,6,6,0,0,0,0,0,0,4,6,6,6,6,6,6,6,6,0,0,0,0,0,0,1,5,6,6,6,6,6,6,6,0,0,0,0,0,0,0,0,2,5,6,6,6,6,6,1,0,0,0,0,0,0,0,2,5,6,6,6,6,6,3,0,0,0,0,0,0,3,6,6,6,6,6,6,6,0,0,0,0,0,0,0,3,6,6,6,6,6,6,6,0,0,0,0,0,0,0,2,4,4,4,4,4,4,3,0,2,"mfeat-pixel","att60",0.9
0,0,0,0,0,0,0,0,2,4,6,6,3,0,0,0,0,0,0,0,0,1,5,6,6,6,6,6,3,0,0,0,0,0,0,0,6,6,6,6,6,6,6,6,3,0,0,0,0,0,1,6,6,6,6,6,6,6,6,-0.5,0,0,0,3,5,6,6,6,6,6,6,6,5,1,0,0,0,0,6,6,6,6,6,6,6,6,6,5,0,0,0,3,5,6,6,6,6,6,6,6,6,6,1,0,0,0,6,6,6,6,6,6,6,6,6,6,6,0,0,0,0,3,5,6,6,6,6,6,6,6,6,6,0,0,0,0,0,1,6,6,6,6,6,6,6,6,5,0,0,0,0,5,6,6,6,6,6,6,6,6,1,0,0,0,0,0,1,2,2,2,4,5,6,6,6,0,0,0,0,0,0,0,1,3,4,4,5,6,6,5,0,0,0,0,0,1,5,6,6,6,6,6,6,6,0,0,0,0,0,0,2,6,6,6,6,6,6,6,6,3,0,0,0,0,0,0,3,4,4,4,4,4,4,2,0,0,0,0,0,0,2,"mfeat-pixel","att60",0.9
0,0,0,0,0,0,0,0,3,6,6,6,6,6,5,0,0,0,0,0,0,2,6,6,6,6,6,6,6,6,0,0,0,0,0,0,3,6,6,6,6,6,6,6,6,0,0,0,0,0,0,3,6,6,6,6,6,6,6,5.01,0,0,0,0,0,0,4,6,6,6,6,6,6,6,6,1,2,2,3,5,6,6,6,6,6,6,6,6,6,6,6,6,6,6,6,6,6,6,6,6,6,6,6,6,6,5,6,6,6,6,6,6,6,6,6,6,6,6,6,5,0,2,4,4,4,4,6,6,6,6,6,6,6,6,1,0,0,0,0,0,0,3,6,6,6,6,6,6,6,6,0,0,0,0,0,0,3,6,6,6,6,6,6,6,6,0,0,0,0,0,0,3,6,6,6,6,6,6,6,6,0,0,0,0,0,1,5,6,6,6,6,6,6,6,6,0,0,0,0,0,1,5,6,6,6,6,6,6,6,6,0,0,0,0,0,0,3,6,6,6,6,6,6,5,1,0,0,0,0,0,0,1,4,4,4,4,4,4,1,0,2,"mfeat-pixel","att60",0.9
0,0,0,0,0,0,0,0,3,5,6,6,5,4,3,0,0,0,0,0,0,0,2,6,6,6,6,6,6,6,0,0,0,0,0,0,0,0,6,6,6,6,6,6,6,0,0,0,0,0,0,0,2,6,6,6,6,6,6,2.85,0,0,0,0,0,0,0,4,6,6,6,6,4,0,0,0,0,0,0,0,2,6,6,6,6,6,6,3,0,0,0,0,0,0,1,5,6,6,6,6,6,6,3,0,0,0,0,1,5,6,6,6,6,6,6,6,6,3,0,0,0,1,5,6,6,6,6,6,6,6,6,6,3,0,0,3,6,6,6,6,6,6,6,6,6,6,6,3,0,0,5,6,6,6,6,4,5,6,6,6,6,6,3,0,0,0,0,0,0,0,0,0,6,6,6,6,6,3,0,0,0,0,0,0,0,0,0,6,6,6,6,3,0,0,0,0,0,0,0,0,0,0,6,6,6,6,0,0,0,0,0,0,0,0,0,0,3,6,6,6,6,0,0,0,0,0,0,0,0,0,0,3,4,4,4,4,0,0,0,0,2,"mfeat-pixel","att60",0.9
0,0,0,0,0,0,0,0,0,1,2,2,4,4,1,0,0,0,0,0,0,0,0,0,6,6,6,6,6,6,0,0,0,0,0,0,0,0,3,6,6,6,6,6,4,0,0,0,0,0,0,3,6,6,6,6,6,6,6,0.29,0,0,0,0,0,3,6,6,6,6,6,6,6,6,0,0,0,0,2,5,6,6,6,6,6,6,6,6,3,0,0,0,4,6,6,6,6,6,6,6,6,6,3,0,0,1,5,6,6,6,6,6,6,6,6,6,6,3,0,0,2,6,6,6,6,6,6,6,6,6,6,6,3,0,0,0,3,4,4,6,6,6,6,6,6,6,6,3,0,0,0,0,0,0,3,6,6,6,6,6,6,6,3,0,0,0,0,0,0,0,4,6,6,6,6,6,6,2,0,0,0,0,0,2,4,6,6,6,6,6,4,0,0,0,0,0,0,3,6,6,6,6,6,6,6,2,0,0,0,0,0,0,3,6,6,6,6,6,6,1,0,0,0,0,0,0,0,0,2,4,4,3,2,1,0,0,0,0,0,0,2,"mfeat-pixel","att60",0.9
0,3,4,6,6,6,5,4,1,0,0,0,0,0,0,5,6,6,6,6,6,6,6,3,0,0,0,0,0,0,2,6,6,6,6,6,6,6,3,0,0,0,0,0,0,0,6,6,6,6,6,6,6,5,1,0,0,0,0,0.45,0,6,6,6,6,6,6,6,6,1,0,0,0,0,0,2,6,6,6,6,6,6,6,6,5,0,0,0,0,0,6,6,6,6,6,6,6,6,6,6,0,0,0,0,0,6,6,6,6,6,6,6,6,6,6,0,0,0,0,0,5,6,6,6,6,6,6,6,6,6,0,0,0,0,0,0,3,5,6,6,6,6,6,6,6,3,1,0,0,0,0,0,0,6,6,6,6,6,6,6,6,6,5,3,0,0,0,0,6,6,6,6,6,6,6,6,6,6,3,0,0,0,0,1,3,6,6,6,6,6,6,6,6,3,0,0,0,0,0,0,6,6,6,6,6,6,6,6,6,0,0,0,0,0,0,6,6,6,6,6,6,6,6,6,0,0,0,0,0,0,3,4,4,4,4,4,4,4,3,0,2,"mfeat-pixel","att60",0.9
0,0,0,0,0,0,0,3,6,6,6,5,4,5,5,0,0,0,3,6,6,6,6,6,6,6,6,6,6,6,0,2,6,6,6,6,6,6,6,6,6,6,6,6,6,0,3,6,6,6,6,6,6,6,6,6,6,6,6,5.23,0,6,6,6,6,6,6,6,6,6,6,6,6,6,6,0,3,6,6,6,6,6,6,6,6,6,6,6,6,1,0,0,2,1,0,1,6,6,6,6,6,6,6,6,5,0,0,0,0,0,0,5,6,6,6,6,6,6,6,6,0,0,0,0,0,0,3,6,6,6,6,6,6,6,3,0,0,0,0,0,2,6,6,6,6,6,6,6,3,0,0,0,0,0,0,1,5,6,6,6,6,6,6,3,0,0,0,0,0,0,1,5,6,6,6,6,6,6,3,0,0,0,0,0,0,3,6,6,6,6,6,6,6,2,0,0,0,0,1,4,6,6,6,6,6,6,6,5,0,0,0,0,0,3,6,6,6,6,6,6,6,4,0,0,0,0,0,0,2,4,4,4,4,4,4,4,2,0,0,0,2,"mfeat-pixel","att60",0.9
0,0,0,0,0,2,6,6,6,6,6,6,6,5,0,0,0,0,0,0,3,6,6,6,6,6,6,6,6,5,0,0,0,0,0,4,6,6,6,6,6,6,6,6,3,0,0,0,3,6,6,6,6,6,6,6,6,6,6,1.09,1,4,6,6,6,6,6,6,6,6,6,6,6,6,6,6,6,6,6,6,6,6,6,6,6,6,6,6,6,6,3,4,4,4,4,4,4,6,6,6,6,6,6,6,6,0,0,0,0,0,0,0,3,6,6,6,6,6,6,6,0,0,0,0,0,0,0,3,6,6,6,6,6,6,6,0,0,0,0,0,0,0,3,6,6,6,6,6,6,6,0,0,0,0,0,0,0,3,6,6,6,6,6,6,6,0,0,0,0,0,0,0,3,6,6,6,6,6,6,5,0,0,0,0,0,0,0,4,6,6,6,6,6,6,3,0,0,0,0,0,0,1,6,6,6,6,6,6,4,0,0,0,0,0,0,2,6,6,6,6,6,6,6,3,0,0,0,0,0,0,2,4,4,4,4,4,4,4,2,0,2,"mfeat-pixel","att60",0.9
0,0,0,0,0,0,3,4,4,4,4,2,2,1,0,0,0,0,0,0,0,6,6,6,6,6,6,6,1,0,0,0,0,1,3,5,6,6,6,6,6,6,6,0,0,0,0,6,6,6,6,6,6,6,6,6,6,6,0,-1.79,0,0,6,6,6,6,6,6,6,6,6,6,3,0,0,0,0,6,6,6,6,6,6,6,6,6,6,3,0,0,0,0,6,6,6,6,6,6,6,6,6,6,6,0,0,0,0,6,6,6,6,6,6,6,6,6,6,6,0,0,0,1,6,6,6,6,6,6,6,6,6,6,6,0,0,0,6,6,6,6,6,6,6,6,6,6,6,6,0,0,0,0,2,3,6,6,6,6,6,6,6,6,6,0,0,0,0,0,0,3,6,6,6,6,6,6,6,6,0,0,0,0,0,0,4,6,6,6,6,6,6,6,6,0,0,0,0,4,5,6,6,6,6,6,6,6,6,6,1,0,0,0,0,1,5,6,6,6,6,6,6,6,6,6,0,0,0,0,0,1,2,2,2,3,4,4,2,2,0,0,2,"mfeat-pixel","att60",0.9
0,0,0,0,0,0,3,5,6,6,6,6,6,6,5,0,0,0,0,0,0,6,6,6,6,6,6,6,6,3,0,0,0,0,0,0,6,6,6,6,6,6,6,6,3,0,0,0,0,0,3,6,6,6,6,6,6,6,6,6.1,0,0,0,0,0,3,6,6,6,6,6,6,6,3,0,0,0,0,0,0,4,6,6,6,6,6,6,6,3,0,0,0,0,2,6,6,6,6,6,6,6,6,6,3,0,1,2,2,5,6,6,6,6,6,6,6,6,6,3,0,6,6,6,6,6,6,6,6,6,6,6,6,6,6,0,3,4,4,4,4,6,6,6,6,6,6,6,6,3,0,0,0,0,0,0,1,4,6,6,6,6,6,6,3,0,0,0,0,0,0,0,0,3,6,6,6,6,6,4,0,0,0,0,0,0,0,0,3,6,6,6,6,6,5,0,0,0,0,0,0,0,0,3,6,6,6,6,6,3,0,0,0,0,0,0,0,0,4,6,6,6,6,6,3,0,0,0,0,0,0,0,0,4,4,4,4,4,4,2,0,2,"mfeat-pixel","att60",0.9
3,5,6,6,5,4,4,1,0,0,0,0,0,0,0,6,6,6,6,6,6,6,3,0,0,0,0,0,0,0,6,6,6,6,6,6,6,3,0,0,0,0,0,0,0,6,6,6,6,6,6,6,3,0,0,0,0,0,0,1.45,6,6,6,6,6,6,6,3,0,0,0,0,0,0,0,6,6,6,6,6,6,6,5,2,2,2,2,2,2,1,6,6,6,6,6,6,6,6,6,6,6,6,6,6,6,6,6,6,6,6,6,6,6,6,6,6,6,6,5,1,6,6,6,6,6,6,6,6,6,6,6,6,6,3,0,6,6,6,6,6,6,6,6,6,6,6,4,4,1,0,6,6,6,6,6,6,6,6,6,6,3,0,0,0,0,6,6,6,6,6,6,6,6,6,6,3,0,0,0,0,6,6,6,6,6,6,6,6,4,2,0,0,0,0,0,6,6,6,6,6,6,6,6,4,0,0,0,0,0,0,6,6,6,6,6,6,6,4,0,0,0,0,0,0,0,3,4,4,4,4,4,4,1,0,0,0,0,0,0,0,2,"mfeat-pixel","att60",0.9
0,0,0,0,0,5,6,6,6,6,6,5,0,0,0,0,0,0,0,1,6,6,6,6,6,6,1,0,0,0,0,0,0,5,6,6,6,6,6,6,6,5,0,0,0,0,0,0,6,6,6,6,6,6,6,6,6,0,0,-2.57,0,0,1,6,6,6,6,6,6,6,6,6,0,0,0,0,5,6,6,6,6,6,6,6,6,6,6,0,0,0,3,6,6,6,6,6,6,6,6,6,6,6,0,0,0,4,6,6,6,6,6,6,6,6,6,6,6,5,3,0,3,4,5,6,6,3,2,2,5,6,6,6,6,6,2,0,0,0,1,1,0,0,0,3,6,6,6,6,6,2,0,0,0,0,0,0,0,0,3,6,6,6,6,6,0,0,0,0,0,0,0,0,0,3,6,6,6,6,6,4,0,0,0,0,0,0,0,0,4,6,6,6,6,6,6,0,0,0,0,0,0,0,3,6,6,6,6,6,6,6,0,0,0,0,0,0,0,0,4,6,6,6,6,6,6,0,0,0,0,0,0,0,0,2,4,4,4,4,4,3,2,"mfeat-pixel","att60",0.9
0,0,0,0,0,0,0,1,4,6,6,6,6,6,5,0,0,0,0,0,0,0,4,6,6,6,6,6,6,6,0,0,0,0,2,6,6,6,6,6,6,6,6,6,3,0,0,0,0,4,6,6,6,6,6,6,6,6,6,3.81,0,3,5,6,6,6,6,6,6,6,6,6,6,6,5,0,6,6,6,6,6,6,6,6,6,6,6,6,5,1,0,5,6,6,6,6,6,6,6,6,6,6,6,3,0,0,0,1,2,5,6,6,6,6,6,6,6,5,1,0,0,0,0,0,3,6,6,6,6,6,6,6,3,0,0,0,0,0,2,5,6,6,6,6,6,6,6,2,0,0,0,0,3,6,6,6,6,6,6,6,4,0,0,0,0,0,0,4,6,6,6,6,6,6,6,3,0,0,0,0,0,3,6,6,6,6,6,6,6,5,1,0,0,0,0,0,1,6,6,6,6,6,6,6,0,0,0,0,0,0,2,6,6,6,6,6,6,6,3,0,0,0,0,0,0,0,3,4,4,4,4,4,1,0,0,0,0,0,0,0,2,"mfeat-pixel","att60",0.9
0,0,0,0,0,0,0,0,4,4,4,4,4,3,1,0,0,0,0,0,0,0,1,6,6,6,6,6,6,3,0,0,0,0,0,0,4,6,6,6,6,6,6,6,3,0,0,0,0,2,5,6,6,6,6,6,6,6,6,2.35,0,0,2,5,6,6,6,6,6,6,6,6,6,4,0,0,3,6,6,6,6,6,6,6,6,6,6,6,5,1,3,6,6,6,6,6,6,6,6,6,6,6,6,6,3,0,3,6,6,6,6,6,6,6,6,6,6,6,5,1,0,0,0,0,0,3,6,6,6,6,6,6,6,3,0,0,0,0,0,0,3,6,6,6,6,6,6,6,0,0,0,0,0,0,0,3,6,6,6,6,6,6,6,0,0,0,0,0,0,0,1,6,6,6,6,6,6,5,0,0,0,0,0,0,4,6,6,6,6,6,6,4,0,0,0,0,0,0,0,6,6,6,6,6,6,6,1,0,0,0,0,0,0,0,6,6,6,6,6,6,6,0,0,0,0,0,0,0,0,4,4,4,4,4,4,4,0,0,0,0,2,"mfeat-pixel","att60",0.9
0,0,0,0,0,0,0,0,0,0,1,5,5,4,3,0,0,0,0,0,0,0,0,0,1,5,6,6,6,6,0,0,0,0,0,0,0,0,2,6,6,6,6,6,1,0,0,0,0,0,0,0,3,6,6,6,6,6,1,-0.3,0,0,0,0,0,0,3,6,6,6,6,6,3,0,0,0,0,0,0,0,4,6,6,6,6,6,6,6,0,0,0,0,0,1,5,6,6,6,6,6,6,6,6,0,0,0,0,3,6,6,6,6,6,1,6,6,6,6,1,0,0,3,6,6,6,6,6,3,0,6,6,6,6,1,0,5,6,6,6,3,2,1,0,2,6,6,6,1,0,0,1,5,5,1,0,0,0,0,6,6,6,3,0,0,0,0,0,0,0,0,0,0,0,6,6,6,6,1,0,0,0,0,0,0,0,0,0,0,6,6,6,6,3,0,0,0,0,0,0,0,0,0,0,6,6,6,6,3,0,0,0,0,0,0,0,0,0,0,6,6,6,6,2,0,0,0,0,0,0,0,0,0,0,4,4,4,1,0,0,0,2,"mfeat-pixel","att60",0.9
0,0,0,0,0,0,2,4,6,6,6,4,2,0,0,0,0,0,1,4,6,6,6,6,6,6,6,6,3,0,0,0,0,3,6,6,6,6,6,6,6,6,6,3,0,0,0,0,3,6,6,6,6,6,6,6,6,6,3,-0.34,0,0,2,5,6,6,6,6,6,6,6,6,6,3,0,0,4,6,6,6,6,6,6,6,6,6,6,6,3,0,5,6,6,6,6,6,6,6,6,6,6,6,6,5,1,5,6,6,6,6,6,6,6,6,6,6,6,6,6,6,0,0,0,0,0,4,6,6,6,6,6,6,6,6,6,0,0,0,0,0,3,6,6,6,6,6,6,6,6,6,0,0,0,0,0,1,4,6,6,6,6,6,6,6,6,0,0,0,0,0,0,0,3,6,6,6,6,6,6,6,0,0,0,0,0,0,0,3,6,6,6,6,6,6,6,0,0,0,0,0,1,4,6,6,6,6,6,6,6,6,0,0,0,0,0,3,6,6,6,6,6,6,6,6,6,0,0,0,0,0,0,2,4,4,4,4,4,4,4,1,2,"mfeat-pixel","att60",0.9
0,0,0,0,0,2,6,6,6,5,4,1,0,0,0,0,0,0,0,0,0,5,6,6,6,6,3,0,0,0,0,0,0,0,3,5,6,6,6,6,6,6,4,1,0,0,0,0,0,5,6,6,6,6,6,6,6,6,3,-1.1,0,0,0,0,0,4,6,6,6,6,6,6,6,3,0,0,0,0,0,0,3,6,6,6,6,6,6,6,3,0,0,0,0,0,0,6,6,6,6,6,6,6,6,3,0,0,0,0,1,5,6,6,6,6,6,6,6,6,3,0,0,0,0,6,6,6,6,6,6,6,6,6,6,5,1,0,1,5,6,6,6,6,6,6,6,6,6,6,5,1,2,6,6,6,6,6,6,6,6,6,6,6,6,5,1,0,3,4,4,4,4,4,6,6,6,6,6,6,6,6,0,0,0,0,0,0,0,3,6,6,6,6,6,6,6,0,0,0,0,0,0,0,3,6,6,6,6,6,6,5,0,0,0,0,0,0,0,3,6,6,6,6,6,4,0,0,0,0,0,0,0,0,2,4,4,4,4,4,1,0,2,"mfeat-pixel","att60",0.9
0,1,4,3,2,2,2,2,2,0,0,0,0,0,0,2,6,6,6,6,6,6,6,6,6,4,0,0,0,0,3,6,6,6,6,6,6,6,6,6,6,0,0,0,0,3,6,6,6,6,6,6,6,6,6,6,1,0,0,1.5,0,3,6,6,6,6,6,6,6,6,6,6,4,0,0,0,0,6,6,6,6,6,6,6,6,6,3,0,0,0,0,1,6,6,6,6,6,6,6,6,6,0,0,0,0,0,6,6,6,6,6,6,6,6,6,6,0,0,0,0,0,4,6,6,6,6,6,6,6,6,6,0,0,0,0,3,6,6,6,6,6,6,6,6,6,6,1,0,0,0,2,6,6,6,6,6,6,6,6,6,6,6,4,3,0,0,0,2,3,4,6,6,6,6,6,6,6,6,4,0,0,0,0,0,0,1,6,6,6,6,6,6,6,6,2,0,0,0,0,0,0,6,6,6,6,6,6,6,1,0,0,0,0,0,0,0,4,6,6,6,6,6,6,0,0,0,0,0,0,0,0,0,0,2,3,4,4,4,0,0,2,"mfeat-pixel","att60",0.9
0,0,0,0,1,4,4,4,4,4,4,4,4,4,2,0,0,4,4,6,6,6,6,6,6,6,6,6,6,3,0,1,6,6,6,6,6,6,6,6,6,6,6,6,3,2,6,6,6,6,6,6,6,6,6,6,6,6,6,5.88,3,6,6,6,6,6,6,6,6,6,6,6,6,6,3,2,4,4,4,6,6,6,6,6,6,6,6,6,6,3,0,0,0,0,1,6,6,6,6,6,6,6,6,6,3,0,0,0,0,0,6,6,6,6,6,6,6,6,6,3,0,0,0,0,0,6,6,6,6,6,6,6,6,6,3,0,0,0,0,0,6,6,6,6,6,6,6,6,6,3,0,0,0,0,0,6,6,6,6,6,6,6,6,6,3,0,0,0,0,0,6,6,6,6,6,6,6,6,6,3,0,0,0,0,3,6,6,6,6,6,6,6,6,6,1,0,0,6,6,6,6,6,6,6,6,6,6,6,5,0,0,0,6,6,6,6,6,6,6,6,6,6,6,0,0,0,0,2,2,3,4,4,4,4,4,4,4,4,0,0,2,"mfeat-pixel","att60",0.9
0,0,0,0,2,3,4,4,4,4,4,3,2,0,0,0,2,4,6,6,6,6,6,6,6,6,6,6,0,0,0,1,6,6,6,6,6,6,6,6,6,6,6,0,0,0,0,6,6,6,6,6,6,6,6,6,6,6,0,0.66,0,0,6,6,6,6,6,6,6,6,6,6,6,0,0,0,0,6,6,6,6,6,6,6,6,6,6,6,0,0,0,0,6,6,6,6,6,6,6,6,6,6,6,0,0,0,0,6,6,6,6,6,6,6,6,6,6,6,0,0,0,0,6,6,6,6,6,6,6,6,6,6,6,0,0,0,0,2,5,6,6,6,6,6,6,6,6,6,0,0,0,0,0,0,6,6,6,6,6,6,6,6,6,0,0,0,0,0,0,1,6,6,6,6,6,6,6,6,0,0,0,0,0,1,3,6,6,6,6,6,6,6,6,0,0,0,0,0,0,0,3,6,6,6,6,6,6,6,1,0,0,0,0,0,0,0,6,6,6,6,6,6,6,6,0,0,0,0,0,0,0,2,2,2,3,4,3,2,0,0,2,"mfeat-pixel","att60",0.9
0,0,0,0,0,0,0,3,4,4,6,6,4,4,3,0,0,0,0,0,0,1,6,6,6,6,6,6,6,4,0,0,0,0,0,0,6,6,6,6,6,6,6,6,3,0,0,0,0,0,1,6,6,6,6,6,6,6,6,5.14,0,0,0,0,2,6,6,6,6,6,6,6,6,6,5,0,2,2,2,5,6,6,6,6,6,6,6,6,6,3,5,6,6,6,6,6,6,6,6,6,6,6,6,6,6,3,6,6,6,6,6,6,6,6,6,6,6,6,6,6,0,0,0,0,0,0,4,6,6,6,6,6,6,6,6,0,0,0,0,0,0,3,6,6,6,6,6,6,6,6,0,0,0,0,0,0,3,6,6,6,6,6,6,6,6,0,0,0,0,0,0,0,6,6,6,6,6,6,6,3,0,0,0,0,0,0,0,6,6,6,6,6,6,6,3,0,0,0,0,0,0,0,6,6,6,6,6,6,6,3,0,0,0,0,0,0,0,3,6,6,6,6,6,6,3,0,0,0,0,0,0,0,0,1,4,4,4,4,4,1,2,"mfeat-pixel","att60",0.9
0,0,0,0,0,1,2,2,3,4,4,4,4,3,1,0,0,0,0,0,3,6,6,6,6,6,6,6,6,3,0,0,0,0,3,6,6,6,6,6,6,6,6,4,0,0,0,4,5,6,6,6,6,6,6,6,6,6,3,-0.52,0,0,6,6,6,6,6,6,6,6,6,6,6,6,0,1,5,6,6,6,6,6,6,6,6,6,6,6,6,0,2,4,4,6,6,6,6,6,6,6,6,6,6,1,0,0,0,0,3,6,6,6,6,6,6,6,6,6,0,0,0,0,0,6,6,6,6,6,6,6,6,6,4,0,0,0,0,0,1,6,6,6,6,6,6,6,6,5,0,0,0,0,0,0,6,6,6,6,6,6,6,6,6,0,0,0,0,0,0,4,6,6,6,6,6,6,6,6,0,0,0,0,0,0,2,6,6,6,6,6,6,6,6,0,0,0,0,0,0,0,4,6,6,6,6,6,6,4,0,0,0,0,0,0,3,6,6,6,6,6,6,6,5,0,0,0,0,0,0,1,2,3,4,4,4,4,4,4,0,0,2,"mfeat-pixel","att60",0.9
0,0,0,0,0,1,3,4,4,6,5,4,1,0,0,0,0,0,0,2,6,6,6,6,6,6,6,3,0,0,0,0,0,0,3,6,6,6,6,6,6,6,3,0,0,0,0,0,2,5,6,6,6,6,6,6,6,3,0,-1.43,0,3,6,6,6,6,6,6,6,6,6,4,0,0,0,4,6,6,6,6,6,6,6,6,6,6,6,2,0,0,6,6,6,6,6,6,6,6,6,6,6,6,3,0,0,1,4,4,2,2,2,5,6,6,6,6,6,3,0,0,0,0,0,0,0,0,0,4,6,6,6,6,3,0,0,0,0,0,0,0,0,0,4,6,6,6,6,6,3,0,0,0,0,0,0,0,2,6,6,6,6,6,6,4,0,0,0,0,0,0,0,0,3,6,6,6,6,6,5,0,0,0,0,0,0,0,0,2,6,6,6,6,6,6,0,0,0,0,0,0,0,0,0,4,6,6,6,6,6,0,0,0,0,0,0,0,0,0,3,6,6,6,6,6,1,0,0,0,0,0,0,0,0,0,4,4,4,4,4,2,2,"mfeat-pixel","att60",0.9
0,0,0,0,1,2,3,4,4,4,4,2,2,0,0,0,0,4,5,6,6,6,6,6,6,6,6,6,6,0,0,0,4,5,6,6,6,6,6,6,6,6,6,6,0,0,0,0,0,4,6,6,6,6,6,6,6,6,3,2.79,0,0,0,0,3,6,6,6,6,6,6,6,6,0,0,0,0,0,0,3,6,6,6,6,6,6,6,6,0,0,0,0,0,0,4,6,6,6,6,6,6,6,6,5,0,1,3,4,5,6,6,6,6,6,6,6,6,4,1,0,3,6,6,6,6,6,6,6,6,6,6,3,0,0,0,3,6,6,6,6,6,6,6,6,6,6,3,0,0,0,3,6,6,6,6,6,6,6,6,6,6,4,0,0,0,2,6,6,6,6,6,6,6,6,6,6,6,6,0,0,0,0,2,3,6,6,6,6,6,6,6,6,6,0,0,0,0,0,0,3,6,6,6,6,6,6,5,2,0,0,0,0,0,0,3,6,6,6,6,6,6,4,0,0,0,0,0,0,0,2,4,4,4,4,4,4,4,4,0,0,2,"mfeat-pixel","att60",0.9
0,0,0,0,0,0,0,0,0,5,6,6,6,5,1,0,0,0,0,0,0,0,0,3,6,6,6,6,6,5,0,0,0,0,0,0,1,5,6,6,6,6,6,6,6,0,0,0,0,0,1,6,6,6,6,6,6,6,6,4.38,0,0,0,0,3,6,6,6,6,6,6,6,6,5,0,0,0,2,6,6,6,6,6,6,6,6,6,6,2,0,1,4,6,6,6,6,6,6,6,6,6,6,4,0,0,1,6,6,6,6,6,6,6,6,6,6,6,6,0,0,0,3,4,4,5,6,6,6,6,6,6,6,6,2,0,0,0,0,0,0,1,6,6,6,6,6,6,6,1,0,0,0,0,0,0,0,6,6,6,6,6,6,6,6,0,0,0,0,0,0,0,6,6,6,6,6,6,6,6,0,0,0,0,0,0,0,6,6,6,6,6,6,6,6,0,0,0,0,0,0,0,6,6,6,6,6,6,6,3,0,0,0,0,0,0,0,6,6,6,6,6,6,5,1,0,0,0,0,0,0,0,4,4,4,4,4,4,1,0,0,2,"mfeat-pixel","att60",0.9
0,0,0,0,0,0,0,3,6,6,6,6,3,0,0,0,0,0,0,0,0,5,6,6,6,6,6,6,5,0,0,0,0,0,0,0,6,6,6,6,6,6,6,5,0,0,0,0,0,0,0,6,6,6,6,6,6,4,0,3.43,0,0,0,0,1,5,6,6,6,6,6,6,6,3,0,0,0,0,2,5,6,6,6,6,6,6,6,6,6,0,0,3,6,6,6,6,6,6,6,6,6,6,6,6,0,2,6,6,6,6,6,6,6,6,6,6,6,6,6,0,1,5,6,6,6,6,6,6,6,6,6,6,6,6,1,0,0,0,0,2,2,2,5,6,6,6,6,6,6,5,0,0,0,0,0,0,0,0,4,6,6,6,6,6,5,0,0,0,0,0,0,0,2,6,6,6,6,6,6,3,0,0,0,0,0,0,0,3,6,6,6,6,6,6,2,0,0,0,0,0,0,0,3,6,6,6,6,6,6,2,0,0,0,0,0,0,0,0,3,6,6,6,6,6,6,0,0,0,0,0,0,0,0,0,4,4,4,4,4,3,2,"mfeat-pixel","att60",0.9
0,0,0,0,0,0,0,1,4,4,4,5,6,2,0,0,0,0,0,0,0,2,5,6,6,6,6,6,3,0,0,0,0,0,0,3,6,6,6,6,6,6,6,3,0,0,0,0,0,0,3,6,6,6,6,6,6,6,5,2.99,0,0,0,0,0,0,6,6,6,6,6,6,6,6,6,0,0,0,0,0,3,6,6,6,6,6,6,6,6,5,0,0,0,1,4,6,6,6,6,6,6,6,6,6,3,0,0,0,4,6,6,6,6,6,6,6,6,6,6,3,1,4,6,6,6,6,6,6,6,6,6,6,6,6,1,1,4,4,5,6,6,6,6,6,6,6,6,6,6,6,0,0,0,0,0,4,6,6,6,6,6,6,6,6,6,0,0,0,0,0,3,6,6,6,6,6,6,6,6,3,0,0,0,0,0,3,6,6,6,6,6,6,6,6,2,0,0,0,0,0,3,6,6,6,6,6,6,6,4,0,0,0,0,0,2,6,6,6,6,6,6,6,6,3,0,0,0,0,0,0,2,4,4,4,4,4,4,4,1,0,2,"mfeat-pixel","att60",0.9
0,0,0,0,0,0,0,0,1,4,6,6,4,4,3,0,0,0,0,0,0,2,4,6,6,6,6,6,6,6,0,0,0,0,1,5,6,6,6,6,6,6,6,6,6,2,6,6,6,6,6,6,6,6,6,6,6,6,6,4.47,1,4,5,6,6,6,6,4,2,3,6,6,6,6,6,0,0,0,1,2,2,0,0,0,0,3,6,6,6,3,0,0,0,0,0,0,0,0,0,0,3,6,6,6,6,0,0,0,0,0,0,0,0,0,0,6,6,6,6,6,0,0,0,0,0,0,0,0,0,0,6,6,6,6,4,0,0,0,0,0,0,0,0,0,0,6,6,6,6,3,0,0,0,0,0,0,0,0,0,0,6,6,6,6,6,0,0,0,0,0,0,0,0,0,3,6,6,6,6,4,0,0,0,0,0,0,0,0,3,6,6,6,6,6,0,0,0,0,0,0,0,0,0,1,5,6,6,6,6,2,0,0,0,0,0,0,0,0,0,1,6,6,6,6,6,0,0,0,0,0,0,0,0,0,4,4,4,4,4,4,2,"mfeat-pixel","att60",0.9
0,0,0,0,0,0,0,0,1,5,6,6,5,3,0,0,0,0,0,0,0,0,3,6,6,6,6,6,6,2,0,0,0,0,0,1,5,6,6,6,6,6,6,6,0,0,3,4,4,5,6,6,6,6,6,6,6,6,6,-0.75,4,6,6,6,6,6,6,6,6,6,6,6,6,6,1,5,6,6,6,4,2,0,1,3,6,6,6,6,6,3,0,2,1,0,0,0,0,0,0,6,6,6,6,6,1,0,0,0,0,0,0,0,0,5,6,6,6,5,1,0,0,0,0,0,0,0,0,0,1,6,6,6,5,1,0,0,0,0,0,0,0,0,0,0,6,6,6,6,6,0,0,0,0,0,0,0,0,0,0,6,6,6,6,6,0,0,0,0,0,0,0,0,0,0,6,6,6,6,6,0,0,0,0,0,0,0,0,0,0,6,6,6,6,6,0,0,0,0,0,0,0,0,0,0,6,6,6,6,6,0,0,0,0,0,0,0,0,0,2,6,6,6,6,6,0,0,0,0,0,0,0,0,0,0,3,4,4,4,3,0,2,"mfeat-pixel","att60",0.9
0,0,0,0,0,0,0,0,0,2,4,6,5,4,3,0,0,0,0,0,0,0,1,5,6,6,6,6,6,6,0,0,0,0,0,2,4,6,6,6,6,6,6,6,6,0,0,3,6,6,6,6,6,6,6,6,6,6,6,5.18,2,6,6,6,6,6,6,6,6,6,6,6,6,6,2,0,2,2,2,2,1,0,1,6,6,6,6,6,6,0,0,0,0,0,0,0,0,0,6,6,6,6,6,6,0,0,0,0,0,0,0,0,0,6,6,6,6,6,6,0,0,0,0,0,0,0,0,0,6,6,6,6,6,6,0,0,0,0,0,0,0,0,0,6,6,6,6,6,6,0,0,0,0,0,0,0,0,0,6,6,6,6,6,6,0,0,0,0,0,0,0,0,1,6,6,6,6,6,5,0,0,0,0,0,0,0,0,5,6,6,6,6,6,1,0,0,0,0,0,0,0,0,4,6,6,6,6,6,2,0,0,0,0,0,0,0,1,6,6,6,6,6,3,0,0,0,0,0,0,0,0,1,4,4,4,4,4,1,0,0,2,"mfeat-pixel","att60",0.9
0,0,0,0,0,0,0,0,0,0,0,0,5,6,3,0,0,0,0,0,0,0,0,0,0,3,5,6,6,6,0,0,0,0,0,0,0,0,1,5,6,6,6,6,3,0,0,0,0,0,0,0,2,5,6,6,6,6,6,7.56,0,0,0,0,0,0,4,6,6,6,6,6,6,6,6,0,0,0,3,4,6,6,6,6,6,6,6,6,6,2,1,4,5,6,6,6,6,6,6,6,6,6,6,6,0,5,6,6,6,6,6,6,6,6,6,6,6,6,5,0,0,2,2,0,0,0,4,6,6,6,6,6,1,0,0,0,0,0,0,0,3,6,6,6,6,6,6,0,0,0,0,0,0,0,0,6,6,6,6,6,6,6,0,0,0,0,0,0,0,0,6,6,6,6,6,6,6,0,0,0,0,0,0,0,0,3,6,6,6,6,6,6,0,0,0,0,0,0,0,0,1,6,6,6,6,6,6,0,0,0,0,0,0,0,0,3,6,6,6,6,6,6,5,0,0,0,0,0,0,0,4,4,4,4,4,4,4,2,0,0,2,"mfeat-pixel","att60",0.9
0,0,0,0,0,0,0,1,4,5,6,6,6,5,0,0,0,0,0,0,0,0,3,6,6,6,6,6,6,1,0,0,0,0,0,0,0,3,6,6,6,6,6,6,6,0,0,0,0,0,0,2,5,6,6,6,6,6,6,5.11,0,0,0,0,0,4,6,6,6,6,6,6,6,6,5,0,0,2,4,6,6,6,6,6,6,6,6,6,4,0,0,3,6,6,6,6,6,6,6,6,6,6,6,6,2,0,3,6,6,6,6,6,6,6,6,6,6,6,4,0,3,6,6,6,6,6,6,6,6,6,6,6,6,4,0,3,6,6,6,6,6,6,6,6,6,6,6,6,6,5,0,0,2,2,2,5,6,6,6,6,6,6,6,6,6,0,0,0,0,0,3,6,6,6,6,6,6,6,6,3,0,0,0,0,0,3,6,6,6,6,6,6,6,3,0,0,0,0,0,0,3,6,6,6,6,6,6,6,5,1,0,0,0,0,0,0,2,5,6,6,6,6,6,5,1,0,0,0,0,0,0,0,2,4,4,4,4,4,2,0,2,"mfeat-pixel","att60",0.9
0,0,0,0,0,0,1,3,6,5,3,0,0,0,0,0,0,0,0,0,5,6,6,6,6,6,0,0,0,0,0,0,0,0,1,6,6,6,6,6,6,3,0,0,0,0,0,0,0,6,6,6,6,6,6,6,6,3,0,-0.87,0,0,0,0,6,6,6,6,6,6,6,6,3,0,0,0,0,1,5,6,6,6,6,6,6,6,6,3,0,0,0,0,4,6,6,6,6,6,6,6,6,6,3,0,0,3,6,6,6,6,6,6,6,6,6,6,6,3,0,0,5,6,6,6,6,6,6,6,6,6,6,6,3,0,0,0,3,4,4,4,5,6,6,6,6,6,6,4,0,0,0,0,0,0,0,0,4,6,6,6,6,6,6,5,0,0,0,0,0,0,0,1,6,6,6,6,6,6,6,0,0,0,0,0,0,0,0,6,6,6,6,6,6,6,0,0,0,0,0,0,0,0,6,6,6,6,6,6,6,0,0,0,0,0,0,0,0,6,6,6,6,6,6,6,4,0,0,0,0,0,0,0,4,4,4,4,4,4,4,4,2,"mfeat-pixel","att60",0.9
0,0,0,0,0,0,0,3,6,6,6,6,6,2,0,0,0,0,0,0,2,6,6,6,6,6,6,6,6,2,0,0,0,0,0,3,6,6,6,6,6,6,6,5,1,0,0,0,0,0,4,6,6,6,6,6,6,6,3,3.75,0,0,0,2,6,6,6,6,6,6,6,6,6,3,0,0,0,0,4,6,6,6,6,6,6,6,5,2,0,0,0,2,6,6,6,6,6,6,6,6,6,4,0,0,0,0,5,6,6,6,6,6,6,6,6,6,5,0,0,0,0,0,0,2,4,6,6,6,6,6,6,5,0,0,0,0,0,0,0,0,3,6,6,6,6,6,4,0,0,0,0,0,0,0,0,3,6,6,6,6,6,3,0,0,0,0,0,0,0,0,3,6,6,6,6,6,3,0,0,0,0,0,0,0,0,3,6,6,6,6,6,3,0,0,0,0,0,0,0,0,4,6,6,6,6,6,3,0,0,0,0,0,0,2,6,6,6,6,6,6,6,2,0,0,0,0,0,0,1,4,4,4,4,4,3,0,0,0,0,0,2,"mfeat-pixel","att60",0.9
0,0,0,0,0,2,2,3,4,4,4,4,4,3,1,0,0,0,0,0,6,6,6,6,6,6,6,6,6,3,0,0,0,0,0,6,6,6,6,6,6,6,6,6,3,0,0,0,0,1,6,6,6,6,6,6,6,6,4,1.24,0,1,4,4,6,6,6,6,6,6,6,6,6,6,2,2,6,6,6,6,6,6,6,6,6,6,6,6,6,3,3,6,6,6,6,6,6,6,6,6,6,6,6,4,0,2,4,4,4,6,6,6,6,6,6,6,6,6,6,2,0,0,0,0,1,6,6,6,6,6,6,6,6,6,3,0,0,0,0,0,6,6,6,6,6,6,6,6,6,1,0,0,0,0,0,6,6,6,6,6,6,6,6,6,0,0,0,0,0,2,6,6,6,6,6,6,6,6,3,0,0,0,0,0,1,6,6,6,6,6,6,6,6,4,0,0,0,0,0,0,6,6,6,6,6,6,6,6,6,2,0,0,0,0,2,6,6,6,6,6,6,6,6,1,0,0,0,0,0,1,4,4,4,4,4,4,4,4,0,0,2,"mfeat-pixel","att60",0.9
0,0,0,0,0,0,0,3,6,6,6,6,6,2,0,0,0,0,0,0,0,3,6,6,6,6,6,6,6,3,0,0,0,0,0,0,0,4,6,6,6,6,6,6,6,0,0,0,0,0,1,4,6,6,6,6,6,6,5,0.35,0,0,0,0,0,3,6,6,6,6,6,6,6,3,0,0,0,0,0,2,6,6,6,6,6,6,6,6,6,3,0,0,0,0,1,6,6,6,6,6,6,6,6,6,6,0,0,0,2,6,6,6,6,6,6,6,6,6,5,1,0,1,2,5,6,6,6,6,6,6,6,6,6,3,0,0,5,6,6,6,6,6,6,6,6,6,6,6,5,0,0,0,0,0,0,0,0,4,6,6,6,6,6,4,0,0,0,0,0,0,0,0,3,6,6,6,6,6,3,0,0,0,0,0,0,0,0,4,6,6,6,6,6,3,0,0,0,0,0,0,0,2,6,6,6,6,6,6,3,0,0,0,0,0,0,0,0,3,6,6,6,6,6,2,0,0,0,0,0,0,0,0,2,4,4,4,2,0,0,0,2,"mfeat-pixel","att60",0.9
0,0,0,1,3,4,4,4,4,4,3,1,0,0,0,0,0,0,1,5,6,6,6,6,6,6,5,0,0,0,0,0,0,0,3,6,6,6,6,6,6,6,5,0,0,0,0,0,0,4,6,6,6,6,6,6,5,4,0,-1.52,0,0,4,5,6,6,6,6,6,6,4,0,0,0,0,0,0,6,6,6,6,6,6,6,6,4,0,0,0,0,0,0,6,6,6,6,6,6,6,6,6,2,0,0,0,0,0,6,6,6,6,6,6,6,6,4,0,0,0,0,0,0,6,6,6,6,6,6,6,6,6,5,4,0,0,0,0,6,6,6,6,6,6,6,6,6,6,5,0,0,0,3,6,6,6,6,6,6,6,6,6,6,1,0,0,3,6,6,6,6,6,6,6,6,6,6,6,6,0,0,3,6,6,6,6,6,6,6,6,6,6,6,6,0,0,0,0,0,1,3,4,6,6,6,6,6,6,6,0,0,0,0,0,0,0,0,1,6,6,6,6,6,6,3,0,0,0,0,0,0,0,0,4,4,4,4,4,4,2,0,2,"mfeat-pixel","att60",0.9
0,0,0,0,3,4,4,4,6,6,6,4,1,0,0,0,0,0,0,6,6,6,6,6,6,6,6,3,0,0,0,0,0,1,6,6,6,6,6,6,6,6,3,0,0,0,0,2,6,6,6,6,6,6,6,6,6,3,0,-0.25,0,0,3,6,6,6,6,6,6,6,6,6,3,0,0,0,0,4,6,6,6,6,6,6,6,6,6,3,0,0,0,5,6,6,6,6,6,6,6,6,6,6,6,2,0,4,6,6,6,6,6,6,6,6,6,6,6,6,1,0,6,6,6,6,6,6,6,6,6,6,6,6,6,5,0,5,6,6,6,4,5,6,6,6,6,6,6,6,6,0,0,0,0,0,0,0,1,6,6,6,6,6,6,6,0,0,0,0,0,0,0,0,6,6,6,6,6,6,6,0,0,0,0,0,0,0,0,6,6,6,6,6,6,6,3,0,0,0,0,0,0,0,6,6,6,6,6,6,6,2,0,0,0,0,0,0,0,5,6,6,6,6,6,5,0,0,0,0,0,0,0,0,1,4,4,4,4,2,0,0,2,"mfeat-pixel","att60",0.9
0,0,0,0,0,0,0,0,3,5,6,6,6,5,1,0,0,0,0,0,0,0,4,6,6,6,6,6,6,3,0,0,0,0,0,2,5,6,6,6,6,6,6,6,1,0,0,2,4,6,6,6,6,6,6,6,6,6,6,2.65,2,6,6,6,6,6,6,6,6,6,6,6,6,6,3,0,3,6,6,5,4,4,4,6,6,6,6,6,6,6,0,0,0,0,0,0,0,0,1,5,6,6,6,6,4,0,0,0,0,0,0,0,0,1,5,6,6,6,6,3,0,0,0,0,0,0,0,0,1,5,6,6,6,6,3,0,0,0,0,0,0,0,0,0,3,6,6,6,6,3,0,0,0,0,0,0,0,0,0,3,6,6,6,6,6,0,0,0,0,0,0,0,0,0,3,6,6,6,6,4,0,0,0,0,0,0,0,0,0,5,6,6,6,6,3,0,0,0,0,0,0,0,0,1,6,6,6,6,6,1,0,0,0,0,0,0,0,0,6,6,6,6,6,6,1,0,0,0,0,0,0,0,0,3,4,4,4,4,4,1,2,"mfeat-pixel","att60",0.9
3,6,6,6,6,5,3,0,0,0,0,0,0,0,0,5,6,6,6,6,6,6,1,0,0,0,0,0,0,0,1,6,6,6,6,6,6,5,0,0,0,0,0,0,0,0,2,6,6,6,6,6,6,5,1,0,0,0,0,0.1,0,0,6,6,6,6,6,6,6,3,0,0,0,0,0,0,0,1,5,6,1,0,6,6,5,0,0,0,0,0,0,0,0,3,6,5,5,6,6,6,3,0,0,0,0,0,0,0,3,6,6,6,6,6,6,5,0,0,0,0,0,0,0,3,6,6,6,6,6,6,6,3,0,0,0,0,0,0,3,6,6,6,6,6,6,6,6,3,0,0,0,0,0,1,5,6,6,6,6,6,6,6,6,0,0,0,0,0,0,0,3,4,5,6,6,6,6,6,1,0,0,0,0,0,0,0,0,0,5,6,6,6,6,5,1,0,0,0,0,0,0,0,0,0,4,6,6,6,6,5,0,0,0,0,0,0,0,0,0,3,6,6,6,6,4,0,0,0,0,0,0,0,0,0,1,4,4,4,3,0,2,"mfeat-pixel","att60",0.9
0,0,0,0,0,2,6,6,6,4,2,2,2,0,0,0,0,0,1,4,6,6,6,6,6,6,6,6,2,0,0,0,0,3,6,6,6,6,6,6,6,6,4,0,0,0,0,0,3,6,6,6,6,6,6,6,6,6,3,1.67,0,0,0,3,6,6,6,6,6,6,6,6,6,3,0,0,0,2,5,6,6,6,6,6,6,6,6,6,3,0,0,3,6,6,6,6,6,6,6,6,6,6,6,3,0,1,5,6,6,6,6,6,6,6,6,6,6,6,3,0,6,6,6,6,6,6,6,6,6,6,6,6,6,3,0,3,4,4,6,6,6,6,6,6,6,6,6,6,3,0,0,0,0,0,2,5,6,6,6,6,6,6,6,3,0,0,0,0,0,0,4,6,6,6,6,6,6,6,6,3,0,0,0,0,2,6,6,6,6,6,6,6,6,6,3,0,0,0,0,0,3,6,6,6,6,6,6,6,4,0,0,0,0,0,0,1,4,6,6,6,6,6,6,6,5,0,0,0,0,0,0,0,2,4,4,4,4,2,2,1,2,"mfeat-pixel","att60",0.9
0,0,0,0,0,1,4,5,6,5,4,4,4,1,0,0,0,0,0,0,3,6,6,6,6,6,6,6,3,0,0,0,0,0,0,3,6,6,6,6,6,6,4,0,0,0,0,0,0,0,3,6,6,6,6,6,6,2,0,-3.25,0,0,0,0,0,3,6,6,6,6,6,3,0,0,0,0,0,0,0,0,3,6,6,6,6,6,3,0,0,0,0,0,0,0,0,1,5,6,6,6,6,3,0,0,0,0,0,0,0,0,1,5,6,6,6,6,6,2,0,0,0,0,0,0,2,5,6,6,6,6,6,4,0,0,0,0,1,4,6,6,6,6,6,6,6,6,6,4,1,0,1,5,6,6,6,6,6,6,6,6,6,6,6,3,0,6,6,6,6,4,4,4,6,6,6,6,6,6,3,0,1,2,2,0,0,0,0,3,6,6,6,6,6,3,0,0,0,0,0,0,0,0,3,6,6,6,6,6,3,0,0,0,0,0,0,0,0,0,4,6,6,6,6,6,3,0,0,0,0,0,0,0,0,1,4,4,4,4,4,3,2,"mfeat-pixel","att60",0.9
0,0,0,0,0,0,2,3,4,4,4,3,2,0,0,0,0,0,0,0,3,6,6,6,6,6,6,6,0,0,0,0,0,0,6,6,6,6,6,6,6,6,6,0,0,0,0,0,0,6,6,6,6,6,6,6,6,6,0,-1.91,0,0,0,3,6,6,6,6,6,6,6,6,6,0,0,0,0,6,6,6,6,6,6,6,6,6,6,6,0,0,0,0,6,6,6,6,6,6,6,6,6,6,6,0,0,0,1,6,6,6,6,6,6,6,6,6,6,6,0,0,2,6,6,6,6,6,6,6,6,6,6,6,6,0,0,2,6,6,6,6,6,6,6,6,6,6,6,6,1,0,0,4,6,6,6,6,6,5,2,5,6,6,6,6,2,0,4,6,6,6,4,2,0,0,0,6,6,6,6,3,0,0,0,0,0,0,0,0,0,0,6,6,6,6,3,0,0,0,0,0,0,0,0,0,0,6,6,6,6,3,0,0,0,0,0,0,0,0,0,0,6,6,6,6,3,0,0,0,0,0,0,0,0,0,0,4,4,4,3,1,2,"mfeat-pixel","att60",0.9
0,0,0,0,3,4,5,6,5,4,4,6,6,2,0,0,0,0,0,6,6,6,6,6,6,6,6,6,3,0,0,0,0,0,5,6,6,6,6,6,6,6,6,3,0,0,0,0,0,0,0,4,6,6,6,6,6,6,5,3.92,0,0,0,0,0,4,6,6,6,6,6,6,6,5,1,0,0,0,0,0,6,6,6,6,6,6,6,6,4,0,0,0,0,0,5,6,6,6,6,6,6,6,6,5,0,0,1,4,5,6,6,6,6,6,6,6,6,6,2,0,0,4,6,6,6,6,6,6,6,6,6,6,0,0,0,5,6,6,6,6,6,6,6,6,6,6,6,5,0,0,3,6,6,6,6,6,6,6,6,6,6,6,6,2,0,0,0,2,3,6,6,6,6,6,6,6,6,6,3,0,0,0,0,0,1,6,6,6,6,6,6,6,6,3,0,0,0,0,0,5,6,6,6,6,6,6,6,6,3,0,0,0,0,0,5,6,6,6,6,6,6,6,6,2,0,0,0,0,0,0,0,3,4,4,4,4,1,0,0,0,2,"mfeat-pixel","att60",0.9
2,4,4,4,4,4,4,1,0,0,0,0,0,0,0,2,6,6,6,6,6,6,6,4,4,0,0,0,0,0,0,1,6,6,6,6,6,6,6,6,0,0,0,0,0,0,0,6,6,6,6,6,6,6,6,0,0,0,0,4.92,0,0,6,6,6,6,6,6,6,6,3,0,0,0,0,0,0,3,6,6,6,6,6,6,6,6,5,0,0,0,0,0,3,6,6,6,6,6,6,6,6,6,3,0,0,0,0,6,6,6,6,6,6,6,6,6,3,2,0,0,0,0,6,6,6,6,6,6,6,6,3,0,0,0,0,0,0,6,6,6,6,6,6,6,6,5,1,0,0,0,0,0,6,6,6,6,6,6,6,6,6,6,6,0,0,0,0,6,6,6,6,6,6,6,6,6,6,3,0,0,0,0,4,4,6,6,6,6,6,6,6,6,6,0,0,0,0,0,0,1,6,6,6,6,6,6,6,6,3,0,0,0,0,0,0,6,6,6,6,6,6,6,6,6,2,0,0,0,0,0,2,2,3,4,4,4,4,4,2,0,2,"mfeat-pixel","att60",0.9
0,0,0,0,0,5,6,6,6,6,6,6,6,6,5,0,0,0,0,0,6,6,6,6,6,6,6,6,6,6,0,0,1,3,5,6,6,6,6,6,6,6,6,6,6,1,5,6,6,6,6,6,6,6,6,6,6,6,6,4.17,1,5,6,6,6,6,6,6,6,6,6,6,6,6,1,0,0,0,2,2,2,5,6,6,6,6,6,6,6,1,0,0,0,0,0,0,3,6,6,6,6,6,6,6,2,0,0,0,0,0,0,0,2,5,6,6,6,6,6,0,0,0,0,0,0,0,0,0,4,6,6,6,6,6,0,0,0,0,0,0,0,2,6,6,6,6,6,6,6,0,0,0,0,0,0,0,3,6,6,6,6,6,6,6,0,0,0,0,0,0,0,3,6,6,6,6,6,6,6,0,0,0,0,0,0,0,3,6,6,6,6,6,5,3,0,0,0,0,0,0,1,5,6,6,6,6,6,0,0,0,0,0,0,0,0,6,6,6,6,6,6,6,0,0,0,0,0,0,0,0,4,4,4,4,4,4,3,0,0,0,2,"mfeat-pixel","att60",0.9
0,0,0,0,0,1,4,5,6,6,6,5,4,2,0,0,0,0,0,0,3,6,6,6,6,6,6,6,6,3,0,0,0,0,0,3,6,6,6,6,6,6,6,4,0,0,0,0,1,4,6,6,6,6,6,6,6,6,6,-1.17,0,0,0,3,6,6,6,6,6,6,6,6,6,6,2,0,2,4,6,6,6,6,6,6,6,6,6,6,6,4,3,6,6,6,6,6,6,6,6,6,6,6,6,6,3,5,6,6,6,6,6,6,6,6,6,6,6,6,6,1,6,6,6,6,6,6,6,6,6,6,6,6,6,5,1,1,2,2,2,2,1,3,6,6,6,6,6,6,3,0,0,0,0,0,0,2,6,6,6,6,6,6,6,3,0,0,0,0,0,0,3,6,6,6,6,6,6,4,1,0,0,0,0,0,0,3,6,6,6,6,6,3,0,0,0,0,0,0,0,0,3,6,6,6,6,6,3,0,0,0,0,0,0,0,0,3,6,6,6,6,6,3,0,0,0,0,0,0,0,0,2,4,4,4,4,4,2,0,0,0,2,"mfeat-pixel","att60",0.9
0,0,0,0,0,0,3,4,4,4,4,4,3,1,0,0,0,0,0,0,5,6,6,6,6,6,6,6,6,2,0,0,0,0,0,6,6,6,6,6,6,6,6,6,3,0,0,0,0,1,6,6,6,6,6,6,6,6,6,2.08,0,0,0,4,6,6,6,6,6,6,6,6,6,6,3,0,0,0,6,6,6,6,6,6,6,6,6,6,6,3,0,0,3,6,6,6,6,6,6,6,6,6,6,6,3,0,3,6,6,6,6,6,6,6,6,6,6,6,5,0,0,3,6,6,6,6,6,6,6,6,6,6,6,3,0,0,5,6,6,6,6,6,6,6,6,6,6,6,3,0,3,6,6,6,6,6,6,6,6,6,6,6,6,3,0,3,6,6,6,6,6,6,6,6,6,6,6,6,3,0,3,6,6,6,6,6,6,6,6,6,6,6,6,6,0,0,0,0,0,0,4,6,6,6,6,6,6,6,5,0,0,0,0,4,4,6,6,6,6,6,6,6,6,3,0,0,0,0,2,2,2,4,4,4,4,3,2,2,1,0,2,"mfeat-pixel","att60",0.9
0,0,0,0,0,0,0,0,0,0,0,0,3,4,0,0,0,0,0,0,0,0,2,3,4,4,5,6,5,0,0,0,0,0,0,3,6,6,6,6,6,6,1,0,0,0,0,0,0,0,6,6,6,6,6,6,6,0,0,-0.48,0,0,0,1,3,6,6,6,6,6,6,6,0,0,0,0,0,0,6,6,6,6,6,6,6,6,6,5,3,0,0,1,3,6,6,6,6,6,6,6,6,6,6,6,0,0,6,6,6,6,6,6,6,6,6,6,6,6,6,0,0,1,6,6,6,6,6,6,6,6,6,6,6,6,0,1,4,6,6,6,6,6,6,6,6,6,6,6,6,0,6,6,6,6,6,6,6,6,6,6,6,6,6,6,0,6,6,6,6,6,6,6,4,6,6,6,6,6,6,0,3,4,4,4,4,2,0,0,3,6,6,6,6,6,0,0,0,0,0,0,0,0,2,5,6,6,6,6,4,0,0,0,0,0,0,0,3,6,6,6,6,6,6,5,0,0,0,0,0,0,0,0,2,4,4,4,4,4,4,0,2,"mfeat-pixel","att60",0.9
0,0,0,0,0,0,1,4,6,5,4,4,1,0,0,0,0,0,0,0,0,3,6,6,6,6,6,6,2,0,0,0,0,0,0,1,5,6,6,6,6,6,6,1,0,0,0,0,0,0,3,6,6,6,6,6,6,6,5,-2.91,0,0,0,0,3,6,6,6,6,6,6,6,5,1,0,0,0,2,5,6,6,6,6,6,6,6,6,3,0,0,1,5,6,6,6,6,6,6,6,6,6,6,6,3,0,3,6,6,6,6,6,6,6,6,6,6,6,6,6,0,0,5,6,6,6,6,6,6,6,6,6,6,6,6,0,0,0,0,0,0,1,3,6,6,6,6,6,6,6,0,0,0,0,0,0,0,0,4,6,6,6,6,6,6,0,0,0,0,0,0,0,0,5,6,6,6,6,6,6,0,0,0,0,0,0,0,0,3,6,6,6,6,6,6,0,0,0,0,0,0,0,0,6,6,6,6,6,6,6,0,0,0,0,0,0,0,0,4,6,6,6,6,6,6,2,0,0,0,0,0,0,0,0,3,4,4,4,4,4,2,2,"mfeat-pixel","att60",0.9
0,0,0,0,0,0,0,0,0,2,4,5,6,6,5,0,0,0,0,0,0,0,0,3,6,6,6,6,6,3,0,0,0,0,0,0,0,0,5,6,6,6,6,6,3,0,0,0,0,0,0,0,0,1,5,6,6,6,6,3.04,0,0,0,0,0,0,0,0,2,5,6,6,6,6,6,0,0,0,0,0,0,0,3,6,6,6,6,6,6,5,0,0,0,2,4,4,4,6,6,6,6,6,6,3,0,5,6,6,6,6,6,6,6,6,6,6,6,4,0,0,5,6,6,4,2,2,2,2,2,5,6,6,6,3,0,0,0,0,0,0,0,0,0,0,1,6,6,6,3,0,0,0,0,0,0,0,0,0,2,5,6,6,6,3,0,0,0,0,0,0,0,0,3,6,6,6,6,6,3,0,0,0,0,0,0,0,0,4,6,6,6,6,6,3,0,0,0,0,0,0,2,6,6,6,6,6,6,5,1,0,0,0,0,0,0,2,6,6,6,6,6,6,5,1,0,0,0,0,0,0,0,0,2,4,4,4,4,4,1,0,2,"mfeat-pixel","att60",0.9
0,0,0,0,2,4,4,4,4,4,4,4,4,0,0,0,0,0,0,3,6,6,6,6,6,6,6,6,0,0,0,0,0,0,3,6,6,6,6,6,6,6,6,0,0,0,0,0,0,3,6,6,6,6,6,6,6,6,0,-0.85,0,0,2,3,6,6,6,6,6,6,6,6,6,0,0,0,3,6,6,6,6,6,6,6,6,6,6,6,0,0,2,6,6,6,6,6,6,6,6,6,6,6,6,1,0,0,0,0,1,5,6,6,6,6,6,6,6,6,6,2,0,0,0,0,3,6,6,6,6,6,6,6,6,6,2,0,0,0,0,2,5,6,6,6,6,6,6,6,3,0,0,0,0,0,0,0,6,6,6,6,6,6,6,6,0,0,0,0,0,2,5,6,6,6,6,6,6,6,6,2,0,0,0,0,1,2,5,6,6,6,6,6,6,6,3,0,0,0,0,0,0,1,6,6,6,6,6,6,6,3,0,0,0,0,0,0,5,6,6,6,6,6,6,6,3,0,0,0,0,0,0,0,2,3,4,4,4,4,3,1,2,"mfeat-pixel","att60",0.9
0,0,0,0,0,1,3,5,6,6,3,0,0,0,0,0,0,0,0,0,5,6,6,6,6,6,6,2,0,0,0,0,0,0,0,0,6,6,6,6,6,6,3,0,0,0,0,0,0,0,1,6,6,6,6,6,6,6,2,-1.58,0,0,0,0,2,6,6,6,6,6,6,6,4,0,0,0,0,1,4,6,6,6,6,6,6,6,6,3,0,0,0,3,6,6,6,6,6,6,6,6,6,6,3,0,0,5,6,6,6,6,6,6,6,6,6,6,6,5,1,0,1,5,6,6,6,6,6,6,6,6,6,6,6,6,0,0,0,0,0,0,0,0,3,6,6,6,6,6,4,0,0,0,0,0,0,0,0,0,1,6,6,6,6,5,0,0,0,0,0,0,0,0,0,5,6,6,6,6,6,0,0,0,0,0,0,0,0,0,3,6,6,6,6,6,2,0,0,0,0,0,0,0,0,1,6,6,6,6,6,6,0,0,0,0,0,0,0,0,0,6,6,6,6,6,6,0,0,0,0,0,0,0,0,0,3,4,4,4,4,3,2,"mfeat-pixel","att60",0.9
0,0,3,4,5,5,3,0,0,0,0,0,0,0,0,0,0,6,6,6,6,6,5,1,0,0,0,0,0,0,0,0,3,6,6,6,6,6,6,2,0,0,0,0,0,0,0,1,6,6,6,6,6,6,5,0,0,0,0,-1.89,0,0,6,6,6,6,6,6,6,6,0,0,0,0,0,0,0,6,6,6,6,6,6,6,6,4,0,0,0,0,0,1,6,6,6,6,4,6,6,6,6,2,0,0,0,3,6,6,6,6,2,0,4,6,6,6,3,0,0,0,3,4,6,5,1,0,0,4,6,6,6,5,1,0,0,0,0,0,0,0,0,0,0,6,6,6,6,6,0,0,0,0,0,0,0,0,0,0,6,6,6,6,6,2,0,0,0,0,0,0,0,0,0,6,6,6,6,6,6,0,0,0,0,0,0,0,0,0,1,5,6,6,6,6,3,0,0,0,0,0,0,0,0,0,0,6,6,6,6,4,0,0,0,0,0,0,0,0,0,0,5,6,6,6,6,0,0,0,0,0,0,0,0,0,0,1,4,4,4,3,2,"mfeat-pixel","att60",0.9
0,0,0,0,0,2,4,5,6,6,6,5,4,3,0,0,0,0,2,6,6,6,6,6,6,6,6,6,4,0,0,0,0,3,6,6,6,6,6,6,6,6,6,1,0,0,0,0,3,6,6,6,6,6,6,6,6,6,2,0.51,0,0,2,5,6,6,6,6,6,6,6,6,6,3,0,3,6,6,6,6,6,6,6,6,6,6,6,6,3,0,5,6,6,6,6,6,6,6,6,6,6,5,2,0,0,0,1,2,4,6,6,6,6,6,6,6,4,0,0,0,0,0,0,0,0,4,6,6,6,6,6,6,6,2,0,0,0,0,0,0,3,6,6,6,6,6,6,6,3,0,0,0,0,0,0,3,6,6,6,6,6,6,6,3,0,0,0,0,0,0,3,6,6,6,6,6,6,6,3,0,0,0,0,0,0,3,6,6,6,6,6,6,3,0,0,0,0,0,0,0,4,6,6,6,6,6,6,1,0,0,0,0,0,0,0,5,6,6,6,6,6,6,6,2,0,0,0,0,0,0,1,4,4,4,4,4,4,4,2,0,2,"mfeat-pixel","att60",0.9
0,0,0,0,0,0,0,0,2,4,6,6,4,3,0,0,0,0,0,0,0,2,6,6,6,6,6,6,6,2,0,0,0,0,0,0,3,6,6,6,6,6,6,6,5,0,0,0,0,0,0,3,6,6,6,6,6,6,6,1.06,0,0,0,0,0,0,0,4,6,6,6,6,6,6,0,0,0,0,0,0,0,3,6,6,6,6,6,6,6,0,0,1,2,2,3,5,6,6,6,6,6,6,6,6,0,2,6,6,6,6,6,6,6,6,6,6,6,6,5,0,0,3,5,6,6,6,6,6,6,6,6,6,1,0,0,0,0,0,1,3,6,6,6,6,6,3,1,0,0,0,0,0,0,0,0,6,6,6,6,6,2,0,0,0,0,0,0,0,1,3,6,6,6,6,6,5,1,0,0,0,0,0,0,6,6,6,6,6,6,6,6,6,0,0,0,0,0,0,6,6,6,6,6,6,6,5,3,0,0,0,0,0,0,6,6,6,6,6,6,5,0,0,0,0,0,0,0,0,3,4,4,4,4,3,0,0,0,0,0,0,2,"mfeat-pixel","att60",0.9
0,0,0,0,0,0,0,0,2,4,4,4,4,4,2,0,0,0,0,0,0,2,6,6,6,6,6,6,6,3,0,0,0,0,0,0,3,6,6,6,6,6,6,6,3,0,0,0,0,0,0,3,6,6,6,6,6,6,6,1.47,0,0,0,0,0,0,4,6,6,6,6,6,6,6,3,0,0,0,0,3,5,6,6,6,6,6,6,6,6,3,0,0,0,0,1,6,6,6,6,6,6,6,6,6,3,0,0,0,0,1,6,6,6,6,6,6,6,6,6,3,0,0,0,4,6,6,6,6,6,6,6,6,6,6,3,0,0,3,6,6,6,6,6,6,6,6,6,6,6,3,0,6,6,6,6,6,6,6,6,6,6,6,6,6,3,0,1,2,2,2,1,0,3,6,6,6,6,6,6,3,0,0,0,0,0,0,0,0,6,6,6,6,6,6,3,0,0,0,0,0,0,0,0,6,6,6,6,6,6,3,0,0,0,0,0,0,0,0,6,6,6,6,6,6,3,0,0,0,0,0,0,0,0,2,4,4,4,4,4,2,2,"mfeat-pixel","att60",0.9
0,0,0,0,0,0,0,0,0,0,0,1,4,1,0,0,0,0,0,0,0,0,0,0,0,0,3,6,6,5,0,0,0,0,0,0,0,0,0,1,4,6,6,6,2,0,0,0,0,0,0,0,0,0,6,6,6,6,6,3.27,0,0,0,0,0,0,0,1,3,6,6,6,6,5,0,0,0,0,0,0,0,5,6,6,6,6,6,6,3,0,0,0,0,0,0,1,6,6,6,6,6,6,6,6,0,0,0,0,1,3,6,6,6,6,6,6,6,6,6,0,0,4,6,6,6,6,6,6,6,6,6,6,6,2,0,0,0,2,4,6,6,6,6,6,6,6,6,6,0,0,0,0,0,0,0,0,0,4,6,6,6,6,6,0,0,0,0,0,0,0,0,3,6,6,6,6,6,6,3,0,0,0,0,0,0,0,6,6,6,6,6,6,6,0,0,0,0,0,0,0,0,6,6,6,6,6,6,6,0,0,0,0,0,0,0,0,6,6,6,6,6,6,3,0,0,0,0,0,0,0,0,3,4,4,4,4,1,0,0,0,2,"mfeat-pixel","att60",0.9
0,0,0,0,0,0,0,0,0,0,3,5,6,6,3,0,0,0,0,0,0,0,0,1,5,6,6,6,6,6,0,0,0,0,0,0,0,1,5,6,6,6,6,6,6,0,0,0,0,0,0,0,5,6,6,6,6,6,6,-1.53,0,0,0,0,0,0,4,6,6,6,6,6,6,3,0,0,0,0,0,0,4,6,6,6,6,6,5,3,0,0,0,1,2,3,5,6,6,6,6,6,6,3,0,0,0,2,6,6,6,6,6,6,6,6,4,3,0,0,0,0,2,6,6,6,6,6,6,6,5,0,0,0,0,0,0,0,4,6,6,6,6,6,6,1,0,0,0,0,0,0,0,3,6,6,6,6,6,6,0,0,0,0,0,0,0,1,6,6,6,6,6,6,2,0,0,0,0,0,0,0,3,6,6,6,6,6,6,0,0,0,0,0,0,0,0,6,6,6,6,6,6,6,0,0,0,0,0,0,0,0,6,6,6,6,6,6,2,0,0,0,0,0,0,0,0,4,4,4,4,4,3,0,0,0,0,0,0,0,0,0,2,"mfeat-pixel","att60",0.9
0,0,0,0,0,0,1,4,5,6,6,6,2,0,0,0,0,0,0,0,0,3,6,6,6,6,6,1,0,0,0,0,0,0,0,1,5,6,6,6,6,6,0,0,0,0,0,0,0,0,6,6,6,6,6,6,6,0,0,2.38,0,0,0,0,0,6,6,6,6,6,6,6,3,1,0,0,0,0,0,0,6,6,6,6,6,6,6,6,6,0,0,0,0,0,1,6,6,6,6,6,6,6,6,6,0,0,0,0,5,6,6,6,6,6,6,6,6,6,6,0,0,1,3,6,6,6,6,6,6,6,6,6,6,6,0,1,6,6,6,6,6,6,6,6,6,6,6,6,6,2,5,6,6,6,6,6,6,6,6,6,6,6,6,6,6,6,6,6,6,6,3,2,4,6,6,6,6,6,6,6,5,6,6,6,5,0,0,3,6,6,6,6,6,6,6,0,0,0,0,0,0,0,2,6,6,6,6,6,6,6,0,0,0,0,0,0,0,2,6,6,6,6,6,6,2,0,0,0,0,0,0,0,0,2,4,4,4,4,3,0,2,"mfeat-pixel","att60",0.9
0,0,0,0,0,0,2,6,6,6,6,6,4,4,1,0,0,0,0,0,0,3,6,6,6,6,6,6,6,1,0,0,0,0,0,0,3,6,6,6,6,6,6,6,2,0,0,0,0,0,0,3,6,6,6,6,6,6,6,8.02,0,0,0,0,0,0,3,6,6,6,6,6,6,6,1,0,0,0,0,0,1,5,6,6,6,6,6,6,6,0,0,0,0,0,0,6,6,6,6,6,6,6,6,6,0,0,0,0,1,3,6,6,6,6,6,6,6,6,6,0,0,3,5,6,6,6,6,6,6,6,6,6,6,6,0,3,6,6,6,6,6,6,6,6,6,6,6,6,6,0,1,5,6,6,6,6,6,6,6,6,6,6,6,6,0,0,0,0,0,1,5,6,6,6,6,6,6,6,6,0,0,0,0,0,0,0,4,6,6,6,6,6,6,6,0,0,0,0,0,0,2,6,6,6,6,6,6,6,6,0,0,0,0,0,0,0,4,6,6,6,6,6,6,6,0,0,0,0,0,0,0,2,4,4,4,4,4,4,4,0,2,"mfeat-pixel","att60",0.9
0,0,0,0,0,1,5,6,6,6,6,6,6,5,3,0,0,0,0,0,3,6,6,6,6,6,6,6,6,5,0,0,2,3,5,6,6,6,6,6,6,6,6,4,0,0,3,6,6,6,6,6,6,6,6,6,6,6,3,-1.59,0,3,6,6,6,6,6,6,6,6,6,6,6,6,3,0,4,6,6,6,6,6,6,6,6,6,6,6,6,5,2,6,6,6,6,6,6,6,6,6,6,6,6,4,0,0,0,0,1,3,4,6,6,6,6,6,6,6,3,0,0,0,0,0,0,0,3,6,6,6,6,6,6,6,3,0,0,0,0,0,0,3,6,6,6,6,6,6,6,5,0,0,0,0,0,0,3,6,6,6,6,6,6,4,0,0,0,0,0,0,0,3,6,6,6,6,6,6,3,0,0,0,0,0,0,0,3,6,6,6,6,6,6,5,1,0,0,0,0,0,0,3,6,6,6,6,6,6,6,6,0,0,0,0,0,0,3,6,6,6,6,6,6,6,6,0,0,0,0,0,0,2,4,4,4,4,4,4,4,4,2,"mfeat-pixel","att60",0.9
0,0,0,0,0,0,1,4,5,6,6,6,6,3,0,0,0,0,0,0,0,3,6,6,6,6,6,6,6,5,0,0,0,0,0,0,3,6,6,6,6,6,6,6,4,0,0,0,0,0,0,3,6,6,6,6,6,6,6,5.72,0,1,2,2,2,2,5,6,6,6,6,6,6,4,0,5,6,6,6,6,6,6,6,6,6,6,6,6,5,1,6,6,6,6,6,6,6,6,6,6,6,6,6,5,1,3,4,4,4,4,4,6,6,6,6,6,6,6,3,0,0,0,0,0,0,0,3,6,6,6,6,6,6,3,0,0,0,0,0,0,0,3,6,6,6,6,6,6,3,0,0,0,0,0,0,0,3,6,6,6,6,6,6,3,0,0,0,0,0,0,0,3,6,6,6,6,6,6,3,0,0,0,0,0,0,0,3,6,6,6,6,6,6,3,0,0,0,0,0,0,0,3,6,6,6,6,6,6,4,0,0,0,0,0,0,0,3,6,6,6,6,6,6,6,3,0,0,0,0,0,0,2,4,4,4,4,4,4,3,0,2,"mfeat-pixel","att60",0.9
0,0,0,0,2,3,4,4,4,3,1,0,0,0,0,0,0,2,5,6,6,6,6,6,6,1,0,0,0,0,0,1,6,6,6,6,6,6,6,6,5,0,0,0,0,2,6,6,6,6,6,6,6,6,6,6,0,0,0,-0.13,3,6,6,6,6,6,6,6,6,6,6,0,0,0,0,3,6,6,6,6,6,6,6,6,6,6,0,0,0,0,3,6,6,6,6,6,6,6,6,6,6,0,0,0,0,3,6,6,6,6,6,6,6,6,6,6,5,2,0,0,3,6,6,6,6,6,6,6,6,6,6,6,6,0,0,1,4,6,6,6,6,6,6,6,6,6,5,2,0,0,0,0,0,0,0,3,6,6,6,6,6,1,0,0,0,0,0,0,0,0,0,6,6,6,6,6,6,4,0,0,0,0,0,0,0,0,6,6,6,6,6,6,6,0,0,0,0,0,0,0,0,6,6,6,6,6,6,6,1,0,0,0,0,0,0,0,6,6,6,6,6,6,6,6,2,0,0,0,0,0,0,2,2,2,3,4,4,4,3,1,2,"mfeat-pixel","att60",0.9
0,0,0,0,0,0,2,6,6,6,6,6,6,5,0,0,0,0,0,0,0,4,6,6,6,6,6,6,6,0,0,0,0,0,1,5,6,6,6,6,6,6,6,6,1,0,1,4,6,6,6,6,6,6,6,6,6,6,6,4.41,3,6,6,6,6,6,6,6,6,6,6,6,6,6,0,5,6,6,6,6,6,6,6,6,6,6,6,6,6,0,0,2,2,2,3,5,6,6,6,6,6,6,6,6,0,0,0,0,0,0,0,4,6,6,6,6,6,6,6,0,0,0,0,0,0,0,3,6,6,6,6,6,6,6,0,0,0,0,0,0,0,3,6,6,6,6,6,6,6,0,0,0,0,0,0,0,1,4,6,6,6,6,6,6,0,0,0,0,0,0,0,0,0,3,6,6,6,6,6,0,0,0,0,0,0,0,0,0,5,6,6,6,6,6,0,0,0,0,0,0,0,0,0,6,6,6,6,6,6,2,0,0,0,0,0,0,0,0,6,6,6,6,6,6,6,0,0,0,0,0,0,0,0,1,4,4,4,4,4,3,2,"mfeat-pixel","att60",0.9
3,4,6,5,3,0,0,0,0,0,0,0,0,0,0,6,6,6,6,6,1,0,0,0,0,0,0,0,0,0,5,6,6,6,6,5,1,0,0,0,0,0,0,0,0,3,6,6,6,6,6,6,2,0,0,0,0,0,0,0.18,6,6,6,6,6,6,6,5,1,0,0,0,0,0,0,5,6,6,6,6,6,6,6,6,1,0,0,0,0,0,3,6,6,6,6,6,6,6,6,5,0,0,0,0,0,1,5,6,6,6,6,6,6,6,6,5,1,0,0,0,0,0,0,2,4,4,6,6,6,6,6,3,0,0,0,0,0,0,0,0,0,1,6,6,6,6,4,0,0,0,0,0,0,0,0,0,0,4,6,6,6,6,5,0,0,0,0,0,0,0,0,0,0,3,6,6,6,6,2,0,0,0,0,0,0,0,0,0,0,5,6,6,6,6,0,0,0,0,0,0,0,0,0,0,4,6,6,6,6,1,0,0,0,0,0,0,0,0,0,5,6,6,6,6,5,0,0,0,0,0,0,0,0,0,0,3,4,4,4,4,2,"mfeat-pixel","att60",0.9
0,0,0,5,6,6,6,6,4,1,0,0,0,0,0,0,0,5,6,6,6,6,6,6,6,0,0,0,0,0,0,0,1,6,6,6,6,6,6,6,3,1,0,0,0,0,0,0,6,6,6,6,6,6,6,6,6,0,0,0.16,0,0,0,6,6,6,6,6,6,6,6,1,0,0,0,0,0,0,6,6,6,6,6,6,6,6,5,0,0,0,0,1,3,6,6,6,6,6,6,6,6,6,0,0,0,0,6,6,6,6,6,6,6,6,6,6,6,0,0,0,2,6,6,6,6,6,6,6,6,6,6,6,0,0,0,6,6,6,6,6,6,6,6,6,6,6,6,0,0,0,1,5,6,6,6,6,6,6,6,6,6,6,1,0,0,0,0,0,0,1,6,6,6,6,6,6,6,6,5,0,0,0,0,0,0,1,5,6,6,6,6,6,6,6,4,0,0,0,0,0,0,3,6,6,6,6,6,6,6,6,0,0,0,0,0,0,1,4,6,6,6,6,6,6,4,0,0,0,0,0,0,0,0,2,4,4,4,4,4,0,2,"mfeat-pixel","att60",0.9
0,0,0,0,5,6,6,6,6,6,6,6,3,0,0,0,0,0,1,6,6,6,6,6,6,6,6,3,0,0,0,2,6,6,6,6,6,6,6,6,6,6,2,0,0,0,3,6,6,6,6,6,6,6,6,6,6,2,0,3.17,0,3,6,6,6,6,6,6,6,6,6,6,6,3,0,3,6,6,6,6,6,6,6,6,6,6,6,6,3,0,6,6,6,6,6,6,6,6,6,6,6,6,6,3,0,5,6,6,6,6,6,6,6,6,6,6,6,6,3,0,0,2,4,4,6,6,6,6,6,6,6,6,6,3,0,0,0,0,0,0,0,4,6,6,6,6,6,6,4,0,0,0,0,0,0,0,3,6,6,6,6,6,6,6,2,0,0,0,0,0,0,3,6,6,6,6,6,6,6,1,0,0,0,0,0,0,3,6,6,6,6,6,6,6,1,0,0,0,0,0,0,3,6,6,6,6,6,6,6,5,0,0,0,0,0,0,0,2,5,6,6,6,6,6,6,0,0,0,0,0,0,0,0,2,4,4,4,4,4,3,2,"mfeat-pixel","att60",0.9
0,0,0,0,0,0,0,0,0,3,6,6,6,5,0,0,0,0,0,0,0,0,0,5,6,6,6,6,6,2,0,0,0,0,0,0,0,4,6,6,6,6,6,6,6,0,0,0,0,0,1,5,6,6,6,6,6,6,6,5.42,0,0,0,0,0,4,6,6,6,6,6,6,6,6,3,0,0,0,3,5,6,6,6,6,6,6,6,6,6,6,3,4,6,6,6,6,6,6,6,6,6,6,6,6,6,5,6,6,6,6,4,2,0,0,4,6,6,6,6,6,0,3,4,3,1,0,0,0,0,3,6,6,6,6,5,0,0,0,0,0,0,0,0,0,3,6,6,6,6,3,0,0,0,0,0,0,0,0,0,3,6,6,6,6,6,0,0,0,0,0,0,0,0,0,3,6,6,6,6,5,0,0,0,0,0,0,0,0,1,5,6,6,6,6,1,0,0,0,0,0,0,0,0,6,6,6,6,6,6,4,0,0,0,0,0,0,0,0,5,6,6,6,6,6,6,0,0,0,0,0,0,0,0,0,2,4,4,4,4,3,2,"mfeat-pixel","att60",0.9
0,0,0,0,1,0,2,6,6,6,4,3,0,0,0,0,0,0,0,0,0,0,6,6,6,6,6,0,0,0,0,0,0,5,6,6,6,6,6,6,6,6,0,0,0,0,1,5,6,6,6,6,6,6,6,3,1,0,0,-1.02,0,4,6,6,6,6,6,6,6,6,0,0,0,0,0,1,6,6,6,6,6,6,6,6,6,3,1,0,0,0,3,6,6,6,6,6,6,6,6,6,6,6,0,0,0,4,6,6,6,6,6,6,6,6,6,6,6,3,0,0,6,6,6,6,6,6,6,6,6,6,6,6,5,1,0,3,4,4,4,4,4,6,6,6,6,6,6,6,6,0,0,0,0,0,0,0,3,6,6,6,6,6,6,6,0,0,0,0,0,0,0,1,6,6,6,6,6,6,6,1,0,0,0,0,0,0,0,5,6,6,6,6,6,6,5,0,0,0,0,0,0,0,0,4,6,6,6,6,6,6,0,0,0,0,0,0,0,0,6,6,6,6,6,6,4,0,0,0,0,0,0,0,2,4,4,4,4,4,3,0,2,"mfeat-pixel","att60",0.9
0,0,0,0,0,0,0,2,3,4,4,4,4,4,2,0,0,0,0,0,0,0,6,6,6,6,6,6,6,3,0,0,0,0,1,2,5,6,6,6,6,6,6,6,3,0,0,0,0,3,6,6,6,6,6,6,6,6,4,-1.04,0,0,2,3,6,6,6,6,6,6,6,6,6,5,0,0,1,6,6,6,6,6,6,6,6,6,6,6,6,2,2,6,6,6,6,6,6,6,6,6,6,6,6,4,0,3,6,6,6,6,6,6,6,6,6,6,6,6,0,0,3,6,6,6,6,6,6,6,6,6,6,6,6,0,0,0,1,2,2,2,2,5,6,6,6,6,6,6,0,0,0,0,0,0,0,0,0,6,6,6,6,6,6,0,0,0,0,0,0,0,1,5,6,6,6,6,6,6,0,0,0,0,0,0,0,6,6,6,6,6,6,6,6,0,0,0,0,0,0,2,6,6,6,6,6,6,6,3,0,0,0,0,0,0,3,6,6,6,6,6,5,1,0,0,0,0,0,0,0,0,0,2,4,4,4,2,0,0,0,0,2,"mfeat-pixel","att60",0.9
0,0,0,0,0,1,3,5,6,6,6,6,5,3,0,0,0,0,0,3,6,6,6,6,6,6,6,6,6,0,3,6,6,6,6,6,6,6,6,6,6,6,6,6,0,6,6,6,6,4,2,0,4,6,6,6,6,6,6,2.26,1,2,1,0,0,0,0,3,6,6,6,6,6,6,0,0,0,0,0,0,0,0,3,6,6,6,6,6,6,0,0,0,0,0,0,0,0,3,6,6,6,6,6,6,0,0,0,0,0,0,0,0,3,6,6,6,6,6,6,0,0,0,0,0,0,0,0,1,5,6,6,6,6,6,0,0,0,0,0,0,0,0,0,4,6,6,6,6,6,0,0,0,0,0,0,0,0,3,6,6,6,6,6,6,0,0,0,0,0,0,0,0,1,5,6,6,6,6,6,0,0,0,0,0,0,0,0,0,0,6,6,6,6,6,0,0,0,0,0,0,0,0,0,0,6,6,6,6,6,1,0,0,0,0,0,0,0,0,0,6,6,6,6,6,5,0,0,0,0,0,0,0,0,0,4,4,4,4,4,3,2,"mfeat-pixel","att60",0.9
0,0,0,0,0,0,0,2,3,4,4,2,2,2,1,0,0,0,0,0,0,0,6,6,6,6,6,6,6,3,0,0,0,0,0,0,0,6,6,6,6,6,6,6,3,0,0,0,0,0,0,0,6,6,6,6,6,6,6,3.69,0,0,0,0,1,2,5,6,6,6,6,6,6,6,3,0,0,0,0,4,6,6,6,6,6,6,6,6,6,3,0,0,4,5,6,6,6,6,6,6,6,6,6,6,3,1,5,6,6,6,6,6,6,6,6,6,6,6,6,2,1,6,6,6,6,6,6,6,6,6,6,6,6,4,0,0,3,4,5,6,6,6,6,6,6,6,6,6,6,3,0,0,0,0,1,2,2,5,6,6,6,6,6,6,3,0,0,0,0,0,0,0,4,6,6,6,6,6,6,0,0,0,0,0,0,0,1,6,6,6,6,6,6,6,2,0,0,0,0,0,0,3,6,6,6,6,6,6,6,1,0,0,0,0,0,0,6,6,6,6,6,6,6,6,2,0,0,0,0,0,0,0,2,3,4,4,2,2,0,0,2,"mfeat-pixel","att60",0.9
3,6,6,6,3,0,0,0,0,0,0,0,0,0,0,6,6,6,6,6,4,0,0,0,0,0,0,0,0,0,5,6,6,6,6,6,5,0,0,0,0,0,0,0,0,3,6,6,6,6,6,6,4,0,0,0,0,0,0,0.09,3,6,6,6,6,6,6,6,2,0,0,0,0,0,0,3,6,6,6,5,6,6,6,3,0,0,0,0,0,0,3,6,6,6,4,5,6,6,6,5,1,0,0,0,0,6,6,6,6,6,3,6,6,6,6,4,0,0,0,0,6,6,6,6,6,1,6,6,6,6,6,2,0,0,0,6,6,6,5,1,0,3,6,6,6,6,5,1,0,0,3,3,1,0,0,0,0,5,6,6,6,6,5,1,0,0,0,0,0,0,0,0,2,6,6,6,6,6,4,0,0,0,0,0,0,0,0,0,4,6,6,6,6,6,2,0,0,0,0,0,0,0,0,0,5,6,6,6,6,5,0,0,0,0,0,0,0,0,0,3,6,6,6,6,6,0,0,0,0,0,0,0,0,0,1,4,4,4,4,4,2,"mfeat-pixel","att60",0.9
0,0,0,0,0,0,0,1,4,6,6,6,6,6,3,0,0,0,0,0,0,3,6,6,6,6,6,6,6,5,0,0,0,0,0,1,6,6,6,6,6,6,6,6,1,0,2,4,6,6,6,6,6,6,6,6,6,6,6,0.81,3,6,6,6,6,6,6,6,6,6,6,6,6,6,0,0,3,4,4,4,5,6,6,6,6,6,6,6,6,0,0,0,0,0,0,0,1,5,6,6,6,6,6,6,0,0,0,0,0,0,0,0,3,6,6,6,6,6,6,0,0,0,0,0,0,0,0,3,6,6,6,6,6,6,3,0,0,0,0,0,0,0,3,6,6,6,6,6,6,0,0,0,0,0,0,0,0,4,6,6,6,6,6,5,0,0,0,0,0,0,0,5,6,6,6,6,6,4,0,0,0,0,0,0,0,0,1,6,6,6,6,6,4,0,0,0,0,0,0,0,0,0,6,6,6,6,6,6,5,0,0,0,0,0,0,0,5,6,6,6,6,6,6,6,0,0,0,0,0,0,0,3,4,4,4,4,4,4,3,0,2,"mfeat-pixel","att60",0.9
0,0,0,0,0,0,0,0,0,1,4,4,5,5,0,0,0,0,0,0,0,0,0,0,4,6,6,6,6,0,0,0,0,0,0,0,0,0,5,6,6,6,6,6,0,0,0,0,0,0,0,0,0,6,6,6,6,6,6,2.8,0,0,0,0,0,0,0,0,6,6,6,6,6,6,3,0,0,0,0,0,0,0,0,6,6,6,6,6,6,0,0,0,0,0,0,0,0,1,6,6,6,6,6,6,0,0,0,0,0,0,0,1,5,6,6,6,6,6,6,0,0,0,0,0,0,3,6,6,6,6,6,6,6,6,0,0,0,0,0,3,6,6,6,6,6,6,6,6,3,0,0,0,0,0,0,4,6,6,6,6,6,6,6,1,0,0,0,0,0,0,1,5,6,6,6,6,6,6,2,0,0,0,0,0,0,0,0,4,6,6,6,6,6,3,0,0,2,4,4,4,4,4,6,6,6,6,6,6,6,3,0,0,0,1,5,6,3,2,5,6,6,6,6,6,1,0,0,0,0,0,0,0,0,0,3,4,4,4,3,0,2,"mfeat-pixel","att60",0.9
0,0,0,1,4,5,6,6,6,2,0,0,0,0,0,0,0,0,1,6,6,6,6,6,4,0,0,0,0,0,0,0,0,2,6,6,6,6,6,6,5,0,0,0,0,0,0,0,3,6,6,6,6,6,6,6,1,0,0,-1.09,1,2,4,6,6,6,6,6,6,6,6,6,2,0,0,6,6,6,6,6,6,6,6,6,6,6,6,3,0,0,2,6,6,6,6,5,2,5,6,6,6,6,3,0,0,0,1,2,2,2,0,0,3,6,6,6,6,3,0,0,0,0,0,0,0,0,0,2,6,6,6,6,3,0,0,0,0,0,0,0,0,0,0,6,6,6,6,6,3,0,0,0,0,0,0,0,0,0,6,6,6,6,6,6,0,0,0,0,0,0,0,0,0,6,6,6,6,6,6,0,0,0,0,0,0,0,0,0,6,6,6,6,6,6,0,0,0,0,0,0,0,0,0,6,6,6,6,6,6,0,0,0,0,0,0,0,0,0,6,6,6,6,6,6,1,0,0,0,0,0,0,0,0,3,4,4,4,4,4,1,2,"mfeat-pixel","att60",0.9
0,0,4,4,4,4,4,3,2,2,2,2,2,0,0,0,3,6,6,6,6,6,6,6,6,6,6,6,0,0,0,3,6,6,6,6,6,6,6,6,6,6,6,0,0,0,1,6,6,6,6,6,6,6,6,6,6,5,0,3.22,0,6,6,6,6,6,6,6,6,6,6,6,1,0,0,0,1,6,6,6,6,6,6,6,6,6,6,6,0,0,1,5,6,6,6,6,6,6,6,6,6,6,6,0,0,3,6,6,6,6,6,6,6,6,6,6,6,6,5,1,3,6,6,6,6,6,6,6,6,6,6,6,6,5,1,3,6,6,6,6,6,6,6,6,6,6,6,6,4,0,3,6,6,6,6,6,6,6,6,6,6,6,6,6,2,2,6,6,6,6,6,6,6,6,6,6,6,6,6,1,0,0,2,2,5,6,6,6,6,6,6,6,6,6,3,0,0,0,0,0,6,6,6,6,6,6,6,6,6,3,0,0,0,0,0,6,6,6,6,6,6,6,6,6,3,0,0,0,0,0,2,2,3,4,4,4,4,4,4,2,2,"mfeat-pixel","att60",0.9
0,0,0,0,0,3,6,6,6,6,6,2,0,0,0,0,0,0,3,6,6,6,6,6,6,6,4,0,0,0,0,2,6,6,6,6,6,6,6,6,6,6,3,0,0,0,3,6,6,6,6,6,6,6,6,6,6,0,0,0.96,2,6,6,6,6,6,6,6,6,6,6,4,0,0,0,0,4,6,6,6,6,6,6,6,6,6,6,6,2,0,0,1,4,4,4,5,6,6,6,6,6,6,6,4,0,0,0,0,0,0,0,0,4,6,6,6,6,6,6,5,0,0,0,0,0,0,0,3,6,6,6,6,6,5,1,0,0,0,0,0,0,0,2,6,6,6,6,6,4,0,0,0,0,0,0,0,0,0,1,6,6,6,6,6,3,0,0,0,0,0,0,0,0,3,6,6,6,6,6,5,0,0,0,0,0,0,0,3,6,6,6,6,6,6,6,0,0,0,0,0,0,0,3,6,6,6,6,6,6,6,0,0,0,0,0,0,0,3,6,6,6,6,6,6,6,0,0,0,0,0,0,0,1,4,4,4,4,4,4,4,2,"mfeat-pixel","att60",0.9
0,0,0,0,0,0,0,1,4,5,6,5,4,1,0,0,0,0,0,2,3,4,6,6,6,6,6,6,3,0,0,0,0,4,6,6,6,6,6,6,6,6,6,3,0,0,2,6,6,6,6,6,6,6,6,6,6,6,6,0.71,0,4,6,6,6,6,6,6,6,6,6,6,6,4,0,3,6,6,6,6,6,6,6,6,6,6,6,6,6,5,0,2,4,4,4,5,6,6,6,6,6,6,6,6,6,0,0,0,0,0,0,3,6,6,6,6,6,6,6,3,0,0,0,0,0,0,0,3,6,6,6,6,6,6,2,0,0,0,0,0,0,0,3,6,6,6,6,6,6,3,0,0,0,0,0,0,0,3,6,6,6,6,6,6,3,0,0,0,0,0,0,0,6,6,6,6,6,6,4,0,0,0,0,0,0,0,3,6,6,6,6,6,6,3,0,0,0,0,0,0,3,6,6,6,6,6,6,6,5,1,0,0,0,0,0,3,6,6,6,6,6,6,6,6,2,0,0,0,0,0,0,2,3,4,4,4,4,4,1,0,2,"mfeat-pixel","att60",0.9
0,0,2,4,4,4,6,2,0,0,0,0,0,0,0,0,5,6,6,6,6,6,3,0,0,0,0,0,0,0,0,6,6,6,6,6,6,3,0,0,0,0,0,0,0,0,6,6,6,6,6,6,6,3,0,0,0,0,0,4.1,0,6,6,6,6,6,6,6,6,0,0,0,0,0,0,3,6,6,6,6,6,6,6,6,1,0,0,0,0,0,3,6,6,6,6,6,6,6,6,6,2,0,0,0,0,5,6,6,6,6,6,6,6,6,6,3,0,0,0,0,4,6,6,6,6,6,6,6,6,6,3,0,0,0,0,0,3,4,4,4,5,6,6,6,6,5,2,0,0,0,0,0,0,0,0,0,5,6,6,6,6,6,3,0,0,0,0,0,0,0,0,0,4,6,6,6,6,3,0,0,0,0,0,0,0,0,0,3,6,6,6,6,3,0,0,0,0,0,0,0,0,0,3,6,6,6,6,5,1,0,0,0,0,0,0,0,0,3,6,6,6,6,6,6,2,0,0,0,0,0,0,0,1,4,4,4,4,4,3,0,2,"mfeat-pixel","att60",0.9
0,0,0,0,0,0,0,3,6,6,6,6,6,5,3,0,0,0,0,0,2,6,6,6,6,6,6,6,6,3,0,0,0,0,0,4,6,6,6,6,6,6,6,6,3,0,0,0,3,6,6,6,6,6,6,6,6,6,6,8.51,0,2,6,6,6,6,6,6,6,6,6,6,6,6,6,0,3,6,6,6,6,6,6,6,6,6,6,6,6,6,0,4,6,6,6,6,6,6,6,6,6,6,6,6,1,2,6,6,6,6,6,6,6,6,6,6,6,6,6,5,0,0,2,2,2,4,6,6,6,6,6,6,6,6,1,0,0,0,0,0,0,1,6,6,6,6,6,6,6,5,0,0,0,0,0,0,2,6,6,6,6,6,6,6,6,0,0,0,0,0,0,1,5,6,6,6,6,6,6,6,0,0,0,0,0,0,0,5,6,6,6,6,6,6,6,0,0,0,0,0,0,0,1,5,6,6,6,6,6,6,0,0,0,0,0,0,0,1,5,6,6,6,6,6,1,0,0,0,0,0,0,0,2,4,4,4,4,4,4,2,2,"mfeat-pixel","att60",0.9
0,0,0,0,0,0,1,4,5,6,6,6,6,6,3,0,0,0,0,0,0,4,6,6,6,6,6,6,6,6,0,0,0,0,0,5,6,6,6,6,6,6,6,6,5,0,0,0,1,3,6,6,6,6,6,6,6,6,6,2.37,0,0,1,6,6,6,6,6,6,6,6,6,6,6,5,1,5,6,6,6,6,6,6,6,6,6,6,6,6,3,3,6,6,6,6,6,6,6,6,6,6,6,6,6,3,0,3,4,4,4,4,6,6,6,6,6,6,6,6,0,0,0,0,0,0,0,1,5,6,6,6,6,6,6,1,0,0,0,0,0,0,1,5,6,6,6,6,6,6,3,0,0,0,0,0,0,1,4,6,6,6,6,6,6,3,0,0,0,0,0,0,0,0,4,6,6,6,6,6,3,0,0,0,0,0,0,3,6,6,6,6,6,6,6,6,0,0,0,0,0,3,6,6,6,6,6,6,6,6,5,0,0,0,0,0,0,4,6,6,6,6,6,6,6,3,0,0,0,0,0,0,1,4,4,4,4,4,4,4,1,2,"mfeat-pixel","att60",0.9
0,0,0,0,0,0,1,4,5,6,6,6,4,3,0,0,0,0,0,0,0,4,6,6,6,6,6,6,6,2,0,0,0,0,1,5,6,6,6,6,6,6,6,6,0,3,4,4,6,6,6,6,6,6,6,6,6,6,6,0.76,6,6,6,6,6,6,6,6,6,6,6,6,6,6,0,5,6,6,6,6,6,6,6,6,6,6,6,6,6,3,0,0,0,0,0,0,4,6,6,6,6,6,6,6,2,0,0,0,0,0,0,3,6,6,6,6,6,6,6,0,0,0,0,0,0,0,3,6,6,6,6,6,6,6,0,0,0,0,0,0,1,5,6,6,6,6,6,6,6,0,0,0,0,0,0,2,6,6,6,6,6,6,6,6,0,0,0,0,0,0,0,3,6,6,6,6,6,6,6,0,0,0,0,0,0,0,3,6,6,6,6,6,6,6,0,0,0,0,0,0,2,5,6,6,6,6,6,6,6,0,0,0,0,0,6,6,6,6,6,6,6,6,5,3,0,0,0,0,0,1,3,4,4,4,4,4,3,0,0,0,2,"mfeat-pixel","att60",0.9
0,0,0,0,0,0,3,6,6,6,6,6,4,3,0,0,0,0,0,1,5,6,6,6,6,6,6,6,6,0,0,0,1,5,6,6,6,6,6,6,6,6,6,6,0,0,5,6,6,6,6,6,6,6,6,6,6,6,6,0.2,1,6,6,6,6,6,6,6,6,6,6,6,6,6,0,1,5,6,6,5,4,6,6,6,6,6,6,6,6,3,0,0,0,0,0,0,2,6,6,6,6,6,6,6,1,0,0,0,0,0,0,0,0,4,6,6,6,6,6,1,0,0,0,0,0,0,0,1,5,6,6,6,6,6,5,0,0,0,0,0,0,0,2,6,6,6,6,6,6,4,0,0,0,0,0,0,0,0,3,6,6,6,6,6,3,0,0,0,0,0,0,0,0,3,6,6,6,6,6,6,0,0,0,0,0,0,0,0,3,6,6,6,6,6,4,0,0,0,0,0,0,0,0,3,6,6,6,6,6,5,0,0,0,0,0,0,0,0,1,5,6,6,6,6,6,0,0,0,0,0,0,0,0,0,0,3,4,4,4,3,2,"mfeat-pixel","att60",0.9
0,0,0,0,0,0,1,4,4,4,4,4,2,0,0,0,0,0,0,0,2,6,6,6,6,6,6,6,5,0,0,0,0,0,0,4,6,6,6,6,6,6,6,3,0,0,0,0,0,3,6,6,6,6,6,6,6,1,0,1.78,0,0,0,0,5,6,6,6,6,6,6,5,0,0,0,0,0,0,0,6,6,6,6,6,6,6,4,0,0,0,0,0,1,5,6,6,6,6,6,6,6,6,5,1,0,0,3,6,6,6,6,6,6,6,6,6,6,5,1,0,4,6,6,6,6,6,6,6,6,6,6,6,3,0,0,6,6,6,6,6,5,2,3,6,6,6,6,6,3,0,6,6,6,6,6,2,0,0,6,6,6,6,6,6,0,1,2,2,2,0,0,0,0,6,6,6,6,6,6,0,0,0,0,0,0,0,0,0,6,6,6,6,6,6,4,0,0,0,0,0,0,0,0,5,6,6,6,6,6,6,0,0,0,0,0,0,0,0,0,4,6,6,6,6,5,0,0,0,0,0,0,0,0,0,1,4,4,3,0,0,2,"mfeat-pixel","att60",0.9
0,0,0,0,0,0,0,0,2,6,6,6,6,6,2,0,0,0,0,0,0,0,0,4,6,6,6,6,6,3,0,0,0,0,0,0,1,5,6,6,6,6,6,6,3,0,0,0,1,2,4,6,6,6,6,6,6,6,6,3.8,0,0,0,6,6,6,6,6,6,6,6,6,6,6,1,0,0,1,6,6,6,6,6,6,6,6,6,6,6,2,0,0,4,6,6,6,6,6,6,6,6,6,6,6,0,2,6,6,6,6,6,6,6,6,6,6,6,6,5,0,0,3,4,6,6,6,6,6,6,6,6,6,6,4,0,0,0,0,0,0,0,4,6,6,6,6,6,6,6,0,0,0,0,0,0,0,0,6,6,6,6,6,6,3,0,0,0,0,0,0,0,3,6,6,6,6,6,6,6,0,0,0,0,0,0,0,3,6,6,6,6,6,6,6,0,0,0,0,0,0,0,6,6,6,6,6,6,6,3,0,0,0,0,0,0,0,5,6,6,6,6,6,3,0,0,0,0,0,0,0,0,1,4,4,4,4,4,0,0,0,2,"mfeat-pixel","att60",0.9
0,0,0,0,0,0,0,0,0,0,1,3,4,2,0,0,0,0,0,0,0,0,2,4,6,6,6,6,6,3,0,0,0,0,0,1,6,6,6,6,6,6,6,6,3,0,0,0,0,1,5,6,6,6,6,6,6,6,6,4.17,0,0,0,0,3,6,6,6,6,6,6,6,6,1,0,0,0,0,0,3,6,6,6,6,6,6,6,6,3,0,0,0,0,0,4,6,6,6,6,6,6,6,6,6,2,0,0,4,5,6,6,6,6,6,6,6,6,6,1,0,0,1,6,6,6,6,6,6,6,6,6,6,6,0,0,0,4,6,6,6,6,6,6,6,6,6,6,6,0,0,0,0,0,1,5,6,6,6,6,6,6,6,6,0,0,0,0,0,0,3,6,6,6,6,6,6,6,6,0,0,0,0,0,0,3,6,6,6,6,6,6,6,6,0,0,0,0,0,0,3,6,6,6,6,6,6,6,6,5,0,0,0,0,0,3,6,6,6,6,6,6,6,6,1,0,0,0,0,0,2,4,4,4,4,4,4,4,4,0,0,2,"mfeat-pixel","att60",0.9
0,0,0,0,0,0,0,2,6,6,6,5,4,4,1,0,0,0,0,0,0,0,6,6,6,6,6,6,6,4,0,0,0,0,0,0,0,6,6,6,6,6,6,6,6,0,0,0,0,0,0,3,6,6,6,6,6,6,6,7.88,0,0,0,1,4,6,6,6,6,6,6,6,6,6,6,0,0,0,4,6,6,6,6,6,6,6,6,6,6,6,1,4,6,6,6,6,6,6,6,6,6,6,6,6,6,6,6,6,6,6,6,6,6,6,6,6,6,6,6,6,1,2,2,4,6,6,6,6,6,6,6,6,6,6,1,0,0,0,0,0,1,2,5,6,6,6,6,6,5,0,0,0,0,0,0,0,0,3,6,6,6,6,6,4,0,0,0,0,0,0,0,2,6,6,6,6,6,6,6,5,0,0,0,0,0,0,1,5,6,6,6,6,6,6,3,0,0,0,0,0,0,0,3,6,6,6,6,6,6,6,0,0,0,0,0,0,0,4,6,6,6,6,6,6,6,0,0,0,0,0,0,0,4,4,4,4,4,4,4,3,2,"mfeat-pixel","att60",0.9
0,0,2,2,4,4,4,4,3,2,1,0,0,0,0,0,0,6,6,6,6,6,6,6,6,3,0,0,0,0,0,0,6,6,6,6,6,6,6,6,3,0,0,0,0,0,0,6,6,6,6,6,6,6,6,3,0,0,0,-3.03,0,0,6,6,6,6,6,6,6,6,3,0,0,0,0,0,0,6,6,6,6,6,6,6,6,3,0,0,0,0,0,0,6,6,6,6,6,6,6,6,3,0,0,0,0,1,5,6,6,6,6,6,6,6,6,3,0,0,0,0,1,6,6,6,6,6,6,6,6,6,5,0,0,0,0,2,6,6,6,6,6,6,6,6,6,6,3,0,0,0,3,6,6,6,6,6,6,6,6,6,6,6,6,0,0,2,6,6,6,5,4,6,6,6,6,6,6,6,0,0,0,0,2,1,0,0,1,6,6,6,6,6,6,0,0,0,0,0,0,0,0,3,6,6,6,6,6,6,0,0,0,0,0,0,0,0,0,6,6,6,6,6,6,5,0,0,0,0,0,0,0,0,4,4,4,4,4,4,1,0,2,"mfeat-pixel","att60",0.9
0,0,0,0,0,0,0,0,0,0,1,5,6,6,6,0,0,0,0,0,0,0,0,1,2,6,6,6,6,6,0,0,0,0,0,0,0,2,6,6,6,6,6,6,2,0,0,0,0,0,1,4,5,6,6,6,6,6,3,2.41,0,0,0,0,3,6,6,6,6,6,6,6,3,0,0,0,0,0,0,6,6,6,6,6,6,6,6,0,0,0,0,0,0,0,6,6,6,6,6,6,6,3,0,0,0,0,0,0,0,4,6,6,6,6,6,0,0,0,0,0,0,0,0,5,6,6,6,6,6,3,0,0,0,0,0,0,1,5,6,6,6,6,6,3,0,0,0,0,0,0,0,3,6,6,6,6,6,5,0,0,0,0,0,0,0,0,3,6,6,6,6,5,1,0,0,0,0,0,0,0,1,6,6,6,6,6,0,0,0,0,0,0,0,0,0,6,6,6,6,6,5,0,0,0,0,0,0,0,0,0,6,6,6,6,6,1,0,0,0,0,0,0,0,0,0,3,4,4,4,4,0,0,0,0,0,0,0,0,0,0,2,"mfeat-pixel","att60",0.9
0,0,0,0,2,3,4,4,4,3,2,0,0,0,0,0,0,0,0,6,6,6,6,6,6,6,3,0,0,0,0,0,0,0,4,6,6,6,6,6,6,6,6,0,0,0,0,0,0,5,6,6,6,6,6,6,6,6,0,0.72,0,0,0,0,6,6,6,6,6,6,6,6,6,0,0,0,0,0,1,6,6,6,6,6,6,6,6,6,0,0,0,0,4,6,6,6,6,6,6,6,6,6,6,0,0,0,0,6,6,6,6,6,6,6,6,6,6,6,0,0,0,2,6,6,6,6,6,6,6,6,6,6,6,0,0,0,0,2,5,6,6,6,6,6,6,6,6,6,0,0,0,0,0,0,2,2,3,6,6,6,6,6,6,0,0,0,0,0,0,0,0,1,6,6,6,6,6,6,5,1,0,0,0,0,0,0,6,6,6,6,6,6,6,6,3,0,0,0,0,0,0,5,6,6,6,6,6,6,6,3,0,0,0,0,0,0,4,6,6,6,6,6,6,6,3,0,0,0,0,0,0,2,3,4,4,4,4,4,3,1,2,"mfeat-pixel","att60",0.9
0,0,0,0,0,0,0,0,0,1,3,4,6,6,3,0,0,0,0,0,0,0,0,2,6,6,6,6,6,6,0,0,0,0,0,0,0,0,4,6,6,6,6,6,6,0,0,0,0,0,0,3,6,6,6,6,6,6,6,1.94,0,0,0,0,0,5,6,6,6,6,6,6,6,6,0,0,0,0,0,0,6,6,6,6,6,6,6,6,6,0,0,0,0,1,3,6,6,6,6,6,6,6,6,6,0,0,0,0,6,6,6,6,6,6,6,6,6,6,6,0,1,4,5,6,6,6,6,6,6,6,6,6,6,6,0,6,6,6,6,6,6,6,6,6,6,6,6,6,6,0,1,2,2,2,3,6,6,6,6,6,6,6,3,1,0,0,0,0,0,0,6,6,6,6,6,6,6,0,0,0,0,0,0,0,0,6,6,6,6,6,6,6,0,0,0,0,0,0,0,0,6,6,6,6,6,6,6,0,0,0,0,0,0,0,0,6,6,6,6,6,6,6,0,0,0,0,0,0,0,0,3,4,4,4,4,4,4,0,0,0,2,"mfeat-pixel","att60",0.9
0,0,0,0,0,0,0,0,0,0,1,5,6,6,5,0,0,0,0,0,0,0,0,0,1,6,6,6,6,6,0,0,0,0,0,0,0,0,1,6,6,6,6,6,5,0,0,0,0,0,1,4,5,6,6,6,6,6,6,-0.49,0,0,0,0,3,6,6,6,6,6,6,6,6,5,0,0,0,0,5,6,6,6,6,6,6,6,6,5,1,0,0,1,5,6,6,6,6,6,6,6,6,3,0,0,0,0,1,5,6,6,6,6,6,6,6,6,0,0,0,0,0,0,0,5,6,6,6,6,6,6,2,0,0,0,0,0,0,0,3,6,6,6,6,6,3,0,0,0,0,0,0,0,0,6,6,6,6,6,2,0,0,0,0,0,0,0,0,3,6,6,6,6,6,0,0,0,0,0,0,0,0,4,6,6,6,6,6,5,0,0,0,0,0,0,0,2,6,6,6,6,6,6,3,0,0,0,0,0,0,0,6,6,6,6,6,6,3,0,0,0,0,0,0,0,0,4,4,4,4,4,3,0,0,0,0,0,0,0,0,0,2,"mfeat-pixel","att60",0.9
0,0,0,0,0,0,1,4,5,6,6,6,6,6,5,0,0,0,0,0,0,4,6,6,6,6,6,6,6,6,0,0,1,3,4,6,6,6,6,6,6,6,6,6,5,3,6,6,6,6,6,6,6,6,6,6,6,6,6,1.08,6,6,6,6,6,6,6,6,6,6,6,6,6,6,3,1,2,2,2,2,2,5,6,6,6,6,6,6,6,2,0,0,0,0,0,0,3,6,6,6,6,6,6,6,0,0,0,0,0,0,0,4,6,6,6,6,6,6,6,0,0,0,0,0,0,5,6,6,6,6,6,6,6,6,0,0,0,0,0,0,6,6,6,6,6,6,6,5,3,0,0,0,0,0,0,6,6,6,6,6,6,6,0,0,0,0,0,0,0,0,6,6,6,6,6,6,6,0,0,0,0,0,0,0,0,6,6,6,6,6,6,6,0,0,0,0,0,0,1,3,6,6,6,6,6,6,6,0,0,0,0,0,0,6,6,6,6,6,6,6,6,6,0,0,0,0,0,0,3,4,4,4,4,4,4,4,3,0,0,0,2,"mfeat-pixel","att60",0.9
0,0,0,0,0,0,0,1,4,4,5,6,5,3,0,0,0,0,0,0,0,1,5,6,6,6,6,6,6,2,0,0,0,0,1,5,6,6,6,6,6,6,6,6,2,0,0,0,0,3,6,6,6,6,6,6,6,6,6,-1.77,0,0,1,4,6,6,6,6,6,6,6,6,6,6,0,0,3,6,6,6,6,6,6,6,6,6,6,6,6,0,5,6,6,6,6,6,6,6,6,6,6,6,6,3,0,1,5,6,6,6,6,6,6,6,6,6,6,6,3,0,0,0,0,0,2,5,6,6,6,6,6,6,6,6,0,0,0,0,0,0,0,1,5,6,6,6,6,6,6,0,0,0,0,0,0,0,1,5,6,6,6,6,6,6,0,0,0,0,0,0,0,6,6,6,6,6,6,6,6,0,0,0,0,0,0,0,6,6,6,6,6,6,6,6,0,0,0,0,0,0,0,6,6,6,6,6,6,6,6,0,0,0,0,0,0,0,5,6,6,6,6,6,6,5,0,0,0,0,0,0,0,0,3,4,4,4,4,3,0,0,2,"mfeat-pixel","att60",0.9
0,0,0,1,4,5,6,6,6,6,6,2,0,0,0,0,0,0,2,6,6,6,6,6,6,6,4,0,0,0,0,0,0,0,0,4,6,6,6,6,6,6,3,0,0,0,0,0,0,0,3,6,6,6,6,6,6,3,0,-1.43,0,0,0,0,2,5,6,6,6,6,6,6,6,2,0,0,0,2,5,6,6,6,6,6,6,6,6,6,3,0,0,3,6,6,6,6,6,6,6,6,6,6,6,3,0,1,5,6,6,6,6,6,6,6,6,6,6,6,3,0,6,6,6,6,6,6,6,6,6,6,6,6,6,3,0,1,5,6,6,6,6,6,6,6,6,6,6,6,3,0,0,0,2,2,2,5,6,6,6,6,6,6,6,3,0,0,0,0,0,0,2,6,6,6,6,6,6,6,6,2,0,0,0,0,0,1,6,6,6,6,6,6,6,6,4,0,0,0,0,0,3,6,6,6,6,6,6,6,6,5,0,0,0,0,0,1,4,6,6,6,6,6,6,3,0,0,0,0,0,0,0,0,1,4,4,4,3,0,0,0,2,"mfeat-pixel","att60",0.9
0,0,0,0,0,0,2,4,4,4,4,4,3,1,0,0,0,0,0,0,0,3,6,6,6,6,6,6,5,0,0,0,0,0,1,3,6,6,6,6,6,6,6,6,0,0,0,0,6,6,6,6,6,6,6,6,6,6,4,2.51,0,0,0,6,6,6,6,6,6,6,6,6,6,3,0,0,0,1,6,6,6,6,6,6,6,6,6,6,3,0,1,4,6,6,6,6,6,6,6,6,6,6,6,3,0,1,5,6,6,6,6,6,6,6,6,6,6,6,3,0,0,0,1,2,5,6,6,6,6,6,6,6,6,3,0,0,0,0,0,0,4,6,6,6,6,6,6,6,3,0,0,0,0,0,0,6,6,6,6,6,6,6,6,3,0,0,0,0,0,0,1,6,6,6,6,6,6,6,3,0,0,0,0,0,0,3,6,6,6,6,6,6,6,4,0,0,0,0,0,0,1,6,6,6,6,6,6,6,6,2,0,0,0,0,0,1,5,6,6,6,6,6,6,6,2,0,0,0,0,0,0,0,1,2,4,4,4,3,1,0,2,"mfeat-pixel","att60",0.9
0,0,0,0,0,3,4,4,5,6,4,3,0,0,0,0,0,0,1,3,6,6,6,6,6,6,6,0,0,0,0,0,1,6,6,6,6,6,6,6,6,6,0,0,0,0,5,6,6,6,6,6,6,6,6,6,6,5,0,1.8,0,6,6,6,6,6,6,6,6,6,6,6,6,1,0,1,6,6,6,6,6,6,6,6,6,6,6,6,6,0,5,6,6,6,6,6,6,6,6,6,6,6,6,6,0,3,6,6,5,5,6,6,6,6,6,6,6,6,6,0,0,1,1,0,0,1,2,6,6,6,6,6,6,6,1,0,0,0,0,0,0,0,6,6,6,6,6,6,6,3,0,0,0,0,0,0,0,4,6,6,6,6,6,6,5,0,0,0,0,0,0,3,6,6,6,6,6,6,6,6,0,0,0,0,0,0,3,6,6,6,6,6,6,6,4,0,0,0,0,0,0,3,6,6,6,6,6,6,6,3,0,0,0,0,0,0,3,6,6,6,6,6,6,6,3,0,0,0,0,0,0,1,4,4,4,4,4,4,4,1,2,"mfeat-pixel","att60",0.9
0,0,0,0,0,0,0,0,2,6,6,6,6,6,3,0,0,0,0,0,0,1,4,6,6,6,6,6,6,6,0,0,0,0,0,0,3,6,6,6,6,6,6,6,5,0,0,0,0,0,3,6,6,6,6,6,6,6,5,2.53,0,0,0,1,3,6,6,6,6,6,6,6,1,0,0,0,2,3,6,6,6,6,6,6,6,6,6,5,3,0,5,6,6,6,6,6,6,6,6,6,6,6,6,6,0,3,4,4,2,2,2,5,6,6,6,6,6,6,6,0,0,0,0,0,0,0,3,6,6,6,6,6,6,6,0,0,0,0,0,0,0,3,6,6,6,6,6,6,6,0,0,0,0,0,0,0,0,2,5,6,6,6,6,6,3,0,0,0,0,0,0,0,2,5,6,6,6,6,6,2,0,0,0,0,0,0,3,6,6,6,6,6,6,6,0,0,0,0,0,0,0,3,6,6,6,6,6,6,6,0,0,0,0,0,0,0,3,6,6,6,6,6,6,6,0,0,0,0,0,0,0,1,4,4,4,4,4,4,4,0,2,"mfeat-pixel","att60",0.9
0,0,0,0,0,0,0,1,5,5,4,4,4,4,3,0,0,0,0,0,1,4,6,6,6,6,6,6,6,6,0,0,0,0,0,4,6,6,6,6,6,6,6,6,2,0,0,0,0,5,6,6,6,6,6,6,6,6,6,0.82,0,0,0,1,6,6,6,6,6,6,6,6,6,6,0,0,0,2,6,6,6,6,6,6,6,6,6,6,5,0,0,3,6,6,6,6,6,6,6,6,6,6,6,3,0,2,6,6,6,6,5,2,3,6,6,6,6,5,1,0,0,3,4,4,4,1,0,1,6,6,6,6,4,0,0,0,0,0,0,0,0,0,5,6,6,6,6,6,2,0,0,0,0,0,0,0,0,6,6,6,6,6,3,0,0,0,0,0,0,0,0,0,6,6,6,6,6,3,0,0,0,0,0,0,0,0,0,6,6,6,6,5,1,0,0,0,0,0,0,0,0,1,6,6,6,6,1,0,0,0,0,0,0,0,0,2,6,6,6,6,6,2,0,0,0,0,0,0,0,0,1,4,4,4,3,0,0,0,0,0,2,"mfeat-pixel","att60",0.9
0,0,0,0,0,0,0,5,6,6,5,4,1,0,0,0,0,0,0,0,0,5,6,6,6,6,6,6,3,0,0,0,0,0,1,5,6,6,6,6,6,6,6,6,0,0,0,0,0,4,6,6,6,6,6,6,6,6,6,3.1,0,0,2,6,6,6,6,6,6,6,6,6,6,6,0,1,4,6,6,6,6,6,6,6,6,6,6,6,6,3,2,6,6,6,6,6,6,6,6,6,6,6,6,6,3,0,3,4,4,6,6,6,6,6,6,6,6,6,6,3,0,0,0,0,0,3,6,6,6,6,6,6,6,6,3,0,0,0,0,0,0,6,6,6,6,6,6,6,6,2,0,0,0,0,0,0,6,6,6,6,6,6,6,6,2,0,0,0,0,0,0,6,6,6,6,6,6,6,6,1,0,0,0,0,1,5,6,6,6,6,6,6,6,1,0,0,0,0,0,3,6,6,6,6,6,6,6,6,3,0,0,0,0,0,1,5,6,6,6,6,6,6,6,5,0,0,0,0,0,0,0,3,4,4,4,4,4,2,0,0,2,"mfeat-pixel","att60",0.9
0,0,0,0,0,0,0,1,4,6,6,6,6,6,3,0,0,0,0,0,0,0,4,6,6,6,6,6,6,6,0,0,0,0,0,0,5,6,6,6,6,6,6,6,2,0,0,0,0,1,5,6,6,6,6,6,6,6,6,-2.99,0,0,0,0,3,6,6,6,6,6,6,6,6,3,0,0,1,3,4,6,6,6,6,6,6,6,6,3,0,0,0,6,6,6,6,6,6,6,6,6,6,6,5,1,0,2,6,6,6,6,6,6,6,6,6,6,6,6,3,0,1,4,6,6,6,6,6,6,6,6,6,6,6,3,0,0,0,0,2,2,3,6,6,6,6,6,6,6,6,0,0,0,0,0,0,0,6,6,6,6,6,6,6,3,0,0,0,0,0,0,0,2,6,6,6,6,6,6,1,0,0,0,0,0,0,0,0,6,6,6,6,6,6,6,0,0,0,0,0,0,0,0,6,6,6,6,6,6,6,1,0,0,0,0,0,0,3,6,6,6,6,6,6,6,3,0,0,0,0,0,0,1,4,4,4,4,4,4,4,2,2,"mfeat-pixel","att60",0.9
0,0,0,0,1,3,5,6,5,3,0,0,0,0,0,0,0,0,5,6,6,6,6,6,6,5,3,0,0,0,0,0,0,6,6,6,6,6,6,6,6,4,0,0,0,0,0,0,6,6,6,6,6,6,6,6,5,0,0,0.98,0,0,0,6,6,6,6,6,6,6,6,6,0,0,0,0,0,0,6,6,6,6,6,6,6,6,6,0,0,0,0,3,5,6,6,6,6,6,6,6,6,6,0,0,0,4,6,6,6,6,6,6,6,6,6,6,6,0,0,0,6,6,6,6,6,6,6,6,6,6,6,6,0,0,0,6,6,6,6,6,6,6,6,6,6,6,6,5,3,0,5,6,6,6,6,6,6,6,6,6,6,6,6,6,0,0,2,2,2,2,2,4,6,6,6,6,6,6,6,0,0,0,0,0,0,0,0,0,4,6,6,6,6,6,1,0,0,0,0,0,0,0,0,3,6,6,6,6,6,5,0,0,0,0,0,0,0,0,3,6,6,6,6,6,6,0,0,0,0,0,0,0,0,1,4,4,4,4,4,4,2,"mfeat-pixel","att60",0.9
0,0,0,0,0,0,1,4,6,6,5,4,1,0,0,0,0,0,0,0,3,6,6,6,6,6,6,3,0,0,0,0,0,0,3,6,6,6,6,6,6,6,5,0,0,0,0,1,4,6,6,6,6,6,6,6,6,6,3,-0.63,0,1,5,6,6,6,6,6,6,6,6,6,6,1,0,2,6,6,6,6,6,6,6,6,6,6,6,6,6,0,1,6,6,6,6,6,6,6,6,6,6,6,6,6,0,0,1,3,4,4,5,6,6,6,6,6,6,6,6,0,0,0,0,0,0,0,5,6,6,6,6,6,6,6,0,0,0,0,0,0,0,0,6,6,6,6,6,6,6,0,0,0,0,0,0,0,1,6,6,6,6,6,6,6,0,0,0,0,0,0,0,1,5,6,6,6,6,6,6,0,0,0,0,0,0,0,1,5,6,6,6,6,6,6,0,0,0,0,0,0,0,5,6,6,6,6,6,6,6,4,0,0,0,0,0,0,0,2,5,6,6,6,6,6,3,0,0,0,0,0,0,0,0,0,2,2,2,2,1,0,2,"mfeat-pixel","att60",0.9
0,0,0,0,0,0,1,4,5,6,6,6,2,0,0,0,0,0,0,0,0,3,6,6,6,6,6,1,0,0,0,0,0,0,0,0,4,6,6,6,6,6,0,0,0,0,0,0,0,1,5,6,6,6,6,6,6,1,0,0.64,0,0,3,5,6,6,6,6,6,6,6,6,6,5,0,0,0,6,6,6,6,6,6,6,6,6,6,6,5,0,1,5,6,6,6,6,6,6,6,6,6,6,6,2,0,2,6,6,6,6,6,6,6,6,6,6,6,6,1,0,0,1,2,2,2,2,5,6,6,6,6,6,6,6,0,0,0,0,0,0,0,1,6,6,6,6,6,6,6,0,0,0,0,0,0,0,2,6,6,6,6,6,6,6,0,0,0,0,0,0,0,3,6,6,6,6,6,6,6,0,0,0,0,0,0,0,3,6,6,6,6,6,6,6,2,0,0,0,0,0,0,3,6,6,6,6,6,6,6,1,0,0,0,0,0,0,3,6,6,6,6,6,6,6,0,0,0,0,0,0,0,1,4,4,4,4,4,4,4,0,2,"mfeat-pixel","att60",0.9
0,0,0,0,0,0,0,0,0,0,2,4,6,6,6,0,0,0,0,0,0,0,0,1,5,6,6,6,6,6,0,0,0,0,0,0,0,1,4,6,6,6,6,6,6,0,0,0,0,0,1,5,6,6,6,6,6,6,6,4.76,0,0,0,0,1,6,6,6,6,6,6,6,6,6,1,0,0,0,3,6,6,6,6,6,6,6,6,6,3,0,0,0,0,3,6,6,6,6,6,6,6,6,6,3,0,0,0,0,0,0,6,6,6,6,6,6,6,3,0,0,0,0,0,0,3,6,6,6,6,6,5,1,0,0,0,0,0,0,3,6,6,6,6,6,6,1,0,0,0,0,0,0,0,6,6,6,6,6,6,3,0,0,0,0,0,0,0,3,6,6,6,6,6,5,0,0,0,0,0,0,0,5,6,6,6,6,6,5,1,0,0,0,0,0,0,3,6,6,6,6,6,4,0,0,0,0,0,0,0,0,5,6,6,6,6,6,1,0,0,0,0,0,0,0,0,1,4,4,4,4,2,0,0,0,0,0,0,0,0,0,2,"mfeat-pixel","att60",0.9
0,0,0,0,0,5,6,6,6,6,6,5,0,0,0,0,0,0,0,0,6,6,6,6,6,6,6,0,0,0,0,0,0,0,0,6,6,6,6,6,6,6,5,1,0,0,0,0,0,0,6,6,6,6,6,6,6,6,2,-2.64,0,0,0,0,1,6,6,6,6,6,6,6,1,0,0,0,0,1,5,6,6,6,6,6,6,6,6,5,3,0,0,5,6,6,6,6,6,6,6,6,6,6,6,6,3,3,6,6,6,6,6,3,2,5,6,6,6,6,6,1,3,6,6,6,6,2,0,0,4,6,6,6,6,6,0,0,3,3,1,0,0,0,5,6,6,6,6,6,6,0,0,0,0,0,0,0,0,4,6,6,6,6,6,6,2,0,0,0,0,0,0,3,6,6,6,6,6,6,6,1,0,0,0,0,0,0,3,6,6,6,6,6,6,6,0,0,0,0,0,0,0,4,6,6,6,6,6,6,6,0,0,0,0,0,0,5,6,6,6,6,6,6,6,6,0,0,0,0,0,0,3,4,4,4,4,4,4,4,4,0,2,"mfeat-pixel","att60",0.9
0,0,0,0,0,0,0,0,3,6,6,5,1,0,0,0,0,0,0,0,0,3,6,6,6,6,6,6,5,0,0,0,0,0,0,5,6,6,6,6,6,6,6,6,0,0,0,0,0,0,6,6,6,6,6,6,6,6,6,1.39,0,0,0,3,5,6,6,6,6,6,6,6,6,6,0,0,3,5,6,6,6,6,6,6,6,6,6,6,6,0,4,6,6,6,6,6,6,6,6,6,6,6,6,6,0,5,6,6,6,6,6,6,6,6,6,6,6,6,6,4,1,6,6,6,6,4,6,6,6,6,6,6,6,6,4,0,5,5,1,0,0,3,6,6,6,6,6,6,6,0,0,0,0,0,0,0,5,6,6,6,6,6,6,5,0,0,0,0,0,0,1,6,6,6,6,6,6,4,0,0,0,0,0,0,0,6,6,6,6,6,6,6,3,0,0,0,0,0,1,3,6,6,6,6,6,6,6,5,1,0,0,0,0,5,6,6,6,6,6,6,6,6,5,1,0,0,0,0,0,1,3,4,4,4,4,4,3,0,0,0,2,"mfeat-pixel","att60",0.9
0,0,0,0,0,1,4,4,4,3,2,0,0,0,0,0,0,0,0,4,6,6,6,6,6,6,6,4,0,0,0,0,0,2,6,6,6,6,6,6,6,6,6,0,0,0,0,0,1,6,6,6,6,6,6,6,6,6,0,-0.1,0,0,0,3,6,6,6,6,6,6,6,6,6,0,0,0,0,3,6,6,6,6,6,6,6,6,6,6,0,0,0,1,6,6,6,6,6,6,6,6,6,6,6,0,0,2,6,6,6,6,6,6,6,6,6,6,6,6,0,0,1,6,6,6,6,6,6,6,6,6,6,6,6,0,0,2,6,6,6,6,6,6,6,6,6,6,6,6,3,0,1,4,6,6,6,6,6,6,6,6,6,6,6,6,3,0,0,0,1,2,5,6,6,6,6,6,6,6,3,0,0,0,0,0,0,0,6,6,6,6,6,6,6,1,0,0,0,0,0,0,5,6,6,6,6,6,6,6,6,2,0,0,0,0,0,2,4,6,6,6,6,6,6,6,2,0,0,0,0,0,0,0,1,4,3,2,2,2,0,0,2,"mfeat-pixel","att60",0.9
0,0,0,0,0,0,0,3,6,6,6,5,4,1,0,0,0,0,1,4,5,6,6,6,6,6,6,6,6,2,0,0,2,5,6,6,6,6,6,6,6,6,6,4,0,0,3,6,6,6,6,6,6,6,6,6,6,6,3,-2.26,0,3,6,6,6,6,6,6,6,6,6,6,6,5,1,0,3,6,6,6,6,6,6,6,6,6,6,6,6,6,1,5,6,6,6,6,6,6,6,6,6,6,6,5,1,6,6,6,6,6,6,6,6,6,6,6,6,6,3,0,6,6,6,6,6,6,4,6,6,6,6,6,6,3,0,1,3,4,4,4,1,0,3,6,6,6,6,6,3,0,0,0,0,0,0,0,2,6,6,6,6,6,6,3,0,0,0,0,0,0,0,0,4,6,6,6,6,6,3,0,0,0,0,0,0,0,0,3,6,6,6,6,6,3,0,0,0,0,0,0,0,0,3,6,6,6,6,6,6,3,0,0,0,0,0,0,0,5,6,6,6,6,6,6,3,0,0,0,0,0,0,0,3,4,4,4,4,4,1,0,2,"mfeat-pixel","att60",0.9
0,0,0,0,0,0,0,0,0,0,3,5,6,6,5,0,0,0,0,0,0,0,0,0,5,6,6,6,6,4,0,0,0,0,0,0,0,1,5,6,6,6,6,6,0,0,0,0,0,0,0,3,6,6,6,6,6,6,6,-2.2,0,0,0,0,0,2,6,6,6,6,6,6,6,6,0,0,0,0,0,1,6,6,6,6,6,6,6,6,6,4,0,1,3,5,6,6,6,5,2,3,6,6,6,6,6,5,6,6,6,6,6,5,1,0,0,6,6,6,6,6,1,5,6,6,6,5,0,0,0,0,6,6,6,6,6,0,0,0,0,0,0,0,0,0,0,5,6,6,6,6,0,0,0,0,0,0,0,0,0,0,0,4,6,6,6,0,0,0,0,0,0,0,0,0,0,0,3,6,6,6,0,0,0,0,0,0,0,0,0,0,0,3,6,6,6,0,0,0,0,0,0,0,0,0,0,1,5,6,6,6,0,0,0,0,0,0,0,0,0,0,6,6,6,6,5,0,0,0,0,0,0,0,0,0,0,3,4,4,4,1,2,"mfeat-pixel","att60",0.9
0,0,0,0,1,2,3,4,4,4,4,4,4,0,0,0,0,0,0,3,6,6,6,6,6,6,6,6,0,0,0,0,0,0,2,6,6,6,6,6,6,6,6,0,0,0,0,0,0,0,4,6,6,6,6,6,6,6,0,0.08,0,0,0,0,3,6,6,6,6,6,6,6,6,1,0,0,0,0,0,3,6,6,6,6,6,6,6,6,2,0,0,0,0,0,3,6,6,6,6,6,6,6,6,0,0,0,0,0,0,4,6,6,6,6,6,6,6,6,0,0,0,2,4,5,6,6,6,6,6,6,6,6,6,0,0,0,4,6,6,6,6,6,6,6,6,6,6,6,0,0,0,5,6,6,6,6,6,6,6,6,6,6,4,0,0,0,0,6,6,6,6,6,6,6,6,6,6,5,0,0,0,0,0,1,5,6,6,6,6,6,6,6,6,0,0,0,0,0,0,3,6,6,6,6,6,6,6,6,0,0,0,0,0,2,6,6,6,6,6,6,6,6,6,0,0,0,0,0,0,3,4,4,4,4,4,4,4,4,0,0,2,"mfeat-pixel","att60",0.9
0,0,0,0,0,0,2,4,5,6,4,3,0,0,0,0,0,0,0,0,5,6,6,6,6,6,6,3,0,0,0,0,0,0,0,6,6,6,6,6,6,6,6,0,0,0,0,0,1,3,6,6,6,6,6,6,6,6,5,2.31,0,1,3,6,6,6,6,6,6,6,6,6,6,6,6,0,6,6,6,6,6,6,6,6,6,6,6,6,6,6,4,6,6,6,6,6,6,6,6,6,6,6,6,6,3,6,6,6,6,6,6,6,6,6,6,6,6,6,6,5,5,6,6,6,6,6,6,6,6,6,6,6,6,6,2,0,3,4,4,3,2,5,6,6,6,6,6,6,6,2,0,0,0,0,0,0,3,6,6,6,6,6,6,6,3,0,0,0,0,0,0,3,6,6,6,6,6,6,6,0,0,0,0,0,0,0,4,6,6,6,6,6,6,5,0,0,0,0,0,0,5,6,6,6,6,6,6,1,0,0,0,0,0,0,0,5,6,6,6,6,6,6,0,0,0,0,0,0,0,0,0,2,4,4,4,4,3,0,0,0,2,"mfeat-pixel","att60",0.9
0,0,0,0,0,3,4,4,5,6,6,6,6,6,2,0,0,0,0,0,6,6,6,6,6,6,6,6,6,1,0,0,0,0,0,6,6,6,6,6,6,6,6,6,0,0,0,0,0,0,6,6,6,6,6,6,6,6,6,-2.08,0,0,0,0,0,5,6,6,6,6,6,6,6,6,0,0,0,0,0,0,0,4,6,6,6,6,6,6,6,0,0,0,0,0,0,3,6,6,6,6,6,6,6,6,0,0,0,0,3,5,6,6,6,6,6,6,6,6,6,0,0,1,3,6,6,6,6,6,6,6,6,6,6,6,3,2,6,6,6,6,6,6,6,3,3,6,6,6,6,3,6,6,6,6,6,3,2,1,0,0,6,6,6,6,3,3,3,2,2,1,0,0,0,0,0,1,6,6,6,4,0,0,0,0,0,0,0,0,0,0,5,6,6,6,6,0,0,0,0,0,0,0,0,0,0,6,6,6,6,6,0,0,0,0,0,0,0,0,0,0,6,6,6,6,6,0,0,0,0,0,0,0,0,0,0,3,4,4,4,3,2,"mfeat-pixel","att60",0.9
5,6,6,6,6,6,6,2,0,0,0,0,0,0,0,6,6,6,6,6,6,6,3,0,0,0,0,0,0,0,3,6,6,6,6,6,6,6,4,1,0,0,0,0,0,1,6,6,6,6,6,6,6,6,3,0,0,0,0,-2.88,2,6,6,6,6,6,6,6,6,5,0,0,0,0,0,0,3,6,6,6,6,6,6,6,6,3,0,0,0,0,0,3,6,6,6,6,6,6,6,6,6,5,0,0,0,0,3,6,6,6,6,6,6,6,6,6,6,3,0,0,0,0,2,5,6,6,6,6,6,6,6,6,6,3,0,0,0,0,3,6,6,6,6,6,6,6,6,6,3,0,0,0,0,0,4,6,6,6,6,6,6,6,6,6,2,1,2,2,4,6,6,6,6,6,6,6,6,6,6,1,6,6,6,6,6,6,6,6,6,6,6,6,6,6,1,1,3,4,4,4,6,6,6,6,6,6,6,6,6,3,0,0,0,0,0,0,2,5,6,6,6,6,6,6,5,0,0,0,0,0,0,0,1,4,4,4,4,4,3,0,2,"mfeat-pixel","att60",0.9
0,0,0,0,3,6,6,6,5,1,0,0,0,0,0,0,0,0,0,6,6,6,6,6,6,5,4,1,0,0,0,0,1,4,6,6,6,6,6,6,6,6,6,0,0,0,3,6,6,6,6,6,3,2,6,6,6,6,5,-0.61,4,6,6,6,6,6,3,0,3,6,6,6,6,3,0,6,6,6,6,6,6,1,0,3,6,6,6,6,3,0,5,6,6,6,6,3,0,0,2,6,6,6,6,6,3,0,2,1,0,0,0,0,0,0,1,6,6,6,6,3,0,0,0,0,0,0,0,0,0,0,6,6,6,6,3,0,0,0,0,0,0,0,0,0,0,6,6,6,6,3,0,0,0,0,0,0,0,0,0,0,6,6,6,6,4,0,0,0,0,0,0,0,0,0,0,6,6,6,6,6,0,0,0,0,0,0,0,0,1,5,6,6,6,6,5,0,0,0,0,0,0,0,0,3,6,6,6,6,6,0,0,0,0,0,0,0,0,0,3,6,6,6,6,6,3,0,0,0,0,0,0,0,0,1,4,4,4,4,4,1,2,"mfeat-pixel","att60",0.9
0,0,0,0,0,0,0,2,4,4,6,5,4,3,0,0,0,0,0,0,3,6,6,6,6,6,6,6,6,0,0,0,0,0,0,6,6,6,6,6,6,6,6,6,0,0,0,0,2,5,6,6,6,6,6,6,6,6,6,-4.05,0,0,5,6,6,6,6,5,4,6,6,6,6,6,0,0,4,6,6,6,6,3,0,0,6,6,6,6,6,0,1,6,6,6,6,5,0,0,0,6,6,6,6,6,0,5,6,6,6,6,3,0,0,0,5,6,6,6,6,0,6,6,6,6,6,1,0,0,0,3,6,6,6,6,1,5,6,6,5,3,0,0,0,0,3,6,6,6,6,3,0,0,0,0,0,0,0,0,0,1,6,6,6,6,3,0,0,0,0,0,0,0,0,0,5,6,6,6,6,3,0,0,0,0,0,0,0,0,0,6,6,6,6,5,0,0,0,0,0,0,0,0,0,1,6,6,6,6,1,0,0,0,0,0,0,0,0,2,6,6,6,6,6,0,0,0,0,0,0,0,0,0,2,4,4,4,4,3,0,0,2,"mfeat-pixel","att60",0.9
0,0,0,0,0,1,4,5,6,5,4,1,0,0,0,0,0,0,1,4,6,6,6,6,6,6,3,0,0,0,0,0,0,2,6,6,6,6,6,6,6,5,2,0,0,0,0,0,0,1,6,6,6,6,6,6,6,6,3,4.33,0,0,0,0,3,6,6,6,6,6,6,6,6,3,0,0,0,0,3,6,6,6,6,6,6,6,6,6,3,0,0,0,0,1,5,6,6,6,6,6,6,6,6,3,0,0,0,0,1,5,6,6,6,6,6,6,6,6,3,0,0,0,2,5,6,6,6,6,6,6,6,6,6,6,0,0,3,6,6,6,6,6,6,6,6,6,6,6,3,0,0,4,6,6,6,6,6,6,6,6,6,6,6,3,0,5,6,6,6,6,6,6,6,6,6,6,6,6,3,0,1,2,2,2,2,5,6,6,6,6,6,6,6,2,0,0,0,0,0,0,3,6,6,6,6,6,4,0,0,0,0,0,0,0,0,3,6,6,6,6,6,3,0,0,0,0,0,0,0,0,2,4,4,4,4,4,2,0,0,0,2,"mfeat-pixel","att60",0.9
0,0,0,0,0,0,3,6,6,6,6,6,6,5,0,0,0,0,0,0,5,6,6,6,6,6,6,3,1,0,0,0,0,0,0,6,6,6,6,6,6,6,0,0,0,0,0,0,0,2,6,6,6,6,6,6,6,2,0,-1.05,0,0,0,0,1,6,6,6,6,6,6,6,5,1,0,0,0,0,1,3,6,6,6,6,6,6,6,6,6,0,3,4,5,6,6,6,6,6,6,6,6,6,6,6,0,3,6,6,6,6,5,4,5,6,6,6,6,6,6,0,0,1,2,2,1,0,0,3,6,6,6,6,6,6,2,0,0,0,0,0,0,0,2,6,6,6,6,6,6,2,0,0,0,0,0,0,0,0,3,6,6,6,6,6,1,0,0,0,0,0,0,0,3,6,6,6,6,6,6,3,0,0,0,0,0,0,0,5,6,6,6,6,6,6,1,0,0,0,0,0,0,0,1,6,6,6,6,6,6,0,0,0,0,0,0,0,0,3,6,6,6,6,6,6,0,0,0,0,0,0,0,0,0,3,4,4,4,4,3,0,2,"mfeat-pixel","att60",0.9
0,0,0,0,1,5,6,6,6,6,6,5,1,0,0,0,0,0,0,5,6,6,6,6,6,6,6,6,2,0,0,0,0,0,0,6,6,6,6,6,6,6,5,1,0,0,0,0,0,0,6,6,6,6,6,6,6,0,0,1.58,0,0,0,3,5,6,6,6,6,6,6,6,0,0,0,0,3,5,6,6,6,6,6,6,6,6,6,5,1,0,0,6,6,6,6,6,6,6,6,6,6,6,6,2,0,4,6,6,6,6,6,6,6,6,6,6,6,4,0,0,4,6,6,6,6,6,6,6,6,6,6,6,6,5,0,0,3,4,4,4,4,6,6,6,6,6,6,6,6,0,0,0,0,0,0,0,1,5,6,6,6,6,6,6,0,0,0,0,0,0,0,0,0,6,6,6,6,6,6,0,0,0,0,0,0,0,0,5,6,6,6,6,6,6,0,0,0,0,0,0,0,0,2,6,6,6,6,6,6,1,0,0,0,0,0,0,0,2,6,6,6,6,6,6,3,0,0,0,0,0,0,0,0,2,4,4,4,4,4,1,2,"mfeat-pixel","att60",0.9
0,0,0,0,0,0,0,1,4,4,4,4,4,4,2,0,0,0,0,0,0,4,6,6,6,6,6,6,6,3,0,0,0,0,2,5,6,6,6,6,6,6,6,6,3,0,0,2,5,6,6,6,6,6,6,6,6,6,6,4.59,0,1,6,6,6,6,6,6,6,6,6,6,6,6,3,2,6,6,6,6,6,6,6,6,6,6,6,6,6,3,0,0,0,0,0,3,6,6,6,6,6,6,6,6,3,0,0,0,0,0,0,6,6,6,6,6,6,6,6,3,0,0,0,0,0,0,6,6,6,6,6,6,6,6,3,0,0,0,0,0,0,6,6,6,6,6,6,6,6,3,0,0,0,0,0,0,6,6,6,6,6,6,6,6,3,0,0,0,0,0,0,6,6,6,6,6,6,6,6,3,0,0,0,0,0,0,6,6,6,6,6,6,6,6,3,0,0,0,0,0,0,6,6,6,6,6,6,6,6,3,0,0,0,0,0,0,0,3,6,6,6,6,6,6,3,0,0,0,0,0,0,0,0,4,4,4,4,4,3,1,2,"mfeat-pixel","att60",0.9
0,0,0,0,0,0,0,3,6,6,5,4,4,3,0,0,0,0,0,0,0,5,6,6,6,6,6,6,6,0,0,0,0,0,1,5,6,6,6,6,6,6,6,5,0,0,0,0,0,4,6,6,6,6,6,6,6,6,4,2.11,0,0,2,6,6,6,6,6,6,6,6,6,6,6,0,0,3,6,6,6,6,6,6,6,6,6,6,6,6,1,5,6,6,6,6,6,6,6,6,6,6,6,6,6,2,3,4,4,4,2,0,4,6,6,6,6,6,6,6,0,0,0,0,0,0,0,1,5,6,6,6,6,6,6,0,0,0,0,0,0,0,0,3,6,6,6,6,6,6,2,0,0,0,0,0,0,0,3,6,6,6,6,6,6,6,0,0,0,0,0,0,0,3,6,6,6,6,6,6,2,0,0,0,0,0,0,0,3,6,6,6,6,6,6,0,0,0,0,0,0,0,0,3,6,6,6,6,6,6,2,0,0,0,0,0,0,0,3,6,6,6,6,6,6,2,0,0,0,0,0,0,0,1,4,4,4,4,4,4,0,2,"mfeat-pixel","att60",0.9
0,0,0,0,0,0,0,2,3,4,4,4,4,0,0,0,0,0,0,0,0,0,6,6,6,6,6,6,1,0,0,0,0,0,0,0,0,6,6,6,6,6,6,6,2,0,0,0,0,0,0,3,6,6,6,6,6,6,6,2.39,0,0,2,3,5,6,6,6,6,6,6,6,6,3,0,0,0,6,6,6,6,6,6,6,6,6,6,6,0,0,0,0,6,6,6,6,6,6,6,6,6,6,6,1,0,0,0,6,6,6,6,6,6,6,6,6,6,6,6,2,1,5,6,6,6,6,6,6,6,6,6,6,6,6,3,3,6,6,6,6,6,6,6,6,6,6,6,6,6,3,2,4,4,4,4,4,6,6,6,6,6,6,6,6,3,0,0,0,0,0,0,1,6,6,6,6,6,6,6,3,0,0,0,0,0,0,0,6,6,6,6,6,6,6,0,0,0,0,0,0,0,0,6,6,6,6,6,6,6,3,0,0,0,0,0,0,0,6,6,6,6,6,6,6,3,0,0,0,0,0,0,0,2,3,4,4,2,2,2,1,2,"mfeat-pixel","att60",0.9
0,0,0,0,1,2,3,4,4,4,4,4,4,1,0,0,0,0,1,5,6,6,6,6,6,6,6,6,5,0,0,0,6,6,6,6,6,6,6,6,6,6,6,0,0,0,0,6,6,6,6,6,6,6,6,6,6,1,0,-1.23,0,0,6,6,6,6,6,6,6,6,6,6,5,0,0,0,0,6,6,6,6,6,6,6,6,6,6,6,0,0,0,0,6,6,6,6,6,6,6,6,6,6,6,0,0,0,1,6,6,6,6,6,6,6,6,6,6,6,0,0,2,6,6,6,6,6,6,6,6,6,6,6,6,1,0,3,6,6,6,6,6,6,6,6,6,6,6,6,6,2,0,2,4,5,6,6,6,6,6,6,6,6,6,6,3,0,0,0,0,4,6,6,6,6,6,6,6,6,6,3,0,0,0,0,3,6,6,6,6,6,6,6,6,6,3,0,0,0,0,3,6,6,6,6,6,6,6,6,6,3,0,0,0,0,3,6,6,6,6,6,6,6,6,6,3,0,0,0,0,2,4,4,4,4,4,4,4,4,3,1,2,"mfeat-pixel","att60",0.9
1,4,6,6,6,3,0,0,0,0,0,0,0,0,0,1,6,6,6,6,6,5,0,0,0,0,0,0,0,0,0,6,6,6,6,6,6,0,0,0,0,0,0,0,0,0,6,6,6,6,6,6,2,0,0,0,0,0,0,2.34,0,6,6,6,6,6,6,6,0,0,0,0,0,0,0,0,4,6,6,6,6,6,6,3,0,0,0,0,0,0,0,3,6,6,6,6,6,6,6,3,0,0,0,0,0,0,2,6,6,6,6,6,6,6,5,0,0,0,0,0,0,0,3,4,6,6,6,6,6,6,3,0,0,0,0,0,0,0,0,0,3,6,6,6,6,5,0,0,0,0,0,0,0,0,0,0,6,6,6,6,6,3,0,0,0,0,0,0,0,0,0,1,6,6,6,6,6,3,0,0,0,0,0,0,0,0,0,2,6,6,6,6,6,0,0,0,0,0,0,0,0,0,0,5,6,6,6,6,1,0,0,0,0,0,0,0,0,0,1,6,6,6,6,6,1,0,0,0,0,0,0,0,0,1,4,4,4,4,4,2,2,"mfeat-pixel","att60",0.9
0,0,0,0,0,0,0,2,3,4,4,4,4,1,0,0,0,0,0,0,1,5,6,6,6,6,6,6,6,0,0,0,0,0,0,3,6,6,6,6,6,6,6,3,0,0,0,0,0,2,6,6,6,6,6,6,6,6,3,2.79,0,0,2,3,6,6,6,6,6,6,6,6,6,3,0,0,3,6,6,6,6,6,6,6,6,6,6,6,5,0,3,6,6,6,6,6,6,6,6,6,6,6,6,6,0,3,6,6,6,6,6,6,6,6,6,6,6,6,6,3,1,4,6,6,6,6,6,6,6,6,6,6,6,6,3,0,0,0,0,0,0,3,6,6,6,6,6,6,6,3,0,0,0,0,0,0,0,6,6,6,6,6,6,6,3,0,0,0,0,0,0,0,6,6,6,6,6,6,6,3,0,0,0,0,0,0,3,6,6,6,6,6,6,6,3,0,0,0,0,0,6,6,6,6,6,6,6,6,6,3,0,0,0,0,0,4,6,6,6,6,6,6,6,5,1,0,0,0,0,0,0,1,4,4,4,4,2,2,0,0,2,"mfeat-pixel","att60",0.9
0,0,0,0,0,0,2,4,5,6,4,3,0,0,0,0,0,0,0,0,5,6,6,6,6,6,6,0,0,0,0,0,0,0,0,6,6,6,6,6,6,6,0,0,0,0,0,0,1,3,6,6,6,6,6,6,6,3,0,1.33,0,0,0,6,6,6,6,6,6,6,6,6,3,0,0,0,0,1,6,6,6,6,6,6,6,6,6,1,0,0,1,5,6,6,6,6,6,6,6,6,6,6,6,5,0,6,6,6,6,6,6,6,6,6,6,6,6,3,1,0,6,6,6,6,6,6,6,6,6,6,6,6,3,1,0,5,6,6,6,6,6,6,6,6,6,6,6,6,6,0,0,0,0,0,1,3,6,6,6,6,6,6,6,6,0,0,0,0,0,0,0,3,6,6,6,6,6,6,6,0,0,0,0,0,0,3,6,6,6,6,6,6,6,6,3,0,0,0,0,0,6,6,6,6,6,6,6,6,6,1,0,0,0,0,0,6,6,6,6,6,6,6,6,6,0,0,0,0,0,0,4,4,4,4,4,4,4,4,3,0,2,"mfeat-pixel","att60",0.9
0,0,0,0,0,0,0,2,4,6,6,4,4,1,0,0,0,0,0,0,0,3,6,6,6,6,6,6,6,3,0,0,0,0,0,0,5,6,6,6,6,6,6,6,6,0,0,0,0,0,0,3,6,6,6,6,6,6,6,4.39,0,0,0,0,0,0,1,6,6,6,6,6,6,6,6,0,0,0,0,0,0,3,6,6,6,6,6,6,6,6,0,0,0,0,0,0,3,6,6,6,6,6,6,6,6,0,0,0,0,3,4,6,6,6,6,6,6,6,6,6,0,0,0,1,6,6,6,6,6,6,6,6,6,6,3,0,3,6,6,6,6,6,6,6,6,6,6,6,3,0,2,6,6,6,6,6,6,6,6,6,6,6,6,3,0,3,6,6,6,6,6,6,6,6,6,6,6,6,3,0,3,4,4,5,6,6,6,6,6,6,6,6,6,3,0,0,0,0,0,6,6,6,6,6,6,6,6,6,3,0,0,0,0,0,6,6,6,6,6,6,6,6,6,5,0,0,0,0,0,3,4,4,4,4,4,4,4,4,3,0,2,"mfeat-pixel","att60",0.9
0,0,0,0,0,0,0,2,3,4,4,2,2,0,0,0,0,0,0,1,2,5,6,6,6,6,6,6,6,2,0,0,0,0,3,6,6,6,6,6,6,6,6,6,3,0,0,0,0,0,6,6,6,6,6,6,6,6,6,6.54,0,0,0,0,3,6,6,6,6,6,6,6,6,6,0,0,0,0,0,4,6,6,6,6,6,6,6,6,6,3,0,0,4,5,6,6,6,6,6,6,6,6,6,6,3,0,1,6,6,6,6,6,6,6,6,6,6,6,6,2,2,6,6,6,6,6,6,6,6,6,6,5,4,1,0,3,6,6,6,6,6,6,6,6,6,4,0,0,0,0,3,6,6,6,6,6,6,6,6,6,3,0,0,0,0,1,5,6,6,6,6,6,6,6,6,6,3,0,0,0,0,0,6,6,6,6,6,6,6,6,5,1,0,0,0,0,0,6,6,6,6,6,6,6,6,3,0,0,0,0,0,0,6,6,6,6,6,6,6,6,3,0,0,0,0,0,0,2,2,4,4,4,4,3,2,1,0,0,0,0,2,"mfeat-pixel","att60",0.9
0,0,0,0,0,0,2,6,6,6,6,6,6,5,3,0,0,0,0,0,0,3,6,6,6,6,6,6,6,6,0,0,0,0,0,0,3,6,6,6,6,6,6,6,6,0,0,2,2,2,2,5,6,6,6,6,6,6,6,3.45,0,3,6,6,6,6,6,6,6,6,6,6,6,4,0,3,6,6,6,6,6,6,6,6,6,6,6,6,3,0,3,5,6,6,6,6,6,6,6,6,6,6,6,3,0,0,0,0,1,3,4,6,6,6,6,6,6,6,3,0,0,0,0,0,0,0,3,6,6,6,6,6,6,4,0,0,0,0,0,0,0,3,6,6,6,6,6,6,6,0,0,0,0,0,0,0,4,6,6,6,6,6,6,6,3,0,0,0,0,0,6,6,6,6,6,6,6,6,6,3,0,0,0,0,0,0,4,6,6,6,6,6,6,6,2,0,0,0,0,0,0,3,6,6,6,6,6,6,6,3,0,0,0,0,0,0,0,2,4,6,6,6,6,6,6,0,0,0,0,0,0,0,0,0,0,1,4,4,4,3,2,"mfeat-pixel","att60",0.9
0,0,0,0,4,4,4,4,4,4,4,4,4,4,2,0,0,2,5,6,6,6,6,6,6,6,6,6,3,0,0,0,6,6,6,6,6,6,6,6,6,6,6,3,0,0,1,6,6,6,6,6,6,6,6,6,6,6,6,-1.13,0,6,6,6,6,6,6,6,6,6,6,6,6,3,0,2,6,6,6,6,6,6,6,6,6,6,6,6,1,0,3,6,6,6,6,6,6,6,6,6,6,6,6,0,0,1,4,6,6,6,6,6,6,6,6,6,6,6,0,0,0,0,0,1,2,5,6,6,6,6,6,6,6,3,0,0,0,0,0,0,0,2,5,6,6,6,6,6,3,0,0,0,0,0,0,0,0,1,6,6,6,6,6,1,0,0,0,0,0,0,0,0,2,6,6,6,6,6,6,2,0,0,0,0,0,0,0,0,6,6,6,6,6,6,3,0,0,0,0,0,0,0,0,6,6,6,6,6,6,3,0,0,0,0,0,0,0,0,2,5,6,6,6,6,2,0,0,0,0,0,0,0,0,0,0,2,3,4,1,0,2,"mfeat-pixel","att60",0.9
0,0,0,0,0,0,0,3,6,6,6,5,4,3,0,0,0,0,0,0,0,5,6,6,6,6,6,6,4,0,0,0,0,0,0,2,6,6,6,6,6,6,6,5,1,0,0,0,0,0,3,6,6,6,6,6,6,6,6,4.76,0,0,0,1,4,6,6,6,6,6,6,6,6,6,6,0,0,0,3,6,6,6,6,6,6,6,6,6,6,5,0,0,0,3,6,6,6,6,6,6,6,6,6,6,1,0,0,2,5,6,6,6,6,6,6,6,6,6,6,6,0,3,6,6,6,6,6,6,6,6,6,6,6,6,6,0,4,6,6,6,6,6,6,6,6,6,6,6,6,6,0,5,6,6,6,5,4,6,6,6,6,6,6,6,5,0,0,0,0,0,0,0,3,6,6,6,6,6,4,0,0,0,0,0,0,0,2,5,6,6,6,6,6,6,0,0,0,0,0,0,3,6,6,6,6,6,6,6,6,2,0,0,0,0,0,3,6,6,6,6,6,6,6,4,0,0,0,0,0,0,2,4,4,4,4,4,4,4,2,0,2,"mfeat-pixel","att60",0.9
0,0,0,0,1,3,4,5,6,4,6,2,0,0,0,0,0,0,2,6,6,6,6,6,6,6,3,0,0,0,0,1,4,6,6,6,6,6,6,6,6,6,3,0,0,0,6,6,6,6,6,6,6,6,6,6,6,6,0,1.06,4,6,6,6,6,6,6,6,6,6,6,6,6,0,0,3,4,6,6,6,4,4,6,6,6,6,6,6,2,0,0,0,0,0,0,0,0,3,6,6,6,6,6,3,0,0,0,0,0,0,0,0,3,6,6,6,6,6,5,0,0,0,0,0,0,0,0,0,3,6,6,6,6,6,0,0,0,0,0,0,0,0,0,1,6,6,6,6,6,0,0,0,0,0,0,0,0,0,2,6,6,6,6,6,0,0,0,0,0,0,0,0,0,0,6,6,6,6,6,0,0,0,0,0,0,0,0,0,3,6,6,6,6,6,0,0,0,0,0,0,0,0,0,0,6,6,6,6,6,2,0,0,0,0,0,0,0,0,3,6,6,6,6,6,6,0,0,0,0,0,0,0,0,0,3,4,4,4,4,3,2,"mfeat-pixel","att60",0.9
0,0,0,0,0,4,4,5,6,5,4,4,4,1,0,0,0,0,0,0,4,6,6,6,6,6,6,6,3,0,0,0,0,0,0,3,6,6,6,6,6,6,6,3,0,0,0,0,0,0,3,6,6,6,6,6,6,6,4,-0.5,0,0,0,0,0,3,6,6,6,6,6,6,6,5,0,0,0,0,0,3,6,6,6,6,6,6,6,6,2,0,0,0,0,1,6,6,6,6,6,6,6,6,5,0,0,0,0,0,4,6,6,6,6,6,6,6,4,0,0,0,0,3,6,6,6,6,6,6,6,6,6,5,2,0,0,2,6,6,6,6,6,6,6,6,6,6,6,6,3,0,0,1,4,4,4,6,6,6,6,6,6,6,6,3,0,0,0,0,0,0,3,6,6,6,6,6,6,6,3,0,0,0,0,0,0,4,6,6,6,6,6,6,6,3,0,0,0,0,0,2,6,6,6,6,6,6,6,6,5,0,0,0,0,0,0,3,6,6,6,6,6,6,6,4,0,0,0,0,0,0,1,4,4,4,4,4,4,4,1,0,2,"mfeat-pixel","att60",0.9
0,0,0,1,4,5,6,6,6,5,4,1,0,0,0,0,0,0,3,6,6,6,6,6,6,6,3,0,0,0,0,0,0,3,6,6,6,6,6,6,6,3,0,0,0,0,1,4,6,6,6,6,6,6,6,6,6,2,0,-0.75,0,3,6,6,6,6,6,6,6,6,6,4,0,0,0,0,4,6,6,6,6,6,6,6,6,6,3,0,0,0,5,6,6,6,6,6,6,6,6,6,6,4,0,0,0,3,6,6,6,6,6,6,6,6,6,6,6,6,2,0,0,0,2,2,2,5,6,6,6,6,6,6,6,3,0,0,0,0,0,0,2,6,6,6,6,6,6,6,4,0,0,0,0,0,0,0,0,4,6,6,6,6,6,6,5,0,0,0,0,0,0,0,3,6,6,6,6,6,6,6,0,0,0,0,0,0,0,4,6,6,6,6,6,6,6,0,0,0,0,0,2,6,6,6,6,6,6,6,6,6,0,0,0,0,0,0,2,5,6,6,6,6,6,5,1,0,0,0,0,0,0,0,1,4,4,4,4,4,2,0,2,"mfeat-pixel","att60",0.9
0,0,0,0,0,0,5,6,6,6,6,6,5,3,0,0,0,0,0,2,5,6,6,6,6,6,6,6,6,4,0,0,3,6,6,6,6,6,6,6,6,6,6,6,5,1,5,6,6,6,6,6,6,6,6,6,6,6,6,1.23,5,6,6,6,6,6,6,6,6,6,6,6,6,6,4,6,6,6,6,6,5,3,1,1,6,6,6,6,6,6,3,3,2,2,1,0,0,0,1,6,6,6,6,6,6,0,0,0,0,0,0,0,2,6,6,6,6,6,6,2,0,0,0,0,0,0,0,1,5,6,6,6,6,6,0,0,0,0,0,0,0,0,0,4,6,6,6,6,6,0,0,0,0,0,0,0,0,4,6,6,6,6,6,5,0,0,0,0,0,0,0,5,6,6,6,6,6,4,0,0,0,0,0,0,0,0,3,6,6,6,6,6,3,0,0,0,0,0,0,0,0,0,4,6,6,6,6,3,0,0,0,0,0,0,0,0,5,6,6,6,6,6,3,0,0,0,0,0,0,0,0,3,4,4,4,4,4,1,0,0,2,"mfeat-pixel","att60",0.9
0,0,0,0,0,0,0,2,4,6,6,6,6,6,3,0,0,0,0,2,4,6,6,6,6,6,6,6,6,5,0,0,3,6,6,6,6,6,6,6,6,6,6,6,1,2,6,6,6,6,6,6,6,6,6,6,6,6,6,2.25,1,5,6,6,6,6,6,6,6,6,6,6,6,5,0,0,0,0,0,0,1,6,6,6,6,6,6,6,0,0,0,0,0,0,0,0,5,6,6,6,6,6,6,5,0,0,0,0,0,0,0,0,6,6,6,6,6,6,5,0,0,0,0,0,0,0,5,6,6,6,6,6,4,0,0,0,0,0,0,0,0,6,6,6,6,6,6,3,0,0,0,0,0,0,0,0,6,6,6,6,6,6,3,0,0,0,0,0,0,0,0,6,6,6,6,6,6,3,0,0,0,0,0,0,0,2,6,6,6,6,6,6,3,0,0,0,0,0,0,0,3,6,6,6,6,6,6,3,0,0,0,0,0,0,2,6,6,6,6,6,6,6,2,0,0,0,0,0,0,1,4,4,4,4,4,2,0,0,0,0,2,"mfeat-pixel","att60",0.9
0,0,0,0,0,0,0,0,2,4,6,6,6,5,1,0,0,0,0,0,0,2,6,6,6,6,6,6,6,2,0,0,0,0,0,2,5,6,6,6,6,6,6,6,0,0,0,0,5,6,6,6,6,6,6,6,6,6,5,-1.84,0,0,0,6,6,6,6,6,6,6,6,6,6,0,0,0,1,3,6,6,6,6,6,6,6,6,6,6,5,0,3,6,6,6,6,6,6,6,6,6,6,6,5,3,0,6,6,6,6,6,6,6,6,6,6,6,6,0,0,0,2,6,6,6,6,6,6,6,6,6,6,6,3,0,0,0,1,3,6,6,6,6,6,6,6,6,6,3,0,0,0,0,0,6,6,6,6,6,6,6,6,6,0,0,0,0,0,0,1,3,6,6,6,6,6,6,6,0,0,0,0,0,0,0,0,6,6,6,6,6,6,6,0,0,0,0,0,0,3,5,6,6,6,6,6,6,6,0,0,0,0,0,0,3,5,6,6,6,6,6,6,5,0,0,0,0,0,0,0,0,3,4,4,4,3,1,0,0,0,0,2,"mfeat-pixel","att60",0.9
0,0,0,0,0,0,2,4,5,6,0,0,0,0,0,0,0,0,0,5,6,6,6,6,6,3,2,2,0,0,0,0,0,0,6,6,6,6,6,6,6,6,6,3,0,0,0,0,0,6,6,6,6,6,6,6,6,6,3,-1.49,0,0,0,0,6,6,6,6,6,6,6,6,6,3,0,0,0,0,1,6,6,6,6,6,6,6,6,6,3,0,0,2,6,6,6,6,6,6,6,6,6,6,6,3,0,1,5,6,6,6,6,6,6,6,6,6,6,6,3,0,1,4,6,6,6,6,6,6,6,6,6,6,4,0,0,0,0,0,1,6,6,6,6,6,6,6,6,6,2,0,0,0,0,0,3,6,6,6,6,6,6,6,6,3,0,0,0,0,0,3,6,6,6,6,6,6,6,6,3,0,0,0,0,0,6,6,6,6,6,6,6,6,6,3,0,0,0,0,0,6,6,6,6,6,6,6,6,6,3,0,0,0,0,0,6,6,6,6,6,6,6,6,6,3,0,0,0,0,0,4,4,4,4,4,4,4,4,4,1,0,2,"mfeat-pixel","att60",0.9
0,0,0,1,4,5,6,6,6,6,6,5,0,0,0,0,0,0,1,6,6,6,6,6,6,6,6,1,0,0,0,0,0,2,6,6,6,6,6,6,6,6,6,2,0,0,0,0,3,6,6,6,6,6,6,6,6,6,3,2.55,0,0,0,3,6,6,6,6,6,6,6,6,6,3,0,0,0,0,3,6,6,6,6,6,6,6,6,6,3,0,0,0,2,5,6,6,6,6,6,6,6,6,6,3,0,0,3,6,6,6,6,6,6,6,6,6,6,4,2,0,0,3,6,6,6,6,6,6,6,6,6,3,0,0,0,2,6,6,6,6,6,6,6,6,6,6,3,0,0,0,0,2,4,6,6,6,6,6,6,6,6,3,0,0,0,0,0,0,3,6,6,6,6,6,6,6,5,2,0,0,0,0,0,3,6,6,6,6,6,6,6,6,6,3,0,0,0,0,0,3,6,6,6,6,6,6,6,6,3,0,0,0,0,0,2,6,6,6,6,6,6,6,6,3,0,0,0,0,0,0,3,4,4,4,4,4,4,4,1,0,2,"mfeat-pixel","att60",0.9
0,0,1,5,6,6,5,4,2,0,0,0,0,0,0,1,5,6,6,6,6,6,6,6,5,0,0,0,0,0,6,6,6,6,6,6,6,6,6,6,3,1,0,0,0,6,6,6,6,6,6,6,6,6,6,6,6,0,0,0.9,6,6,6,6,6,6,6,6,6,6,6,6,0,0,0,6,6,6,6,6,6,6,6,6,6,6,6,0,0,0,1,5,6,6,6,6,6,6,6,6,6,6,1,0,0,0,0,0,0,0,2,5,6,6,6,6,6,6,5,0,0,0,0,0,0,0,3,6,6,6,6,6,6,6,0,0,0,0,0,0,0,1,4,6,6,6,6,6,6,0,0,0,0,0,0,0,0,0,3,6,6,6,6,6,0,0,0,0,0,0,0,0,0,3,6,6,6,6,6,1,0,0,0,0,0,0,0,0,3,6,6,6,6,6,3,0,0,0,0,0,0,0,0,3,6,6,6,6,6,4,0,0,0,0,0,0,0,0,2,6,6,6,6,6,6,0,0,0,0,0,0,0,0,0,1,4,4,4,4,4,2,"mfeat-pixel","att60",0.9
0,0,0,0,0,0,0,1,4,5,6,5,4,1,0,0,0,0,0,0,0,0,3,6,6,6,6,6,3,0,0,0,0,0,0,0,0,4,6,6,6,6,6,3,0,0,0,0,0,0,2,6,6,6,6,6,6,6,4,-1.36,0,0,0,0,0,3,6,6,6,6,6,6,6,6,5,0,0,0,0,0,2,6,6,6,6,6,6,6,6,6,0,0,0,0,0,0,3,6,6,6,6,6,6,6,6,0,0,0,1,4,5,6,6,6,6,6,6,6,5,1,0,1,2,5,6,6,6,6,6,6,6,6,6,3,0,0,6,6,6,6,5,4,6,6,6,6,6,6,3,0,0,0,0,0,0,0,0,3,6,6,6,6,6,3,0,0,0,0,0,0,0,0,3,6,6,6,6,6,3,0,0,0,0,0,0,0,0,3,6,6,6,6,6,3,0,0,0,0,0,0,0,0,2,6,6,6,6,6,4,0,0,0,0,0,0,0,0,0,0,4,6,6,6,6,3,0,0,0,0,0,0,0,0,0,2,4,4,4,3,0,2,"mfeat-pixel","att60",0.9
0,0,0,0,0,0,0,0,3,5,6,6,6,2,0,0,0,0,0,0,0,0,1,6,6,6,6,6,6,2,0,0,0,0,0,0,0,3,6,6,6,6,6,4,0,0,0,0,0,0,0,0,4,6,6,6,6,6,3,0,0,0,0,0,2,4,6,6,6,6,6,6,6,3,0,0,0,0,3,6,6,6,6,6,6,6,5,2,0,0,0,0,0,6,6,6,6,6,6,6,6,5,1,0,0,0,1,5,6,6,6,6,6,6,6,6,5,1,0,0,0,3,6,6,6,6,6,6,6,6,6,3,0,0,0,0,5,6,6,6,6,6,6,6,6,6,3,0,0,0,0,0,2,3,6,6,6,6,6,6,6,3,0,0,0,0,0,0,1,6,6,6,6,6,6,6,1,0,0,0,0,0,0,3,6,6,6,6,6,6,6,3,0,0,0,0,0,0,3,6,6,6,6,6,6,6,6,2,0,0,0,0,2,5,6,6,6,5,4,4,4,1,0,0,0,0,2,4,4,4,2,0,0,0,0,0,0,0,0,0,2,"mfeat-pixel","att60",0.9
0,0,0,0,0,0,2,4,4,4,6,5,0,0,0,0,0,0,0,1,5,6,6,6,6,6,6,3,0,0,0,0,0,5,6,6,6,6,6,6,6,6,6,2,0,1,4,5,6,6,6,6,6,6,6,6,6,6,2,-1.25,5,6,6,6,6,6,6,6,6,6,6,6,5,0,0,2,6,6,6,6,6,6,6,6,6,6,6,5,0,0,0,0,0,0,0,0,2,5,6,6,6,6,6,1,0,0,0,0,0,0,0,0,1,6,6,6,6,5,1,0,0,0,0,0,0,0,0,1,5,6,6,6,0,0,0,0,0,0,0,0,0,0,0,3,6,6,6,1,0,0,0,0,0,0,0,0,0,0,3,6,6,6,6,5,0,0,0,0,0,0,0,0,0,3,6,6,6,6,6,0,0,0,0,0,0,0,0,1,5,6,6,6,6,6,0,0,0,0,0,0,0,0,1,6,6,6,6,6,6,1,0,0,0,0,0,0,0,2,6,6,6,6,6,6,3,0,0,0,0,0,0,0,0,2,4,4,4,4,3,0,2,"mfeat-pixel","att60",0.9
0,0,0,0,0,2,2,2,2,2,3,4,4,3,1,0,0,0,0,2,6,6,6,6,6,6,6,6,6,3,0,0,0,0,2,6,6,6,6,6,6,6,6,6,3,0,0,0,0,0,5,6,6,6,6,6,6,6,6,0.34,0,0,0,0,0,5,6,6,6,6,6,6,6,6,3,0,0,0,0,0,6,6,6,6,6,6,6,6,6,3,0,0,0,0,0,6,6,6,6,6,6,6,6,6,0,0,0,0,0,0,6,6,6,6,6,6,6,6,6,3,0,1,2,2,5,6,6,6,6,6,6,6,6,6,3,3,6,6,6,6,6,6,6,6,6,6,6,6,4,0,0,2,4,4,4,4,4,6,6,6,6,6,6,5,1,0,0,0,0,0,0,0,1,6,6,6,6,6,6,3,0,0,0,0,0,0,0,0,1,6,6,6,6,6,3,0,0,0,0,0,0,0,1,5,6,6,6,6,6,3,0,0,0,0,0,4,4,6,6,6,6,6,6,6,2,0,0,0,0,0,2,2,3,4,4,4,4,4,1,0,2,"mfeat-pixel","att60",0.9
0,0,1,4,5,5,4,2,0,0,0,0,0,0,0,3,4,6,6,6,6,6,6,5,1,0,0,0,0,0,6,6,5,2,3,6,6,6,6,5,0,0,0,0,0,6,6,0,0,0,1,5,6,6,6,3,0,0,0,1.02,6,6,1,0,0,0,2,6,6,6,6,3,0,0,0,6,6,5,0,0,0,0,3,6,6,6,6,3,0,0,1,4,3,0,0,0,0,0,6,6,6,6,2,0,0,0,0,0,0,0,0,0,3,6,6,6,6,0,0,0,0,0,0,0,0,0,1,6,6,6,6,3,0,0,0,0,0,0,0,0,0,4,6,6,5,1,0,0,0,0,0,0,0,0,0,3,6,6,6,3,0,0,0,0,0,0,0,0,0,2,6,6,6,5,0,0,0,0,0,0,0,0,0,1,6,6,6,6,1,0,0,0,0,0,0,0,0,0,3,6,6,6,6,3,3,4,4,4,6,5,0,0,0,3,6,6,6,6,6,6,6,6,6,6,5,0,0,0,1,4,4,4,4,4,4,4,4,4,4,1,3,"mfeat-pixel","att60",0.9
1,4,6,6,6,6,6,6,6,6,6,3,0,0,0,6,6,6,6,6,6,6,6,6,6,6,6,5,0,0,3,4,4,4,4,4,2,0,6,6,6,6,2,0,0,0,0,0,0,0,0,0,2,6,6,6,6,0,0,0.97,0,0,0,0,0,0,1,6,6,6,6,3,0,0,0,0,0,0,0,0,0,5,6,6,6,3,0,0,0,0,0,0,0,0,0,4,6,6,6,2,0,0,0,0,0,0,0,0,1,5,6,6,6,4,0,0,0,0,0,0,0,0,0,6,6,6,6,4,0,0,0,0,0,0,0,0,0,1,6,6,6,5,0,0,0,0,0,0,0,0,0,0,5,6,6,6,1,0,0,0,0,0,2,2,0,0,0,6,6,6,6,0,0,0,0,0,5,6,6,5,0,0,6,6,6,6,4,0,0,0,0,2,6,6,6,0,0,4,6,6,6,6,2,0,0,0,3,6,6,6,0,0,0,5,6,6,6,6,4,4,5,6,6,6,6,0,0,0,0,2,4,4,4,4,4,4,4,4,4,3,3,"mfeat-pixel","att60",0.9
0,0,0,0,3,6,6,6,6,3,1,0,0,0,0,0,0,1,5,6,6,5,5,6,6,6,3,0,0,0,0,0,6,6,6,3,0,0,4,6,6,6,2,0,0,0,3,6,6,6,0,0,0,0,5,6,6,6,0,0.44,3,6,6,6,6,0,0,0,0,1,6,6,6,4,0,5,6,6,6,2,0,0,0,0,0,6,6,6,6,0,5,6,6,5,0,0,0,0,0,1,6,6,6,4,0,1,4,3,0,0,0,0,0,3,6,6,6,6,2,0,0,0,0,0,0,0,1,5,6,6,6,5,1,0,0,0,0,0,0,1,5,6,6,6,6,3,0,0,0,0,0,0,0,2,6,6,6,6,3,1,0,0,0,0,0,0,0,1,6,6,6,6,5,0,0,0,0,0,0,0,0,0,3,6,6,6,6,1,0,0,0,0,0,0,0,0,0,2,6,6,6,6,3,2,4,4,4,4,3,0,0,0,2,6,6,6,6,6,6,6,6,6,6,6,3,0,0,0,3,4,4,4,4,4,4,3,2,3,3,0,3,"mfeat-pixel","att60",0.9
0,0,3,6,6,6,6,6,6,6,6,6,5,3,0,1,5,6,6,6,6,6,6,6,6,6,6,6,6,4,5,6,6,6,6,4,4,6,6,6,6,6,6,6,5,6,6,6,6,1,0,0,1,6,6,6,6,6,6,0.81,5,6,6,5,0,0,0,0,6,6,6,6,6,6,0,0,2,1,0,0,0,0,4,6,6,6,6,6,6,0,0,0,0,0,0,0,1,6,6,6,6,6,6,5,0,0,0,0,0,0,3,6,6,6,6,6,6,4,0,0,0,0,0,3,5,6,6,6,6,6,6,5,1,0,0,0,1,5,6,6,6,6,6,6,5,3,0,0,0,0,0,6,6,6,6,6,6,5,1,0,0,0,0,0,0,2,6,6,6,6,6,6,1,0,0,0,0,0,0,0,6,6,6,6,6,6,6,0,0,0,0,0,0,0,0,6,6,6,6,6,6,6,3,0,1,2,0,0,0,0,6,6,6,6,6,6,6,6,6,6,6,6,2,0,0,3,4,4,4,4,4,4,4,4,4,4,4,1,0,0,3,"mfeat-pixel","att60",0.9
0,0,1,3,6,6,6,6,5,4,3,0,0,0,0,0,5,6,6,6,6,6,6,6,6,6,0,0,0,0,2,6,6,6,6,5,2,5,6,6,6,3,0,0,0,5,6,6,6,6,3,0,3,6,6,6,4,0,0,2.1,1,5,6,6,4,1,0,4,6,6,6,6,0,0,0,0,0,0,0,0,0,2,6,6,6,6,6,0,0,0,0,0,0,0,3,4,6,6,6,6,5,1,0,0,0,0,0,0,4,6,6,6,6,6,3,0,0,0,0,0,0,0,3,6,6,6,6,5,1,0,0,0,0,0,0,0,5,6,6,6,6,4,0,0,0,0,0,0,0,0,1,6,6,6,6,5,0,0,0,0,0,0,0,0,0,5,6,6,6,6,3,0,0,0,0,0,0,0,0,0,4,6,6,6,6,3,0,0,0,0,0,5,5,1,0,0,6,6,6,6,6,4,3,3,4,5,6,6,6,2,0,2,6,6,6,6,6,6,6,6,6,6,6,5,1,0,0,3,4,4,4,4,4,4,4,4,3,1,0,0,3,"mfeat-pixel","att60",0.9
0,3,4,4,4,4,4,4,6,5,1,0,0,0,0,5,6,6,6,6,6,6,6,6,6,6,3,0,0,0,6,6,6,6,5,4,5,6,6,6,6,6,2,0,0,6,6,6,6,0,0,0,6,6,6,6,3,0,0,1.67,5,6,6,5,0,0,0,6,6,6,6,3,0,0,0,0,2,1,0,0,0,0,6,6,6,6,3,0,0,0,0,0,0,0,0,1,5,6,6,6,6,1,0,0,0,0,0,0,0,0,3,6,6,6,6,3,0,0,0,0,0,0,0,0,1,6,6,6,6,5,0,0,0,0,0,0,0,0,1,5,6,6,6,6,3,0,0,0,0,0,0,0,3,6,6,6,6,3,2,0,0,0,0,0,0,0,0,6,6,6,6,6,0,0,0,0,0,0,0,0,0,1,6,6,6,6,6,0,0,0,0,0,0,0,0,3,6,6,6,6,6,6,1,0,2,2,0,0,0,0,5,6,6,6,6,6,6,6,6,6,6,6,6,5,1,0,3,4,4,4,4,4,4,4,4,4,4,4,4,2,3,"mfeat-pixel","att60",0.9
0,0,0,3,6,6,6,6,6,6,6,6,3,0,0,0,0,5,6,6,6,6,6,6,6,6,6,6,3,0,0,4,6,6,6,6,3,2,0,6,6,6,6,3,0,0,3,6,6,6,5,0,0,1,6,6,6,6,3,-0.03,0,0,1,3,3,0,0,0,3,6,6,6,6,3,0,0,0,0,0,0,0,0,0,3,6,6,6,6,2,0,0,0,0,0,0,0,0,0,5,6,6,6,3,0,0,0,0,0,0,0,0,1,4,6,6,6,4,0,0,0,0,0,0,0,0,3,6,6,6,6,5,0,0,0,0,0,0,0,0,3,6,6,6,5,3,0,0,0,0,0,0,0,0,3,6,6,6,4,0,0,0,0,0,0,0,0,0,2,6,6,6,5,0,0,0,0,0,0,0,0,1,4,6,6,6,5,0,0,0,0,0,0,0,0,0,6,6,6,6,6,4,0,2,2,0,2,2,2,0,0,5,6,6,6,6,6,6,6,6,6,6,6,6,6,3,0,3,4,4,4,4,4,4,4,4,4,4,4,4,3,3,"mfeat-pixel","att60",0.9
0,0,0,0,0,2,4,6,4,4,1,0,0,0,0,0,0,0,3,6,6,6,6,6,6,6,3,0,0,0,0,0,3,6,6,6,6,6,6,6,6,6,0,0,0,0,0,6,6,6,3,0,1,6,6,6,6,0,0,0.77,0,0,1,4,1,0,0,0,3,6,6,6,0,0,0,0,0,0,0,0,0,0,0,3,6,6,6,0,0,0,0,0,0,0,0,0,0,0,5,6,6,6,0,0,0,0,0,0,0,0,0,0,3,6,6,6,4,0,0,0,0,0,0,0,0,1,5,6,6,4,3,0,0,0,0,0,0,0,0,3,6,6,6,3,0,0,0,0,0,0,0,0,0,2,6,6,6,6,2,0,0,0,0,0,0,0,0,3,6,6,6,5,1,0,0,0,0,0,0,0,0,4,6,6,6,6,0,0,0,1,1,0,0,0,0,3,6,6,6,6,6,6,6,6,6,6,6,4,2,0,5,6,6,6,6,6,6,6,6,6,6,6,6,6,3,0,3,4,4,4,4,4,4,4,4,4,4,4,4,1,3,"mfeat-pixel","att60",0.9
0,0,0,1,2,2,4,5,6,4,4,3,2,0,0,0,1,5,6,6,6,6,6,6,6,6,6,6,5,0,0,4,6,6,6,6,6,6,6,6,6,6,6,6,3,2,6,6,6,6,6,6,4,2,3,6,6,6,6,4.68,1,5,6,6,6,6,1,0,0,1,6,6,6,6,6,0,0,1,2,2,1,0,0,0,5,6,6,6,6,5,0,0,0,0,0,0,0,0,4,6,6,6,6,6,1,0,0,0,0,0,0,1,5,6,6,6,6,6,2,0,0,0,0,0,0,2,6,6,6,6,6,5,1,0,0,0,0,0,0,1,6,6,6,6,6,3,0,0,0,0,0,0,0,3,6,6,6,6,6,4,0,0,0,0,0,0,1,5,6,6,6,6,6,3,0,0,0,0,0,0,0,6,6,6,6,6,6,2,0,0,0,0,0,0,0,2,6,6,6,6,6,6,1,0,0,0,0,0,0,0,3,6,6,6,6,6,6,6,5,1,0,0,0,0,0,1,4,4,4,4,4,4,4,4,1,0,0,0,0,0,3,"mfeat-pixel","att60",0.9
0,0,1,3,6,6,5,4,2,0,0,0,0,0,0,0,2,6,6,6,6,6,6,6,6,6,3,0,0,0,1,5,6,6,6,6,3,3,6,6,6,6,0,0,0,3,6,6,6,5,1,0,0,0,2,5,6,3,2,2.99,3,6,6,6,1,0,0,0,0,0,0,6,6,6,3,3,6,6,6,6,2,0,0,0,0,0,6,6,4,0,3,6,6,5,4,1,0,0,0,1,5,6,4,0,0,1,4,3,0,0,0,0,0,1,5,6,6,0,0,0,0,0,0,0,0,0,0,3,6,6,4,3,0,0,0,0,0,0,0,0,1,5,6,4,1,0,0,0,0,0,0,0,0,1,3,6,5,1,0,0,0,0,0,0,0,0,1,5,6,6,5,0,0,0,0,0,0,0,0,0,1,5,6,6,4,0,0,0,0,0,0,0,0,0,0,5,6,6,6,4,0,0,2,4,5,6,4,3,0,0,4,6,6,6,6,6,6,6,6,6,6,6,5,0,0,0,3,4,4,4,4,4,4,4,4,4,3,0,0,0,3,"mfeat-pixel","att60",0.9
0,0,0,0,0,2,4,5,5,5,6,3,0,0,0,0,0,1,5,6,6,6,6,6,6,6,6,5,1,0,0,0,5,6,6,6,6,5,2,5,6,6,6,5,0,0,4,6,6,6,6,3,0,0,3,6,6,6,6,2.14,0,6,6,6,6,4,0,0,0,3,6,6,6,6,3,0,6,6,6,6,0,0,0,0,3,6,6,6,6,3,0,3,6,6,3,0,0,0,0,5,6,6,6,6,0,0,0,1,1,0,0,0,0,3,6,6,6,6,2,0,0,0,0,0,0,0,0,1,6,6,6,6,4,0,0,0,0,0,0,0,1,4,6,6,6,6,4,0,0,0,0,0,0,1,4,6,6,6,6,6,3,0,0,0,0,0,0,1,6,6,6,6,6,3,1,0,0,0,0,0,0,1,5,6,6,6,6,1,0,0,0,0,0,0,0,0,5,6,6,6,6,6,5,2,2,2,2,0,0,0,2,6,6,6,6,6,6,6,6,6,6,6,5,0,0,0,3,4,4,4,4,4,4,4,4,4,4,3,0,0,3,"mfeat-pixel","att60",0.9
0,1,5,6,6,6,6,4,4,1,0,0,0,0,0,0,5,6,6,6,6,6,6,6,6,2,0,0,0,0,1,6,6,6,6,6,6,6,6,6,6,1,0,0,0,5,6,6,6,6,5,5,6,6,6,6,3,0,0,1.8,1,4,4,4,3,0,0,6,6,6,6,3,0,0,0,0,0,0,0,0,0,0,6,6,6,6,3,0,0,0,0,0,0,0,0,0,0,6,6,6,6,3,0,0,0,0,0,0,0,0,0,3,6,6,6,5,0,0,0,0,0,0,0,0,0,3,6,6,6,6,3,0,0,0,0,0,0,0,0,1,6,6,6,6,5,0,0,0,0,0,0,0,0,0,3,6,6,6,6,3,0,0,0,0,0,0,0,0,1,6,6,6,6,3,0,0,0,0,0,0,0,0,0,3,6,6,6,6,0,0,0,0,0,0,0,0,0,0,3,6,6,6,6,3,2,2,2,2,0,0,0,0,0,3,6,6,6,6,6,6,6,6,6,6,5,0,0,0,1,4,4,4,4,4,4,4,4,4,4,3,3,"mfeat-pixel","att60",0.9
0,1,5,6,6,6,5,1,0,0,0,0,0,0,0,3,6,6,6,6,6,6,5,0,0,0,0,0,0,0,6,6,6,6,6,6,6,6,5,0,0,0,0,0,0,6,6,6,6,5,5,6,6,6,5,1,0,0,0,-1.09,1,5,6,5,1,0,6,6,6,6,6,0,0,0,0,0,0,0,0,0,1,6,6,6,6,6,0,0,0,0,0,0,0,0,1,5,6,6,6,6,2,0,0,0,0,0,0,0,0,5,6,6,6,6,4,0,0,0,0,0,0,0,0,2,6,6,6,6,4,0,0,0,0,0,0,0,0,0,3,6,6,6,6,3,0,0,0,0,0,0,0,0,0,5,6,6,6,6,0,0,0,0,0,0,0,0,0,0,6,6,6,6,4,0,0,0,0,0,0,0,0,0,4,6,6,6,6,4,0,0,0,2,4,1,0,0,0,6,6,6,6,6,6,6,4,6,6,6,6,3,0,0,3,6,6,6,6,6,6,6,6,6,6,6,6,0,0,0,1,3,4,4,4,4,4,4,4,4,4,4,3,"mfeat-pixel","att60",0.9
0,0,3,5,6,6,6,6,6,5,1,0,0,0,0,0,3,6,6,6,6,6,6,6,6,6,5,1,0,0,3,6,6,6,5,2,2,3,6,6,6,6,1,0,0,6,6,6,6,5,0,0,0,6,6,6,6,5,0,-1.17,1,5,6,6,6,2,0,0,6,6,6,6,6,0,0,0,0,0,0,0,0,0,0,6,6,6,6,6,0,0,0,0,0,0,0,0,0,0,6,6,6,5,1,0,0,0,0,0,0,0,0,0,2,6,6,6,3,0,0,0,0,0,0,0,0,0,1,6,6,6,5,0,0,0,0,0,0,0,0,0,2,6,6,6,6,3,0,0,0,0,0,0,0,0,1,6,6,6,6,5,0,0,0,0,0,0,0,0,0,3,6,6,6,6,3,0,0,0,0,0,0,0,0,3,6,6,6,6,6,4,0,0,0,0,0,0,0,5,6,6,6,6,6,6,6,6,6,6,5,1,0,3,6,6,6,6,6,6,6,6,6,6,6,6,6,0,0,3,4,4,4,4,4,4,4,4,4,4,4,3,3,"mfeat-pixel","att60",0.9
0,3,6,6,6,6,6,4,6,6,6,6,5,1,0,0,5,6,6,6,6,6,6,6,6,6,6,6,5,1,0,4,6,6,6,6,3,3,6,6,6,6,6,6,5,1,6,6,6,6,6,0,0,3,6,6,6,6,6,6.5,2,6,6,6,6,6,0,0,2,6,6,6,6,6,2,0,2,6,6,6,3,0,0,0,3,6,6,6,4,0,0,0,1,4,1,0,0,0,1,5,6,6,4,0,0,0,0,0,0,0,0,0,0,6,6,6,6,0,0,0,0,0,0,0,0,0,0,0,6,6,6,2,0,0,0,0,0,0,0,0,0,0,3,6,6,6,0,0,0,0,0,0,0,0,0,0,3,6,6,5,1,0,0,0,0,0,0,0,0,0,4,6,6,6,0,0,0,0,0,0,0,0,0,0,2,6,6,6,6,1,0,0,0,0,0,0,0,0,2,6,6,6,6,6,6,6,6,6,5,1,0,0,0,6,6,6,6,6,6,6,6,6,6,6,5,0,0,0,3,4,4,4,4,4,4,4,4,4,4,1,3,"mfeat-pixel","att60",0.9
0,0,3,4,6,6,5,5,6,6,6,3,0,0,0,0,4,6,6,6,6,6,4,4,6,6,6,5,1,0,0,6,6,6,3,1,0,0,0,1,3,6,6,5,0,1,6,6,5,0,0,0,0,0,0,0,1,6,6,6.32,5,6,6,1,0,0,0,0,0,0,0,4,6,6,2,6,6,6,0,0,0,0,0,0,1,5,6,6,4,0,6,6,6,0,0,0,0,0,1,6,6,6,4,0,0,6,6,6,0,0,0,0,1,5,6,6,4,0,0,0,6,6,6,0,0,0,1,5,6,6,3,0,0,0,0,3,4,1,0,1,3,6,6,3,0,0,0,0,0,0,0,0,0,0,6,6,6,1,0,0,0,0,0,0,0,0,0,0,4,6,6,3,0,0,0,0,0,0,0,0,0,0,0,6,6,6,3,0,0,0,0,0,0,0,0,0,0,2,6,6,6,1,0,0,0,0,0,0,0,0,0,0,5,6,6,6,5,2,2,2,2,2,2,2,0,0,0,1,4,4,4,4,4,4,4,4,4,4,4,2,3,"mfeat-pixel","att60",0.9
0,1,4,4,6,4,6,6,6,5,1,0,0,0,0,3,6,6,6,6,6,6,6,6,6,5,0,0,0,0,6,6,6,6,5,2,5,6,6,6,6,2,0,0,0,6,6,6,6,0,0,0,5,6,6,6,6,0,0,-0.3,6,6,6,6,0,0,0,3,6,6,6,6,0,0,0,5,6,6,6,2,0,0,3,6,6,6,5,0,0,0,2,6,6,5,1,0,0,5,6,6,6,3,0,0,0,0,0,0,0,0,0,1,6,6,6,6,1,0,0,0,0,0,0,0,0,0,6,6,6,6,5,0,0,0,0,0,0,0,0,0,1,6,6,6,3,0,0,0,0,0,0,0,0,0,1,5,6,6,6,0,0,0,0,0,0,0,0,0,3,6,6,6,6,4,0,0,0,0,0,0,0,0,2,6,6,6,6,5,0,0,0,0,0,0,0,3,4,6,6,6,6,6,4,0,1,2,1,0,0,0,6,6,6,6,6,6,6,6,6,6,6,6,5,4,1,1,4,4,4,4,4,4,4,4,4,4,4,4,4,2,3,"mfeat-pixel","att60",0.9
0,0,0,3,4,5,5,5,6,5,3,0,0,0,0,0,1,5,6,6,6,6,6,6,6,6,2,0,0,0,0,6,6,6,6,3,0,4,6,6,6,6,0,0,0,0,6,6,6,1,0,0,1,6,6,6,6,4,0,-1.82,0,4,6,6,0,0,0,0,3,6,6,6,6,0,0,2,6,6,6,0,0,0,0,0,5,6,6,6,0,0,3,6,6,5,0,0,0,0,0,5,6,6,2,0,0,0,3,3,0,0,0,0,0,4,6,6,5,0,0,0,0,0,0,0,0,0,0,2,6,6,6,1,0,0,0,0,0,0,0,0,0,3,6,6,5,1,0,0,0,0,0,0,0,0,0,3,6,6,6,2,0,0,0,0,0,0,0,0,0,3,6,6,6,4,0,0,0,0,0,0,0,0,0,2,6,6,6,5,0,0,0,0,0,0,0,0,0,0,5,6,6,6,5,2,2,2,2,2,1,0,0,0,0,1,6,6,6,6,6,6,6,6,6,6,3,0,0,0,0,3,4,4,4,4,4,4,4,4,4,4,3,"mfeat-pixel","att60",0.9
0,2,6,6,6,6,6,6,6,3,0,0,0,0,0,1,6,6,6,6,6,6,6,6,6,2,0,0,0,0,3,6,5,1,0,0,4,6,6,6,4,0,0,0,0,6,6,3,0,0,0,2,6,6,6,6,0,0,0,-1.68,6,6,6,1,0,0,0,6,6,6,4,0,0,0,0,3,4,4,1,0,0,3,6,6,6,3,0,0,0,0,0,0,0,0,0,0,3,6,6,6,3,0,0,0,0,0,0,0,0,0,1,5,6,6,6,3,0,0,0,0,0,0,0,0,1,5,6,6,6,5,0,0,0,0,0,0,0,0,0,5,6,6,6,6,1,0,0,0,0,0,0,0,0,5,6,6,6,5,1,0,0,0,0,0,0,0,0,4,6,6,6,3,0,0,0,0,0,0,0,0,0,2,6,6,6,3,0,0,0,0,0,0,0,0,0,0,5,6,6,6,5,2,2,2,2,2,1,0,0,0,3,6,6,6,6,6,6,6,6,6,6,6,6,6,2,1,4,4,4,4,4,4,4,4,4,4,4,4,4,1,3,"mfeat-pixel","att60",0.9
0,0,0,0,0,1,4,5,5,4,4,2,0,0,0,0,0,0,0,1,6,6,6,6,6,6,6,6,3,0,0,0,0,0,3,6,6,6,5,2,3,6,6,6,3,0,0,0,1,6,6,6,6,1,0,0,6,6,6,5.23,0,0,0,3,6,6,6,3,0,0,0,3,6,6,6,0,0,0,1,4,4,4,1,0,0,0,4,6,6,6,0,0,0,0,0,0,0,0,0,1,5,6,6,6,5,0,0,0,0,0,0,1,4,6,6,6,6,6,3,0,0,0,0,0,3,6,6,6,6,6,6,6,3,0,0,0,0,0,3,6,6,6,5,2,2,1,0,0,0,0,0,0,3,6,6,6,3,0,0,0,0,0,0,0,0,0,5,6,6,6,3,0,0,0,0,0,0,0,0,0,1,6,6,6,3,0,0,0,0,0,0,0,0,0,0,3,6,6,6,5,2,2,2,2,2,0,0,0,0,0,2,6,6,6,6,6,6,6,6,6,3,0,0,0,0,0,1,4,4,4,4,4,4,4,4,1,0,0,0,0,3,"mfeat-pixel","att60",0.9
0,0,0,2,4,6,6,6,6,4,4,4,3,1,0,0,3,6,6,6,6,5,4,5,6,6,6,6,6,3,2,6,6,6,6,4,0,0,0,3,6,6,6,6,6,3,6,6,6,6,3,0,0,0,0,6,6,6,6,5.49,3,6,6,6,6,1,0,0,0,2,6,6,6,6,5,0,5,6,4,1,0,0,0,1,6,6,6,6,5,1,0,0,0,0,0,0,0,3,6,6,6,6,6,1,0,0,0,0,0,0,5,6,6,6,6,5,3,1,0,0,0,0,0,1,5,6,6,6,6,4,0,0,0,0,0,0,0,1,5,6,6,6,6,3,0,0,0,0,0,0,0,0,6,6,6,6,6,3,0,0,0,0,0,0,0,0,0,5,6,6,6,6,3,0,0,0,0,0,0,0,0,0,4,6,6,6,6,3,0,0,0,0,0,0,0,0,3,6,6,6,6,6,6,4,4,2,2,1,0,0,0,0,5,6,6,6,6,6,6,6,6,6,6,5,1,0,0,0,0,1,2,1,0,1,3,4,4,4,4,2,3,"mfeat-pixel","att60",0.9
0,0,0,0,1,3,4,5,6,4,4,2,0,0,0,0,0,2,4,6,6,6,6,6,6,6,6,5,1,0,2,6,6,6,4,3,1,0,1,5,6,6,6,6,0,3,6,6,3,0,0,0,0,0,3,6,6,6,6,-0.49,6,6,6,3,0,0,0,0,0,3,6,6,6,6,0,6,6,6,4,0,0,0,0,0,3,6,6,6,5,0,5,6,6,3,0,0,3,4,4,6,6,6,5,1,0,0,0,0,1,4,5,6,6,6,6,6,3,0,0,0,0,0,1,5,6,6,6,6,6,3,1,0,0,0,0,0,2,6,6,6,6,6,3,0,0,0,0,0,0,0,0,6,6,6,6,6,1,0,0,0,0,0,0,0,0,0,6,6,6,6,6,0,0,0,0,0,0,0,0,0,0,6,6,6,6,6,5,2,0,1,2,2,0,0,0,0,6,6,6,6,6,6,6,6,6,6,6,6,5,1,0,3,4,4,6,6,6,6,6,6,6,6,6,6,2,0,0,0,0,0,0,0,0,1,3,4,4,4,3,0,3,"mfeat-pixel","att60",0.9
0,0,0,2,4,4,4,6,6,6,5,2,0,0,0,0,2,6,6,6,6,6,6,6,6,6,6,5,0,0,0,4,6,6,6,6,4,6,6,6,6,6,6,3,0,2,6,6,6,6,3,0,1,6,6,6,6,6,1,-0.44,3,6,6,6,6,0,0,0,5,6,6,6,6,4,0,5,6,6,6,6,2,0,0,0,4,6,6,6,4,0,2,6,6,6,3,0,0,0,2,6,6,6,6,3,0,0,3,4,1,0,0,0,0,1,6,6,6,6,1,0,0,0,0,2,0,0,0,3,6,6,6,5,1,0,0,0,0,2,6,3,0,3,6,6,6,4,0,0,0,0,0,0,0,0,4,6,6,6,6,5,0,0,0,0,0,0,0,0,0,6,6,6,6,5,1,0,0,0,0,0,0,0,0,3,6,6,6,6,1,0,0,0,0,0,0,0,0,5,6,6,6,6,6,6,4,2,4,4,1,0,0,0,5,6,6,6,6,6,6,6,6,6,6,6,3,0,0,0,3,4,4,4,4,4,4,4,4,4,4,4,3,"mfeat-pixel","att60",0.9
0,2,5,6,6,6,6,6,3,0,0,0,0,0,0,5,6,6,6,6,6,6,6,6,5,0,0,0,0,0,6,6,6,6,4,5,6,6,6,6,2,0,0,0,0,6,6,6,3,0,0,3,6,6,6,3,0,0,0,1.91,5,6,5,1,0,0,1,6,6,6,3,0,0,0,0,0,0,0,0,0,0,3,6,6,6,2,0,0,0,0,0,0,0,0,0,0,4,6,6,6,2,0,0,0,0,0,0,0,0,0,0,6,6,6,6,3,0,0,0,0,0,0,0,0,0,2,6,6,6,5,0,0,0,0,0,0,0,0,0,0,3,6,6,6,1,0,0,0,0,0,0,0,0,0,0,6,6,6,2,0,0,0,0,0,0,0,0,0,0,3,6,6,6,0,0,0,0,0,0,0,0,0,0,0,3,6,6,6,0,0,0,0,0,0,0,0,0,0,0,3,6,6,6,3,2,3,3,3,3,1,0,0,0,1,6,6,6,6,6,6,6,6,6,6,6,0,0,0,1,4,4,4,4,4,4,4,4,4,4,4,3,"mfeat-pixel","att60",0.9
0,0,0,0,0,3,6,6,6,6,6,4,3,0,0,0,0,0,5,6,6,6,6,6,6,6,6,6,1,0,0,0,3,6,6,6,6,3,0,4,6,6,6,5,1,0,3,6,6,6,6,2,0,0,1,5,6,6,6,8.17,0,3,6,6,6,2,0,0,0,0,0,6,6,6,6,0,5,6,6,4,0,0,0,0,0,3,6,6,6,4,0,6,6,6,6,3,0,0,0,3,6,6,6,6,0,4,6,6,6,3,0,0,0,3,6,6,6,6,3,0,4,6,6,6,0,0,0,3,6,6,6,6,3,0,0,0,3,4,1,0,0,0,5,6,6,6,4,0,0,0,0,0,0,0,0,0,3,6,6,6,6,0,0,0,0,0,0,0,0,0,0,4,6,6,6,5,0,0,0,0,0,0,0,0,0,2,6,6,6,1,0,0,0,0,0,0,0,0,0,0,4,6,6,6,5,3,0,0,0,0,0,0,0,0,3,6,6,6,6,6,6,6,3,1,0,0,0,0,0,0,3,4,4,4,4,4,4,4,4,0,3,"mfeat-pixel","att60",0.9
0,0,0,2,6,6,6,6,6,5,3,2,3,3,0,0,0,0,3,6,6,6,6,6,6,6,6,6,6,5,0,0,0,5,6,6,6,4,4,5,6,6,6,6,6,0,0,0,6,6,6,4,0,0,0,3,6,6,6,8.61,0,0,0,6,6,6,3,0,0,0,1,6,6,6,6,0,0,3,6,6,6,3,0,0,0,5,6,6,6,5,0,0,3,6,6,5,0,0,0,2,6,6,6,4,0,0,0,0,3,3,0,0,0,1,6,6,6,6,2,0,0,0,0,0,0,0,0,0,6,6,6,6,3,0,0,0,0,0,0,0,0,1,3,6,6,6,1,0,0,0,0,0,0,0,1,5,6,6,6,5,1,0,0,0,0,0,0,0,3,6,6,6,6,4,0,0,0,0,0,0,0,0,4,6,6,6,6,3,0,0,0,0,0,0,0,3,6,6,6,6,6,6,3,2,0,0,0,0,0,0,6,6,6,6,6,6,6,6,6,5,0,0,0,0,0,3,4,4,4,4,4,4,4,4,1,0,0,0,0,0,3,"mfeat-pixel","att60",0.9
0,0,0,0,2,4,5,6,6,5,4,1,0,0,0,0,0,2,6,6,6,6,6,6,6,6,6,2,0,0,0,1,6,6,6,6,4,4,5,6,6,6,6,1,0,0,3,6,6,5,1,0,0,0,5,6,6,6,3,-0.76,1,5,6,4,0,0,0,0,0,3,6,6,6,3,0,6,6,6,3,0,0,0,0,0,5,6,6,6,3,0,6,6,6,2,0,0,0,0,0,6,6,6,5,0,0,1,1,0,0,0,0,0,0,3,6,6,6,3,0,0,0,0,0,0,0,0,0,2,6,6,6,5,1,0,0,0,0,0,0,0,0,0,5,6,6,4,0,0,0,0,0,0,0,0,0,0,4,6,6,6,3,0,0,0,0,0,0,0,0,0,3,6,6,6,5,0,0,0,0,0,0,0,0,0,4,6,6,6,6,1,0,0,0,0,0,0,0,0,5,6,6,6,6,6,5,4,4,3,2,0,0,0,3,6,6,6,6,6,6,6,6,6,6,6,3,0,0,1,4,4,4,4,2,2,4,4,4,4,4,1,3,"mfeat-pixel","att60",0.9
0,0,3,6,6,6,6,6,6,3,0,0,0,0,0,0,4,6,6,6,6,6,6,6,6,1,0,0,0,0,3,6,6,6,6,5,4,6,6,6,5,0,0,0,0,1,6,6,6,6,3,0,6,6,6,6,0,0,0,0.69,0,6,6,6,6,1,0,6,6,6,3,0,0,0,0,0,3,4,4,3,0,2,6,6,6,3,0,0,0,0,0,0,0,0,0,2,6,6,6,6,2,0,0,0,0,0,0,0,0,2,6,6,6,6,2,0,0,0,0,0,0,0,0,2,6,6,6,6,2,0,0,0,0,0,0,0,0,0,3,6,6,6,2,0,0,0,0,0,0,0,0,0,0,6,6,6,6,0,0,0,0,0,0,0,0,0,0,2,6,6,6,3,0,0,0,0,0,0,0,0,0,0,1,6,6,6,6,1,0,0,0,0,0,0,0,0,0,0,6,6,6,6,6,5,3,3,5,5,3,0,0,0,0,5,6,6,6,6,6,6,6,6,6,5,0,0,0,0,1,4,4,4,4,4,3,1,1,2,0,0,3,"mfeat-pixel","att60",0.9
1,4,5,6,6,6,6,6,5,4,5,5,1,0,0,3,6,6,6,6,6,6,6,6,6,6,6,6,2,0,3,6,6,4,2,2,1,0,1,5,6,6,6,6,2,6,6,6,5,1,0,0,0,0,2,6,6,6,6,3.64,6,6,6,5,1,0,0,0,0,0,4,6,6,6,6,1,2,2,0,0,0,0,0,0,3,6,6,6,6,4,0,0,0,0,0,0,0,1,5,6,6,6,6,5,1,0,0,0,0,0,0,3,6,6,6,6,6,3,0,0,0,0,0,2,3,6,6,6,6,6,5,1,0,0,0,0,0,3,6,6,6,6,6,4,3,0,0,0,0,0,0,1,6,6,6,6,5,1,0,0,0,0,0,0,0,0,5,6,6,6,6,1,0,0,0,0,0,0,0,0,3,6,6,6,6,3,0,0,0,0,0,0,0,0,0,3,6,6,6,6,5,2,2,1,0,0,0,0,0,0,6,6,6,6,6,6,6,6,6,6,6,2,0,0,0,1,4,4,4,4,4,4,4,4,4,4,1,0,0,0,3,"mfeat-pixel","att60",0.9
0,1,5,6,6,6,6,6,3,1,0,0,0,0,0,1,5,6,6,6,6,6,6,6,6,3,0,0,0,0,5,6,6,6,1,0,1,6,6,6,6,2,0,0,0,6,6,6,5,0,0,0,4,6,6,6,6,0,0,3.6,6,6,6,3,0,0,0,5,6,6,6,4,0,0,0,6,6,6,3,0,0,0,6,6,6,6,0,0,0,0,3,4,3,0,0,0,2,6,6,6,6,0,0,0,0,0,0,0,0,0,0,6,6,6,6,4,0,0,0,0,0,0,0,0,0,3,6,6,6,6,0,0,0,0,0,0,0,0,1,5,6,6,6,5,1,0,0,0,0,0,0,0,0,6,6,6,6,5,0,0,0,0,0,0,0,0,0,4,6,6,6,5,1,0,0,0,0,0,0,0,0,0,6,6,6,6,1,0,0,0,0,0,0,0,0,0,0,6,6,6,6,1,0,0,0,0,0,0,0,0,0,2,6,6,6,6,6,6,6,6,6,6,6,5,0,0,1,4,4,4,4,4,4,4,4,4,4,4,3,0,3,"mfeat-pixel","att60",0.9
0,0,0,0,0,0,0,3,4,4,4,3,1,0,0,0,0,0,0,1,4,6,6,6,6,6,6,6,6,3,0,0,0,2,6,6,6,6,5,2,3,6,6,6,6,0,0,2,6,6,6,6,5,0,0,0,6,6,6,6.33,0,2,6,6,6,6,4,0,0,0,2,6,6,6,6,0,6,6,6,6,3,0,0,0,0,4,6,6,6,5,0,3,4,4,1,0,0,0,1,5,6,6,6,6,1,0,0,0,0,0,0,0,3,6,6,6,6,6,3,0,0,0,0,0,0,1,5,6,6,6,6,6,2,0,0,0,0,0,3,4,6,6,6,6,6,5,1,0,0,0,0,3,5,6,6,6,6,6,4,1,0,0,0,0,0,0,6,6,6,6,6,3,0,0,0,0,0,0,0,0,2,6,6,6,6,3,0,0,0,0,0,0,0,0,0,6,6,6,6,6,5,2,2,2,0,0,0,0,0,0,5,6,6,6,6,6,6,6,6,6,4,3,0,0,0,0,3,4,4,4,4,4,4,4,4,4,3,0,0,0,3,"mfeat-pixel","att60",0.9
0,0,3,4,4,4,4,4,3,0,0,1,2,0,0,0,0,6,6,6,6,6,6,6,6,6,6,6,5,0,0,0,6,6,6,6,4,4,5,6,6,6,6,6,0,0,2,6,6,5,1,0,0,0,6,6,6,6,6,2.82,0,6,6,6,4,0,0,0,3,6,6,6,5,1,0,3,6,6,6,6,2,0,1,6,6,6,5,0,0,0,0,2,2,2,0,0,2,6,6,6,5,1,0,0,0,0,0,0,0,0,3,6,6,6,3,0,0,0,0,0,0,0,0,1,5,6,6,6,2,0,0,0,0,0,0,0,0,0,5,6,6,6,3,0,0,0,0,0,0,0,0,0,0,6,6,6,6,3,0,0,0,0,0,0,0,0,0,4,6,6,6,5,1,0,0,0,0,0,0,0,0,4,6,6,6,6,1,0,0,0,0,0,0,0,0,1,6,6,6,6,6,5,2,0,2,4,4,4,3,0,3,6,6,6,6,6,6,6,6,6,6,6,6,6,5,0,3,4,4,4,4,4,4,4,4,4,4,4,4,3,3,"mfeat-pixel","att60",0.9
0,1,5,6,6,6,6,6,6,5,4,4,3,0,0,0,5,6,6,6,6,6,6,6,6,6,6,6,5,0,0,6,6,6,5,2,2,2,2,5,6,6,6,6,0,0,6,6,6,4,0,0,0,0,3,6,6,6,6,4.77,4,6,6,6,5,0,0,0,0,3,6,6,6,6,2,3,6,6,5,1,0,0,0,3,6,6,6,6,4,0,0,1,2,0,0,0,0,4,6,6,6,6,3,0,0,0,0,0,0,0,3,5,6,6,6,5,1,0,0,0,0,0,0,1,5,6,6,6,6,5,1,0,0,0,0,0,0,3,6,6,6,6,6,3,0,0,0,0,0,0,0,4,6,6,6,6,6,2,0,0,0,0,0,0,0,0,6,6,6,6,6,3,0,0,0,0,0,0,0,0,0,6,6,6,6,4,0,0,0,0,0,0,0,0,0,2,6,6,6,6,6,5,3,2,1,1,1,0,0,0,3,6,6,6,6,6,6,6,6,6,6,6,2,0,0,0,3,4,4,4,4,4,4,4,4,4,3,0,0,0,3,"mfeat-pixel","att60",0.9
0,0,3,4,6,6,6,6,6,4,3,1,0,0,0,0,5,6,6,6,3,3,5,6,6,6,6,3,1,0,5,6,6,6,3,0,0,0,3,6,6,6,6,6,3,6,6,6,6,1,0,0,0,0,1,6,6,6,6,4.39,5,6,6,6,0,0,0,0,0,0,1,6,6,6,6,0,3,4,1,0,0,0,0,0,0,0,6,6,6,6,0,0,0,0,0,0,0,0,0,0,5,6,6,6,5,0,0,0,0,0,0,0,0,1,5,6,6,6,3,0,0,0,0,0,0,0,0,1,6,6,6,6,3,0,0,0,0,0,0,0,0,3,6,6,6,6,2,0,0,0,0,0,0,0,0,5,6,6,6,5,1,0,0,0,0,0,0,0,0,2,6,6,6,5,0,0,0,0,0,0,0,0,0,1,6,6,6,6,1,0,0,0,0,0,0,0,0,0,3,6,6,6,6,3,2,2,2,2,2,1,0,0,0,2,6,6,6,6,6,6,6,6,6,6,5,0,0,0,0,1,3,4,4,4,4,4,4,4,3,0,3,"mfeat-pixel","att60",0.9
0,3,4,4,4,4,5,5,4,4,4,4,4,3,0,0,6,6,6,6,6,6,6,6,6,6,6,6,6,2,0,6,6,6,6,4,2,2,2,5,6,6,6,6,3,0,6,6,6,3,0,0,0,0,0,6,6,6,6,3.39,0,3,6,6,5,0,0,0,0,0,1,6,6,6,3,0,0,1,1,0,0,0,0,0,0,0,6,6,6,2,0,0,0,0,0,0,0,0,0,1,5,6,6,5,0,0,0,0,0,0,0,0,0,2,6,6,6,6,1,0,0,0,0,0,0,0,0,3,6,6,6,6,1,0,0,0,0,0,0,0,1,5,6,6,6,5,1,0,0,0,0,0,1,3,5,6,6,6,6,4,0,0,0,0,0,0,1,6,6,6,6,6,5,2,0,0,0,0,0,0,0,5,6,6,6,4,4,1,0,0,0,0,0,0,0,2,6,6,6,6,2,0,0,2,2,2,1,0,0,0,6,6,6,6,6,6,6,6,6,6,6,6,5,4,3,3,4,4,4,4,4,4,4,4,4,4,4,4,4,3,3,"mfeat-pixel","att60",0.9
0,0,3,4,4,4,6,6,6,3,1,0,0,0,0,0,5,6,6,6,6,6,6,6,6,6,4,1,0,0,1,6,6,6,6,6,3,2,5,6,6,6,6,2,0,5,6,6,6,6,4,0,0,4,6,6,6,6,3,-2,6,6,6,6,6,0,0,3,6,6,6,6,6,0,0,2,6,6,6,6,0,0,3,6,6,6,6,5,0,0,0,6,6,6,6,0,0,4,6,6,6,4,0,0,0,0,1,2,2,1,2,6,6,6,6,6,2,0,0,0,0,0,0,0,0,5,6,6,6,6,1,0,0,0,0,0,0,0,0,0,6,6,6,6,4,0,0,0,0,0,0,0,0,0,0,6,6,6,6,0,0,0,0,0,0,0,0,0,0,0,6,6,6,6,0,0,0,0,0,0,0,0,0,0,1,6,6,6,5,0,0,0,0,0,0,0,0,0,2,6,6,6,6,5,1,0,0,0,0,0,0,0,0,3,6,6,6,6,6,6,6,6,6,6,3,0,0,0,1,4,4,4,4,4,4,4,4,4,4,3,3,"mfeat-pixel","att60",0.9
0,0,0,0,3,6,6,6,6,4,2,0,0,0,0,0,0,3,6,6,6,6,6,6,6,6,5,1,0,0,0,4,6,6,5,2,2,3,6,6,6,6,6,0,0,3,6,6,4,0,0,0,0,4,6,6,6,6,0,-4.03,3,6,6,3,0,0,0,0,1,6,6,6,6,0,0,3,6,6,5,0,0,0,0,5,6,6,6,6,0,0,1,4,6,5,0,0,0,2,6,6,6,6,3,0,0,0,0,0,0,0,0,0,6,6,6,6,6,1,0,0,0,0,0,0,0,0,3,6,6,6,6,6,0,0,0,0,0,0,0,1,5,6,6,6,6,5,1,0,0,0,0,0,0,1,5,6,6,6,6,3,0,0,0,0,0,0,0,1,6,6,6,6,6,1,0,0,0,0,0,0,0,1,6,6,6,6,6,3,0,0,2,4,2,0,0,0,2,6,6,6,6,6,6,6,6,6,6,6,6,5,0,0,4,6,6,6,6,6,6,6,6,6,6,6,5,0,0,1,4,4,4,4,4,4,4,3,2,4,2,0,3,"mfeat-pixel","att60",0.9
0,0,0,0,0,2,4,5,5,4,4,3,0,0,0,0,3,6,6,6,6,6,6,6,6,6,6,5,1,0,1,6,6,6,6,6,5,4,6,6,6,6,6,5,1,5,6,6,6,6,4,0,0,2,6,6,6,6,6,5.53,5,6,6,6,4,1,0,0,0,4,6,6,6,6,6,0,2,1,0,0,0,0,0,0,3,6,6,6,6,6,0,0,0,0,0,0,0,0,1,6,6,6,6,5,1,0,0,0,0,0,0,2,3,6,6,6,6,6,0,0,0,0,0,1,2,5,6,6,6,6,6,5,3,0,0,0,0,3,6,6,6,6,6,4,3,1,0,0,0,0,0,0,6,6,6,6,6,2,0,0,0,0,0,0,0,0,0,6,6,6,6,1,0,0,0,0,0,0,0,0,0,0,6,6,6,6,3,0,0,0,0,0,0,0,0,0,0,6,6,6,6,6,6,5,4,4,4,4,3,0,0,0,3,6,6,6,6,6,6,6,6,6,6,6,1,0,0,0,0,0,2,4,4,4,4,4,4,4,4,1,3,"mfeat-pixel","att60",0.9
0,0,0,1,4,4,2,2,2,0,0,0,0,0,0,0,1,5,6,6,6,6,6,6,6,3,0,0,0,0,5,6,6,6,6,6,6,6,6,6,6,2,0,0,0,6,6,6,6,3,2,2,5,6,6,6,6,1,0,0.55,6,6,6,6,0,0,0,3,6,6,6,6,5,0,0,6,6,6,6,3,0,0,1,6,6,6,6,4,0,0,6,6,6,6,6,2,0,1,6,6,6,6,0,0,0,6,6,6,6,1,0,1,5,6,6,6,6,0,0,0,1,3,4,1,0,1,5,6,6,6,5,1,0,0,0,0,0,0,0,1,5,6,6,6,4,0,0,0,0,0,0,0,0,0,6,6,6,6,5,0,0,0,0,0,0,0,0,0,5,6,6,6,6,2,0,0,0,0,0,0,0,0,5,6,6,6,6,4,0,0,0,0,0,0,0,0,4,6,6,6,6,6,6,4,4,4,5,6,5,3,0,6,6,6,6,6,6,6,6,6,6,6,6,6,6,0,4,4,4,4,4,4,4,4,4,4,4,4,4,1,3,"mfeat-pixel","att60",0.9
0,0,1,4,4,6,6,6,6,4,1,0,0,0,0,0,3,6,6,6,6,6,6,6,6,6,0,0,0,0,3,6,6,6,6,3,3,6,6,6,6,4,0,0,0,4,6,6,6,4,0,0,1,6,6,6,6,0,0,0.04,6,6,6,6,1,0,0,0,6,6,6,6,0,0,0,6,6,6,6,2,0,0,0,6,6,6,5,0,0,0,3,4,3,1,0,0,0,3,6,6,6,1,0,0,0,0,0,0,0,0,0,5,6,6,6,4,0,0,0,0,0,0,0,0,0,3,6,6,6,5,0,0,0,0,0,0,0,0,0,5,6,6,6,5,1,0,0,0,0,0,0,0,0,4,6,6,6,1,0,0,0,0,0,0,0,0,0,2,6,6,6,5,0,0,0,0,0,0,0,0,0,0,6,6,6,6,4,0,0,0,0,2,0,0,0,0,1,6,6,6,6,6,6,6,6,6,6,5,3,0,0,3,6,6,6,6,6,6,6,6,6,6,5,3,0,0,0,3,4,4,4,4,2,2,1,0,0,0,0,0,3,"mfeat-pixel","att60",0.9
0,0,0,0,0,0,0,3,6,6,6,6,5,1,0,0,0,0,0,0,0,3,6,6,6,6,6,6,6,1,0,0,0,0,0,0,6,6,6,4,5,6,6,6,6,0,0,0,0,0,0,6,6,6,0,0,4,6,6,5.11,0,0,0,0,0,0,5,6,5,0,0,3,6,6,6,0,0,0,0,0,0,0,2,0,0,0,4,6,6,6,0,0,0,0,0,0,0,0,0,1,3,6,6,5,1,0,0,0,0,0,1,4,6,6,6,6,6,4,0,0,0,0,0,1,5,6,6,6,5,4,4,3,0,0,0,0,0,2,6,6,6,5,2,0,0,0,0,0,0,0,0,1,6,6,6,4,0,0,0,0,0,0,0,0,0,1,5,6,6,6,0,0,0,0,0,0,0,0,0,0,5,6,6,6,3,0,0,0,0,0,0,0,0,0,0,6,6,6,6,1,0,0,0,0,0,0,0,0,0,0,6,6,6,6,6,6,6,6,3,0,0,0,0,0,0,3,4,4,4,4,4,4,4,3,0,0,0,0,0,0,3,"mfeat-pixel","att60",0.9
5,6,6,6,6,6,6,6,6,6,6,5,3,1,0,6,6,6,6,6,6,6,6,6,6,6,6,6,6,3,6,6,6,4,1,0,0,0,0,3,6,6,6,6,6,6,6,3,0,0,0,0,0,0,0,6,6,6,6,7.33,5,6,5,0,0,0,0,0,0,2,6,6,6,6,2,0,0,0,0,0,0,0,0,0,4,6,6,6,6,0,0,0,0,0,0,0,0,1,5,6,6,6,6,2,0,0,0,0,0,0,0,1,5,6,6,6,5,1,0,0,0,0,0,0,0,2,6,6,6,6,5,1,0,0,0,0,0,0,0,0,4,6,6,6,4,0,0,0,0,0,0,0,0,0,4,6,6,6,6,3,0,0,0,0,0,0,0,0,3,6,6,6,6,6,3,0,0,0,0,0,0,0,1,5,6,6,6,6,4,1,0,0,0,0,0,0,0,6,6,6,6,6,4,0,0,0,1,1,0,0,0,2,6,6,6,6,6,6,6,6,6,6,6,3,0,0,1,4,4,4,4,4,4,4,4,4,4,4,4,0,3,"mfeat-pixel","att60",0.9
0,0,0,0,0,1,4,4,5,6,5,2,0,0,0,0,0,0,2,5,6,6,6,6,6,6,6,5,1,0,0,0,4,6,6,6,5,4,3,3,6,6,6,6,2,0,2,6,6,6,4,0,0,0,0,1,6,6,6,3.75,0,3,6,6,6,1,0,0,0,0,0,4,6,6,3,0,3,6,6,3,0,0,0,0,0,3,6,6,6,3,0,0,2,2,0,0,0,0,0,3,6,6,6,5,0,0,0,0,0,0,0,0,3,6,6,6,6,5,0,0,0,0,0,0,0,1,5,6,6,6,5,3,0,0,0,0,0,0,3,6,6,6,6,6,3,0,0,0,0,0,0,0,3,6,6,6,6,5,1,0,0,0,0,0,0,1,5,6,6,6,5,1,0,0,0,0,0,0,0,0,3,6,6,6,4,0,0,0,0,0,0,0,0,0,0,4,6,6,6,6,4,4,3,3,4,3,0,0,0,0,3,6,6,6,6,6,6,6,6,6,6,3,0,0,0,0,0,2,4,4,4,4,4,4,4,2,0,0,0,0,3,"mfeat-pixel","att60",0.9
0,0,2,5,6,6,6,6,6,6,6,6,5,1,0,1,5,6,6,6,6,6,6,6,6,6,6,6,4,0,3,6,6,6,6,5,2,2,4,6,6,6,6,6,2,3,6,6,6,4,0,0,0,0,1,5,6,6,6,5.47,5,6,6,6,3,0,0,0,0,0,3,6,6,6,6,6,6,6,6,3,0,0,0,0,1,6,6,6,6,6,1,2,4,3,0,0,0,0,0,4,6,6,6,6,2,0,0,0,0,0,0,0,2,5,6,6,6,5,1,0,0,0,0,0,0,2,6,6,6,6,6,6,1,0,0,0,0,0,0,1,5,6,6,6,6,5,1,0,0,0,0,0,0,0,6,6,6,6,4,0,0,0,0,0,0,0,0,0,0,6,6,6,6,3,0,0,0,0,0,0,0,0,0,3,6,6,6,6,3,0,0,0,0,0,0,0,0,0,3,6,6,6,6,5,2,2,2,2,1,0,0,0,0,3,6,6,6,6,6,6,6,6,6,6,2,0,0,0,1,4,4,4,4,4,4,4,4,4,4,2,3,"mfeat-pixel","att60",0.9
0,0,3,6,6,6,4,3,0,0,0,0,0,0,0,0,0,6,6,6,6,6,6,1,0,0,0,0,0,0,0,0,6,6,6,6,6,6,5,0,0,0,0,0,0,0,0,6,6,6,6,6,6,6,2,0,0,0,0,-1.39,0,1,6,6,6,6,6,6,6,6,2,0,0,0,0,0,5,6,6,6,6,6,6,6,6,1,0,0,0,0,0,6,6,2,0,6,6,6,6,6,0,0,0,0,0,0,1,1,0,0,6,6,6,6,2,0,0,0,0,0,0,0,0,0,0,6,6,6,6,2,0,0,0,0,0,0,0,0,0,0,6,6,6,6,2,0,0,0,0,0,0,0,0,0,0,6,6,6,6,0,0,0,0,0,0,0,0,0,0,4,6,6,6,2,0,0,0,0,0,0,0,0,0,4,6,6,6,3,0,0,0,0,0,0,0,0,0,5,6,6,6,6,6,4,3,1,0,0,0,0,0,0,1,6,6,6,6,6,6,6,6,6,6,5,1,0,0,0,3,4,4,4,4,4,4,4,4,4,4,4,3,"mfeat-pixel","att60",0.9
0,0,0,3,4,5,6,6,6,5,4,1,0,0,0,0,1,5,6,6,6,6,6,6,6,6,6,3,0,0,0,6,6,6,6,6,6,6,6,6,6,6,6,5,0,2,6,6,6,5,1,0,1,4,6,6,6,6,6,2.55,3,6,6,6,3,0,0,0,0,1,5,6,6,6,3,3,6,6,6,3,0,0,0,0,0,3,6,6,6,5,1,5,6,6,3,0,0,0,0,1,6,6,6,6,4,0,0,4,6,3,0,0,0,1,6,6,6,6,6,6,0,0,5,6,2,0,0,3,6,6,6,6,6,5,3,0,0,0,0,0,1,5,6,6,6,6,5,2,0,0,0,0,0,3,6,6,6,6,6,3,1,0,0,0,0,0,0,3,6,6,6,6,5,1,0,0,0,0,0,0,0,0,5,6,6,6,6,1,0,0,0,0,0,0,0,0,4,6,6,6,6,6,6,5,4,4,1,0,0,0,0,6,6,6,6,6,6,6,6,6,6,3,0,0,0,0,1,4,4,4,4,4,4,4,4,3,0,0,0,0,3,"mfeat-pixel","att60",0.9
0,3,6,6,6,6,6,6,5,0,0,0,0,0,0,5,6,6,6,6,6,6,6,6,0,0,0,0,0,0,6,6,6,5,3,4,6,6,6,5,0,0,0,0,0,6,6,6,1,0,2,6,6,6,6,0,0,0,0,-2.51,6,6,6,2,0,1,6,6,6,3,0,0,0,0,0,1,4,1,0,0,3,6,6,6,3,0,0,0,0,0,0,0,0,0,0,4,6,6,6,2,0,0,0,0,0,0,0,0,0,5,6,6,6,6,0,0,0,0,0,0,0,0,0,3,6,6,6,6,2,0,0,0,0,0,0,0,0,0,3,6,6,6,4,0,0,0,0,0,0,0,0,0,0,3,6,6,6,0,0,0,0,0,0,0,0,0,0,1,6,6,6,4,0,0,0,0,0,0,0,0,0,0,3,6,6,6,5,0,0,0,0,0,0,0,0,0,0,2,6,6,6,6,4,4,4,3,2,2,0,0,0,0,0,6,6,6,6,6,6,6,6,6,6,5,0,0,0,0,1,4,4,4,4,4,4,4,4,4,1,0,3,"mfeat-pixel","att60",0.9
0,3,6,6,6,6,6,5,4,6,6,5,3,0,0,0,6,6,6,6,6,6,6,6,6,6,6,6,5,1,1,6,6,6,6,3,0,0,0,3,5,6,6,6,5,3,6,6,6,6,0,0,0,0,0,0,4,6,6,4.89,5,6,6,6,6,0,0,0,0,0,0,4,6,6,6,1,5,6,4,1,0,0,0,0,0,1,6,6,6,6,0,0,0,0,0,0,0,0,1,5,6,6,6,6,2,0,0,0,0,0,0,0,3,6,6,6,6,5,1,0,0,0,0,0,0,1,5,6,6,6,5,2,0,0,0,0,0,0,0,0,5,6,6,6,6,0,0,0,0,0,0,0,0,0,1,6,6,6,6,4,0,0,0,0,0,0,0,5,6,6,6,6,6,3,0,0,0,0,0,0,0,0,6,6,6,6,5,1,0,0,0,0,0,0,0,0,2,6,6,6,6,5,2,2,2,2,2,1,0,0,0,6,6,6,6,6,6,6,6,6,6,6,6,3,0,0,3,4,4,4,4,4,4,4,4,4,4,4,3,0,3,"mfeat-pixel","att60",0.9
0,0,3,6,6,6,6,6,5,2,0,0,0,0,0,0,5,6,6,6,6,6,6,6,6,5,0,0,0,0,4,6,6,6,6,6,6,6,6,6,6,5,1,0,0,6,6,6,6,3,2,2,5,6,6,6,6,3,0,2.34,6,6,6,6,3,0,0,3,6,6,6,6,3,0,0,6,6,6,6,6,2,0,3,6,6,6,6,0,0,0,1,2,2,2,0,0,1,6,6,6,6,2,0,0,0,0,0,0,0,0,0,3,6,6,6,3,0,0,0,0,0,0,0,0,0,3,6,6,6,2,0,0,0,0,0,0,0,0,1,5,6,6,6,2,0,0,0,0,0,0,0,0,0,6,6,6,6,3,0,0,0,0,0,0,0,0,0,0,6,6,6,6,2,0,0,0,0,0,0,0,0,0,1,6,6,6,6,1,0,0,0,0,0,0,0,0,0,5,6,6,6,6,6,6,6,6,5,3,1,0,0,0,2,6,6,6,6,6,6,6,6,6,6,6,3,0,0,0,3,4,4,4,4,4,4,4,4,4,4,3,3,"mfeat-pixel","att60",0.9
0,0,0,3,6,6,6,6,6,6,6,5,1,0,0,0,0,4,6,6,6,6,6,6,6,6,6,5,0,0,0,0,6,6,6,6,5,2,5,6,6,6,6,0,0,0,2,6,6,6,5,1,0,0,6,6,6,6,0,-1.18,0,3,6,6,6,1,0,0,2,6,6,6,5,0,0,0,5,6,6,6,0,0,0,6,6,6,6,3,0,0,3,6,6,6,6,0,0,0,6,6,6,6,2,0,0,0,3,6,6,4,0,0,4,6,6,6,2,0,0,0,0,0,1,2,0,0,4,6,6,6,4,0,0,0,0,0,0,0,0,0,4,6,6,6,4,0,0,0,0,0,0,0,0,0,0,6,6,6,6,3,0,0,0,0,0,0,0,0,0,1,6,6,6,6,1,0,0,0,0,0,0,0,0,1,5,6,6,6,3,0,0,0,0,0,0,0,0,0,4,6,6,6,6,6,4,4,4,4,3,0,0,0,2,6,6,6,6,6,6,6,6,6,6,6,5,0,0,0,3,4,4,4,4,4,4,4,4,4,4,3,3,"mfeat-pixel","att60",0.9
0,0,0,0,1,5,6,6,6,6,6,4,4,3,0,0,0,0,3,6,6,6,6,6,6,6,6,6,6,3,0,0,4,6,6,6,6,6,6,6,6,6,6,6,3,0,1,6,6,6,6,6,6,2,0,6,6,6,6,7.07,0,5,6,6,6,6,6,2,0,0,6,6,6,6,2,0,6,6,6,6,6,6,0,0,4,6,6,6,6,0,0,2,6,6,6,3,1,0,1,6,6,6,6,5,0,0,0,1,2,1,0,0,1,5,6,6,6,6,1,0,0,0,0,0,0,0,5,6,6,6,6,5,3,0,0,0,0,0,0,0,3,6,6,6,6,3,0,0,0,0,0,0,0,1,5,6,6,6,5,1,0,0,0,0,0,0,0,2,6,6,6,6,5,0,0,0,0,0,0,0,0,1,6,6,6,6,5,1,0,0,0,0,0,0,0,1,5,6,6,6,6,5,2,2,2,0,0,0,0,0,5,6,6,6,6,6,6,6,6,6,6,5,0,0,0,3,4,4,4,4,4,4,4,4,4,4,3,0,0,0,3,"mfeat-pixel","att60",0.9
0,0,1,3,5,6,6,3,0,0,0,0,0,0,0,0,3,6,6,6,6,6,6,4,0,0,0,0,0,0,5,6,6,6,6,6,6,6,6,6,5,0,0,0,0,6,6,6,6,6,6,6,6,6,6,6,1,0,0,3.02,6,6,6,6,6,6,6,6,6,6,6,5,0,0,0,1,5,6,5,3,0,2,6,6,6,6,5,0,0,0,0,0,0,0,0,0,5,6,6,6,6,1,0,0,0,0,0,0,0,0,4,6,6,6,5,1,0,0,0,0,0,0,0,1,5,6,6,6,6,1,0,0,0,0,0,0,0,0,6,6,6,6,6,3,0,0,0,0,0,0,0,1,3,6,6,6,6,6,3,0,0,0,0,0,0,3,6,6,6,6,6,6,6,1,0,0,0,0,0,0,6,6,6,6,6,6,6,6,6,6,6,6,5,1,0,6,6,6,6,6,6,6,6,6,6,6,6,6,6,3,3,6,6,6,6,6,6,6,6,6,6,6,6,6,6,0,1,3,4,3,2,2,2,2,2,1,0,1,2,1,3,"mfeat-pixel","att60",0.9
0,0,0,1,3,4,6,6,4,3,1,0,0,0,0,0,2,6,6,6,6,6,6,6,6,6,4,3,0,0,0,4,6,6,6,5,2,2,2,5,6,6,6,5,3,1,6,6,6,4,0,0,0,0,0,5,6,6,6,9.61,3,6,6,6,5,0,0,0,0,0,3,6,6,6,5,0,5,6,6,6,3,0,0,0,0,4,6,6,6,1,0,3,6,6,5,1,0,0,0,4,6,6,6,5,0,0,0,2,2,0,0,0,0,4,6,6,6,5,0,0,0,0,0,0,0,0,0,5,6,6,6,5,0,0,0,0,0,0,0,0,1,5,6,6,6,3,0,0,0,0,0,0,0,0,1,5,6,6,5,1,0,0,0,0,0,0,0,0,2,6,6,6,6,1,0,0,0,0,0,0,0,0,0,3,6,6,6,5,0,0,0,0,0,0,0,0,0,2,6,6,6,6,5,2,2,2,2,2,1,0,0,0,1,5,6,6,6,6,6,6,6,6,6,6,2,0,0,0,0,1,3,4,4,4,4,4,4,4,3,0,3,"mfeat-pixel","att60",0.9
1,4,6,6,6,6,6,6,6,3,0,0,0,0,0,3,6,6,6,6,6,6,6,6,6,3,0,0,0,0,6,6,6,4,0,0,3,6,6,6,5,0,0,0,0,3,6,6,5,0,0,0,3,6,6,6,3,0,0,1.64,3,6,6,6,0,0,0,3,6,6,6,3,0,0,0,2,6,6,3,0,0,0,3,6,6,6,2,0,0,0,0,1,2,0,0,0,1,6,6,6,4,0,0,0,0,0,0,0,0,0,1,5,6,6,5,1,0,0,0,0,0,0,0,0,1,5,6,6,3,0,0,0,0,0,0,0,0,0,3,6,6,4,0,0,0,0,0,0,0,0,0,0,0,6,6,6,3,0,0,0,0,0,0,0,0,0,0,0,6,6,6,1,0,0,0,0,0,0,0,0,0,0,0,6,6,6,0,0,0,0,0,0,0,0,0,0,0,3,6,6,6,5,4,3,1,0,0,0,2,1,0,0,1,6,6,6,6,6,6,6,6,6,6,6,6,0,0,0,3,4,4,4,4,4,4,4,4,4,4,4,3,"mfeat-pixel","att60",0.9
0,0,3,6,6,6,6,5,2,0,0,0,0,0,0,0,1,6,6,6,6,6,6,6,5,3,0,0,0,0,0,6,6,6,5,2,5,6,6,6,6,0,0,0,0,1,6,6,6,2,0,0,6,6,6,6,1,0,0,-2.55,5,6,6,1,0,0,0,6,6,6,6,2,0,0,0,3,6,3,0,0,0,0,6,6,6,6,0,0,0,0,0,0,0,0,0,0,0,6,6,6,3,0,0,0,0,0,0,0,0,0,0,1,6,6,6,6,0,0,0,0,0,0,0,0,0,0,5,6,6,5,1,0,0,0,0,0,0,0,0,0,1,6,6,6,1,0,0,0,0,0,0,0,0,0,3,6,6,6,1,0,0,0,0,0,0,0,0,0,1,6,6,6,6,0,0,0,0,0,0,0,0,0,0,5,6,6,6,3,0,0,0,0,0,0,0,0,0,0,6,6,6,6,5,2,2,2,0,0,0,0,0,0,0,6,6,6,6,6,6,6,6,6,6,5,1,0,0,0,3,4,4,4,4,4,4,4,4,4,4,2,3,"mfeat-pixel","att60",0.9
0,0,3,5,6,6,6,3,1,0,0,0,0,0,0,0,5,6,6,6,6,6,6,6,6,5,3,1,0,0,3,6,6,6,3,2,2,4,6,6,6,6,6,2,0,0,6,6,6,3,0,0,0,0,3,6,6,6,6,1.15,0,2,6,6,6,2,0,0,0,0,4,6,6,6,4,0,0,1,2,2,0,0,0,0,0,3,6,6,6,3,0,0,0,0,0,0,0,0,0,1,5,6,6,3,0,0,0,0,0,0,1,3,5,6,6,5,4,3,0,0,0,0,0,0,3,6,6,6,3,1,0,0,0,0,0,0,0,0,2,6,6,4,1,0,0,0,0,0,0,0,0,0,3,6,6,2,0,0,0,0,0,0,0,0,0,0,0,6,6,6,0,0,0,0,0,0,0,0,0,0,0,1,6,6,6,3,0,0,0,0,0,0,0,0,0,0,2,6,6,6,5,1,0,0,0,0,2,2,4,3,0,0,5,6,6,6,6,5,4,4,6,6,6,6,5,0,0,0,3,4,4,4,4,4,4,4,4,3,1,0,3,"mfeat-pixel","att60",0.9
0,0,0,0,0,3,6,6,5,4,6,6,5,4,1,0,0,0,0,5,6,6,6,6,6,6,6,6,6,5,0,0,0,2,6,6,4,0,0,1,5,6,6,6,2,0,0,0,6,6,6,0,0,0,0,3,6,6,6,-1.77,0,0,0,6,6,6,1,0,0,0,6,6,6,4,0,0,0,0,6,6,6,2,0,0,2,6,6,6,1,0,0,0,0,1,2,1,0,0,0,6,6,6,2,0,0,0,0,0,0,0,0,0,0,3,6,6,6,0,0,0,0,0,0,0,0,0,3,6,6,6,5,1,0,0,0,0,0,0,0,1,5,6,6,6,4,0,0,0,0,0,0,0,0,1,6,6,6,6,3,0,0,0,0,0,0,0,0,0,5,6,6,5,1,0,0,0,0,0,0,0,0,0,4,6,6,6,3,0,0,0,0,0,0,0,0,1,5,6,6,6,6,6,4,3,0,0,0,0,0,0,5,6,6,6,6,6,6,6,6,5,1,0,0,0,0,0,0,2,4,4,4,4,4,4,4,2,0,0,0,0,3,"mfeat-pixel","att60",0.9
0,0,0,2,4,4,6,4,3,0,0,0,0,0,0,3,6,6,6,6,6,6,6,6,5,1,0,0,0,0,6,6,6,6,6,6,6,6,6,6,6,1,0,0,0,3,6,6,6,5,1,1,6,6,6,6,5,0,0,2.1,1,6,6,6,3,0,0,5,6,6,6,6,3,0,0,0,1,2,2,0,0,0,4,6,6,6,6,3,0,0,0,0,0,0,0,0,0,6,6,6,6,4,0,0,0,0,0,0,0,0,0,4,6,6,6,6,0,0,0,0,0,0,0,0,0,4,6,6,6,6,5,0,0,0,0,0,0,0,0,4,6,6,6,6,5,0,0,0,0,0,0,0,0,3,6,6,6,6,5,1,0,0,0,0,0,0,0,3,6,6,6,6,5,1,0,0,0,0,0,0,0,3,6,6,6,6,6,1,0,0,0,0,0,0,0,3,6,6,6,6,6,6,4,4,4,4,4,4,4,1,5,6,6,6,6,6,6,6,6,6,6,6,6,6,3,1,4,4,4,4,4,4,4,4,4,4,4,4,2,0,3,"mfeat-pixel","att60",0.9
0,1,4,5,6,6,6,6,5,3,3,3,0,0,0,1,6,6,6,6,6,6,6,6,6,6,6,5,1,0,3,6,6,6,5,2,2,4,6,6,6,6,6,5,1,5,6,6,6,3,0,0,0,0,1,5,6,6,6,5.84,6,6,6,6,2,0,0,0,0,0,3,6,6,6,6,4,6,6,3,0,0,0,0,0,0,3,6,6,6,5,1,4,3,0,0,0,0,0,0,1,5,6,6,4,0,0,0,0,0,0,0,0,1,3,6,6,6,5,1,0,0,0,0,0,0,0,3,6,6,6,6,3,0,0,0,0,0,0,2,4,6,6,6,6,3,1,0,0,0,0,0,1,5,6,6,6,6,5,1,0,0,0,0,0,0,2,6,6,6,6,6,3,0,0,0,0,0,0,0,0,5,6,6,6,6,3,0,0,0,0,0,0,0,0,0,6,6,6,6,6,6,4,2,2,2,2,2,2,1,0,6,6,6,6,6,6,6,6,6,6,6,6,6,2,0,1,3,4,4,4,4,4,4,4,4,3,2,0,0,0,3,"mfeat-pixel","att60",0.9
1,5,6,4,4,5,6,6,6,6,6,4,3,0,0,5,6,6,6,6,6,6,6,6,6,6,6,6,1,0,4,6,6,6,6,6,3,0,3,6,6,6,6,5,0,3,6,6,6,6,3,0,0,0,1,6,6,6,6,3.31,1,6,6,6,6,4,0,0,0,2,6,6,6,6,3,0,4,6,6,6,6,2,0,0,3,6,6,6,6,0,0,0,6,6,5,3,0,0,1,6,6,6,6,2,0,0,0,1,1,0,0,0,1,6,6,6,6,2,0,0,0,0,0,0,0,0,1,6,6,6,6,4,0,0,0,0,0,0,0,0,0,3,6,6,6,6,0,0,0,0,0,0,0,0,0,3,6,6,6,5,1,0,0,0,0,0,0,0,0,5,6,6,6,6,2,0,0,0,0,0,0,0,0,1,6,6,6,6,4,0,0,0,0,0,0,0,0,0,5,6,6,6,5,0,0,0,0,0,0,0,0,0,0,6,6,6,6,6,4,6,6,5,1,0,0,0,0,0,3,4,4,4,4,4,4,4,4,1,0,0,3,"mfeat-pixel","att60",0.9
0,0,3,4,4,6,4,5,6,6,4,4,3,0,0,0,4,6,6,6,5,4,4,5,6,6,6,6,2,0,0,6,6,6,4,0,0,0,0,4,6,6,6,3,0,2,6,6,6,3,0,0,0,0,3,6,6,6,6,-1.5,6,6,6,4,0,0,0,0,0,4,6,6,6,6,0,5,6,6,3,0,0,0,0,5,6,6,6,6,5,0,0,2,2,0,0,0,0,0,3,6,6,6,5,1,0,0,0,0,0,0,0,1,4,6,6,6,4,0,0,0,0,0,0,0,0,1,6,6,6,6,6,2,0,0,0,0,0,0,0,1,5,6,6,6,6,1,0,0,0,0,0,0,2,6,6,6,6,6,6,3,0,0,0,0,0,0,0,5,6,6,6,6,6,1,0,0,0,0,0,0,0,0,6,6,6,6,6,6,3,0,0,0,0,0,0,0,0,6,6,6,6,6,6,5,2,2,3,4,1,0,0,0,5,6,6,6,6,6,6,6,6,6,6,6,2,0,0,0,2,4,4,4,4,4,4,4,4,4,4,1,3,"mfeat-pixel","att60",0.9
0,0,0,1,4,5,6,5,4,1,0,0,0,0,0,0,0,0,4,6,6,6,6,6,6,3,0,0,0,0,0,0,4,6,6,4,5,6,6,6,6,2,0,0,0,0,5,6,6,3,0,0,5,6,6,6,3,0,0,2.61,5,6,6,6,3,0,0,3,6,6,6,3,0,0,0,6,6,6,6,2,0,0,3,6,6,6,3,0,0,0,1,4,2,0,0,0,0,3,6,6,6,1,0,0,0,0,0,0,0,0,0,0,5,6,6,3,0,0,0,0,0,0,0,0,0,0,3,6,6,4,0,0,0,0,0,0,0,0,0,0,2,6,6,6,0,0,0,0,0,0,0,0,0,0,3,6,6,6,2,0,0,0,0,0,0,0,0,0,4,6,6,5,1,0,0,0,0,0,0,0,0,0,3,6,6,6,1,0,0,0,0,2,0,0,0,0,1,6,6,6,6,5,4,4,4,6,6,6,4,1,0,2,6,6,6,6,6,6,6,6,6,6,6,6,6,0,0,3,4,4,4,4,4,4,4,4,4,4,4,1,3,"mfeat-pixel","att60",0.9
0,0,1,3,4,4,5,6,6,5,3,0,0,0,0,0,2,6,6,6,6,6,6,6,6,6,5,0,0,0,0,4,6,6,6,6,6,6,6,6,6,6,0,0,0,2,6,6,6,6,4,2,6,6,6,6,6,0,0,-2.2,3,6,6,6,3,0,0,2,6,6,6,6,1,0,0,5,6,6,6,3,0,0,0,4,6,6,6,3,0,0,2,6,6,6,3,0,0,0,6,6,6,6,3,0,0,0,3,3,0,0,0,0,1,6,6,6,5,0,0,0,0,0,0,0,0,0,1,5,6,6,5,0,0,0,0,0,0,1,3,0,1,5,6,6,4,0,0,0,0,0,0,0,0,1,4,6,6,6,5,0,0,0,0,0,0,0,0,0,3,6,6,6,6,1,0,0,0,0,0,0,0,0,0,4,6,6,6,4,0,0,0,0,0,0,0,0,0,2,6,6,6,6,6,5,2,3,5,5,0,0,0,0,2,6,6,6,6,6,6,6,6,6,6,5,3,0,0,0,4,4,4,4,4,4,4,4,4,4,4,3,3,"mfeat-pixel","att60",0.9
0,0,0,3,6,5,4,1,0,0,0,0,0,0,0,0,1,5,6,6,6,6,6,4,1,0,0,0,0,0,0,6,6,6,6,6,6,6,6,6,3,0,0,0,0,4,6,6,6,6,6,6,6,6,6,6,0,0,0,1.18,6,6,6,6,6,6,6,6,6,6,6,2,0,0,0,3,4,6,6,6,6,6,6,6,6,6,1,0,0,0,0,0,0,1,5,6,6,6,6,6,3,0,0,0,0,0,0,0,0,0,6,6,6,6,2,0,0,0,0,0,0,0,0,0,5,6,6,6,4,0,0,0,0,0,0,0,0,0,4,6,6,6,6,3,0,0,0,0,0,0,0,0,1,6,6,6,6,6,2,0,0,0,0,0,0,0,0,5,6,6,6,6,4,0,0,0,0,0,0,0,0,0,6,6,6,6,6,4,0,2,1,0,0,0,0,0,0,6,6,6,6,6,6,6,6,6,5,3,0,0,0,0,2,6,6,6,6,6,6,6,6,6,6,5,1,0,0,0,3,4,4,4,4,4,4,4,4,4,4,1,3,"mfeat-pixel","att60",0.9
0,0,3,6,6,5,4,4,2,0,0,0,0,0,0,0,5,6,6,6,6,6,6,6,5,3,0,0,0,0,3,6,6,6,3,2,2,5,6,6,6,4,0,0,0,4,6,6,6,0,0,0,3,6,6,6,6,1,0,1.24,6,6,6,6,0,0,0,3,6,6,6,6,3,0,0,3,6,6,2,0,0,0,3,6,6,6,6,0,0,0,0,1,1,0,0,0,0,3,6,6,6,6,0,0,0,0,0,0,0,0,0,0,3,6,6,6,4,0,0,0,0,0,0,0,0,0,1,6,6,6,6,0,0,0,0,0,0,0,0,0,0,5,6,6,6,6,0,0,0,0,0,0,0,0,1,5,6,6,6,3,1,0,0,0,0,0,0,0,0,6,6,6,6,3,0,0,0,0,0,0,0,0,0,0,6,6,6,6,2,0,0,0,0,0,0,0,0,0,1,6,6,6,6,3,2,2,0,0,0,0,0,0,0,5,6,6,6,6,6,6,6,6,6,5,1,0,0,0,3,4,4,4,4,4,4,4,4,4,4,2,3,"mfeat-pixel","att60",0.9
1,5,6,6,5,2,0,0,0,0,0,0,0,0,0,3,6,6,6,6,6,6,4,1,0,0,0,0,0,0,4,6,6,6,6,6,6,6,3,0,0,0,0,0,0,6,6,6,6,5,5,6,6,3,0,0,0,0,0,1.09,6,6,6,6,0,0,5,6,6,1,0,0,0,0,0,6,6,6,6,3,0,3,6,6,3,0,0,0,0,0,3,6,6,6,0,0,3,6,6,3,0,0,0,0,0,1,5,5,3,0,0,3,6,6,3,0,0,0,0,0,0,0,0,0,0,0,3,6,6,3,0,0,0,0,0,0,0,0,0,0,1,6,6,6,6,0,0,0,0,0,0,0,0,0,0,3,6,6,6,4,0,0,0,0,0,0,0,0,0,0,1,6,6,6,3,0,0,0,0,0,0,0,0,0,0,0,3,6,6,3,0,0,1,2,0,0,0,0,0,0,1,6,6,6,6,4,5,6,6,5,0,0,0,0,0,1,6,6,6,6,6,6,6,6,6,0,0,0,0,0,0,1,4,4,4,4,4,4,4,4,3,"mfeat-pixel","att60",0.9
0,0,0,1,5,6,6,6,6,6,5,1,0,0,0,0,3,4,6,6,6,4,5,6,6,6,5,2,0,0,3,6,6,6,5,1,0,0,1,5,6,6,6,5,1,0,2,2,2,0,0,0,0,0,3,6,6,6,6,3.34,0,0,0,0,0,0,0,0,0,3,6,6,6,6,3,0,0,0,0,0,0,0,0,0,3,6,6,6,6,2,0,0,0,0,0,0,0,0,0,3,6,6,6,6,0,0,0,0,0,0,0,0,0,0,3,6,6,6,5,0,0,0,0,0,0,0,0,0,0,4,6,6,5,1,0,0,0,0,0,0,0,0,3,5,6,6,3,0,0,0,0,0,0,0,0,3,6,6,6,6,3,0,0,0,0,0,0,0,0,5,6,6,6,6,4,0,0,0,0,0,0,0,1,5,6,6,6,5,3,0,0,0,0,0,0,0,2,6,6,6,4,0,0,0,0,0,0,0,0,0,2,6,6,6,6,6,4,4,4,4,4,4,4,1,0,2,4,4,4,4,4,4,4,4,4,4,4,4,2,0,3,"mfeat-pixel","att60",0.9
0,3,6,6,6,6,6,6,6,5,3,0,0,0,0,0,6,6,6,6,6,6,6,6,6,6,5,0,0,0,1,6,6,6,6,6,6,6,6,6,6,6,0,0,0,3,6,6,6,6,6,6,6,6,6,6,6,0,0,-0.6,3,6,6,6,3,5,6,6,6,6,6,5,0,0,0,1,5,6,6,6,6,6,6,6,5,2,0,0,0,0,0,0,0,1,6,6,6,6,6,3,0,0,0,0,0,0,0,0,0,5,6,6,6,6,2,0,0,0,0,0,0,0,0,0,1,6,6,6,4,0,0,0,0,0,0,0,0,0,0,6,6,6,6,3,0,0,0,0,0,0,0,0,0,1,6,6,6,6,1,0,0,0,0,0,0,0,0,1,6,6,6,6,3,0,0,0,0,0,0,0,0,0,2,6,6,6,6,0,0,0,0,0,0,0,0,0,0,0,6,6,6,6,5,4,6,6,6,6,5,0,0,0,0,6,6,6,6,6,6,6,6,6,6,6,3,0,0,0,3,4,4,4,4,4,4,4,4,4,3,0,3,"mfeat-pixel","att60",0.9
0,2,5,5,4,5,6,6,6,6,6,2,0,0,0,3,6,6,6,6,6,6,6,6,6,6,6,1,0,0,6,6,6,6,5,2,2,5,6,6,6,6,3,0,0,4,6,6,6,3,0,0,0,6,6,6,6,3,0,-0.6,3,6,6,6,1,0,0,0,6,6,6,6,3,0,0,0,3,4,1,0,0,0,1,6,6,6,6,1,0,0,0,0,0,0,0,0,0,6,6,6,6,6,0,0,0,0,0,0,0,0,0,1,6,6,6,6,1,0,0,0,0,0,0,0,0,0,3,6,6,6,6,0,0,0,0,0,0,0,0,0,0,5,6,6,6,5,0,0,0,0,0,0,0,0,0,5,6,6,6,5,0,0,0,0,0,0,0,0,0,5,6,6,6,6,2,0,0,0,0,0,0,0,0,3,6,6,6,6,4,0,0,0,0,0,0,0,0,0,4,6,6,6,6,6,4,4,4,6,6,3,0,0,2,6,6,6,6,6,6,6,6,6,6,6,5,0,0,1,4,4,4,4,4,4,4,4,4,4,2,0,3,"mfeat-pixel","att60",0.9
0,0,3,4,4,5,6,6,6,6,5,2,0,0,0,0,2,6,6,6,6,6,6,6,6,6,6,5,1,0,2,6,6,6,6,6,6,6,6,6,6,6,6,5,0,2,6,6,6,6,6,4,5,6,6,6,6,6,6,-1.4,0,5,6,6,3,1,0,1,6,6,6,6,6,6,3,0,0,0,0,1,4,4,6,6,6,6,6,6,6,1,0,0,0,3,6,6,6,6,6,6,6,6,6,3,0,0,1,5,6,6,6,6,6,6,6,6,3,0,0,0,1,6,6,6,6,6,6,6,6,3,0,0,0,0,0,2,6,6,6,6,6,6,5,1,0,0,0,0,0,0,0,6,6,6,6,6,6,1,0,0,0,0,0,0,0,2,6,6,6,6,6,6,0,0,0,0,0,0,0,0,6,6,6,6,6,6,6,3,2,2,0,0,0,0,0,2,6,6,6,6,6,6,6,6,6,6,6,5,1,0,0,2,6,6,6,6,6,6,6,6,6,6,6,5,0,0,0,3,4,4,4,4,4,4,4,4,4,4,3,0,3,"mfeat-pixel","att60",0.9
5,6,6,5,5,6,6,6,6,6,6,5,3,0,0,6,6,6,6,6,6,6,6,6,6,6,6,6,4,0,6,6,6,6,5,2,2,0,2,5,6,6,6,6,3,5,6,6,6,3,0,0,0,0,0,4,6,6,6,4.84,3,6,6,6,6,1,0,0,0,0,3,6,6,6,6,2,6,6,6,6,2,0,0,0,1,6,6,6,6,2,0,1,5,6,3,0,0,0,3,6,6,6,6,2,0,0,0,0,0,0,0,1,5,6,6,6,6,5,0,0,0,0,0,0,0,2,6,6,6,6,6,3,0,0,0,0,0,0,0,0,4,6,6,6,6,3,0,0,0,0,0,0,0,0,4,6,6,6,6,6,1,0,0,0,0,0,0,0,3,6,6,6,6,5,1,0,0,0,0,0,0,0,1,5,6,6,6,4,0,0,0,0,0,0,0,0,0,6,6,6,6,6,1,1,2,2,0,0,0,0,0,0,6,6,6,6,6,6,6,6,6,2,0,0,0,0,0,3,4,4,4,4,4,4,4,1,0,0,0,0,3,"mfeat-pixel","att60",0.9
0,0,0,3,6,6,6,6,6,6,6,6,5,4,1,0,0,2,6,6,6,6,6,6,6,6,6,6,6,3,0,1,6,6,6,3,0,0,0,3,6,6,6,6,6,0,4,6,6,5,0,0,0,0,3,6,6,6,6,-1.98,0,6,6,6,1,0,0,0,0,6,6,6,5,1,0,0,6,6,5,0,0,0,1,5,6,6,6,1,0,0,0,1,1,0,0,0,2,6,6,6,6,5,0,0,0,0,0,0,0,0,1,6,6,6,5,1,0,0,0,0,0,0,0,1,5,6,6,6,6,1,0,0,0,0,0,0,0,0,5,6,6,6,6,1,0,0,0,0,0,0,0,0,5,6,6,6,6,1,0,0,0,0,0,0,0,0,4,6,6,6,6,2,0,0,0,0,0,0,0,0,2,6,6,6,6,1,0,0,0,0,0,0,0,0,0,3,6,6,6,6,3,1,1,2,0,0,0,0,0,0,6,6,6,6,6,6,6,6,6,6,5,1,0,0,0,1,4,4,4,4,4,4,4,4,4,4,1,0,0,0,3,"mfeat-pixel","att60",0.9
0,0,0,1,4,5,6,6,6,5,4,1,0,0,0,0,0,1,5,6,6,6,6,6,6,6,6,3,0,0,0,0,6,6,6,6,3,0,4,6,6,6,6,2,0,0,1,6,6,6,1,0,0,3,6,6,6,5,0,-0.16,1,6,6,6,6,2,0,0,4,6,6,6,0,0,0,3,6,6,6,3,0,0,3,6,6,6,5,0,0,0,4,6,6,6,0,0,2,6,6,6,6,1,0,0,0,5,6,6,4,0,0,5,6,6,6,3,0,0,0,0,2,6,6,2,0,4,6,6,6,5,0,0,0,0,0,0,1,1,0,3,6,6,6,5,0,0,0,0,0,0,0,0,0,3,6,6,6,6,1,0,0,0,0,0,0,0,0,2,6,6,6,6,1,0,0,0,0,0,0,0,0,0,6,6,6,6,6,3,3,4,4,3,2,2,0,0,0,3,6,6,6,6,6,6,6,6,6,6,6,5,0,0,0,5,6,6,6,6,6,6,6,6,6,6,5,0,0,0,1,4,4,4,4,4,2,2,4,4,2,0,3,"mfeat-pixel","att60",0.9
0,0,1,4,5,6,6,6,6,6,3,0,0,0,0,0,2,6,6,6,6,6,6,6,6,6,5,1,0,0,0,5,6,6,5,2,2,2,4,6,6,6,5,0,0,3,6,6,6,3,0,0,0,0,1,6,6,6,4,2.77,3,6,6,6,3,0,0,0,0,1,6,6,6,6,0,6,6,6,6,3,0,0,0,0,5,6,6,5,1,0,1,4,6,3,0,0,0,3,5,6,6,6,3,0,0,0,0,0,0,0,1,5,6,6,6,5,3,0,0,0,0,0,0,0,3,6,6,6,6,3,0,0,0,0,0,0,0,0,4,6,6,6,5,1,0,0,0,0,0,0,0,0,5,6,6,5,3,0,0,0,0,0,0,0,0,0,4,6,6,6,0,0,0,0,0,0,0,0,0,0,2,6,6,6,6,5,4,4,4,3,2,2,0,2,0,1,5,6,6,6,6,6,6,6,6,6,6,6,6,5,0,0,2,2,2,2,2,2,2,5,6,6,4,4,3,0,0,0,0,0,0,0,0,0,0,2,1,0,0,0,3,"mfeat-pixel","att60",0.9
0,0,0,0,2,5,6,6,6,5,2,0,0,0,0,0,0,3,5,6,6,6,6,6,6,6,5,3,0,0,0,3,6,6,6,5,1,0,2,5,6,6,6,3,0,0,3,6,6,6,0,0,0,0,3,6,6,6,3,-1.52,0,3,6,6,6,3,0,0,0,3,6,6,6,3,0,0,2,6,6,6,2,0,0,0,3,6,6,6,3,0,0,0,1,4,1,0,0,0,1,5,6,6,6,2,0,0,0,0,0,0,0,1,4,6,6,6,5,1,0,0,0,0,0,0,1,5,6,6,6,4,1,0,0,0,0,0,0,0,3,6,6,6,5,1,0,0,0,0,0,0,0,1,5,6,6,6,3,0,0,0,0,0,0,0,0,2,6,6,6,6,3,0,0,0,0,0,0,0,0,0,5,6,6,6,3,0,0,0,0,0,0,0,0,0,0,6,6,6,6,5,2,1,0,2,2,0,0,0,0,0,5,6,6,6,6,6,6,6,6,6,6,4,4,4,3,2,4,4,4,4,4,4,4,4,4,4,4,4,4,4,3,"mfeat-pixel","att60",0.9
3,6,6,6,5,3,2,0,0,0,0,0,0,0,0,6,6,6,6,6,6,6,5,1,0,0,0,0,0,0,6,6,6,6,6,6,6,6,6,1,0,0,0,0,0,6,6,6,6,4,6,6,6,6,3,0,0,0,0,-3.25,6,6,6,2,2,6,6,6,6,3,0,0,0,0,0,6,6,6,0,0,4,6,6,6,3,0,0,0,0,0,3,4,1,0,0,2,6,6,6,6,1,0,0,0,0,0,0,0,0,0,0,6,6,6,6,3,0,0,0,0,0,0,0,0,0,4,6,6,6,6,1,0,0,0,0,0,0,0,0,0,4,6,6,6,3,0,0,0,0,0,0,0,0,0,0,5,6,6,6,1,0,0,0,0,0,0,0,0,0,2,6,6,6,6,2,0,0,0,0,0,0,0,0,0,0,6,6,6,6,3,0,0,0,0,0,0,0,0,0,3,6,6,6,6,5,3,2,2,2,0,0,0,0,0,3,6,6,6,6,6,6,6,6,6,5,0,0,0,0,1,4,4,4,4,4,4,4,4,4,4,3,"mfeat-pixel","att60",0.9
0,0,0,0,0,0,0,1,3,6,6,6,5,4,3,0,0,0,0,0,0,3,6,6,6,6,6,6,6,6,0,0,0,0,1,5,6,5,1,0,4,6,6,6,6,0,0,0,1,6,6,4,0,0,0,3,6,6,6,5.56,0,0,0,5,6,5,0,0,0,0,3,6,6,6,6,0,0,5,6,6,3,0,0,0,0,3,6,6,6,6,0,0,3,6,6,5,0,0,0,0,4,6,6,6,5,0,0,0,1,4,3,0,0,1,5,6,6,6,5,1,0,0,0,0,0,0,3,6,6,6,6,6,3,0,0,0,0,0,0,1,5,6,6,6,6,5,1,0,0,0,0,0,0,0,4,6,6,6,5,3,0,0,0,0,0,0,0,3,5,6,5,4,2,0,0,0,0,0,0,0,3,6,6,6,6,0,0,0,0,0,0,0,0,0,0,6,6,6,6,6,5,4,4,4,4,4,3,0,0,0,5,6,6,6,6,6,6,6,6,6,6,6,3,0,0,0,2,4,4,4,4,4,4,4,4,4,4,2,0,0,3,"mfeat-pixel","att60",0.9
1,4,5,6,6,6,6,6,6,6,5,1,0,0,0,5,6,6,6,6,6,6,6,6,6,6,6,1,0,0,3,6,6,6,3,0,0,0,3,6,6,6,3,0,0,3,6,6,4,0,0,0,0,0,4,6,6,3,0,-3.01,3,6,6,6,0,0,0,0,2,6,6,6,3,0,0,3,6,6,4,0,0,0,0,5,6,6,6,1,0,0,1,5,6,3,0,0,1,5,6,6,6,3,0,0,0,0,0,2,0,0,1,5,6,6,6,3,0,0,0,0,0,0,0,0,1,6,6,6,5,1,0,0,0,0,0,0,0,0,1,6,6,6,5,0,0,0,0,0,0,0,0,0,0,4,6,6,6,2,0,0,0,0,0,0,0,0,0,2,6,6,6,3,0,0,0,0,0,0,0,0,0,0,6,6,6,4,0,0,0,0,0,0,0,0,0,0,0,5,6,6,6,3,0,0,0,0,0,0,0,0,0,0,2,6,6,6,6,6,6,6,6,6,6,6,2,0,0,0,1,4,4,4,4,4,4,4,4,4,4,1,3,"mfeat-pixel","att60",0.9
0,1,5,6,4,6,6,6,6,6,3,0,0,0,0,1,6,6,6,6,6,6,6,6,6,6,3,0,0,0,3,6,6,3,0,0,0,4,6,6,6,3,0,0,0,6,6,6,1,0,0,0,0,5,6,6,5,0,0,1.11,6,6,6,2,0,0,0,0,3,6,6,6,0,0,0,6,6,6,2,0,0,0,0,3,6,6,4,0,0,0,6,6,6,2,0,0,0,3,6,6,6,0,0,0,0,1,2,1,0,0,0,4,6,6,3,1,0,0,0,0,0,0,0,0,0,3,6,6,5,0,0,0,0,0,0,0,0,0,0,3,6,6,5,0,0,0,0,0,0,0,0,0,0,0,6,6,5,0,0,0,0,0,0,0,0,0,0,0,2,6,6,3,0,0,0,0,0,0,0,0,0,0,0,6,6,6,3,0,0,0,0,0,0,0,0,0,0,0,6,6,6,5,2,2,2,0,0,2,2,1,0,0,3,6,6,6,6,6,6,6,6,6,6,6,5,0,0,2,4,4,4,4,4,4,4,4,4,4,4,1,3,"mfeat-pixel","att60",0.9
0,0,3,6,4,4,6,6,4,4,4,3,1,0,0,0,5,6,6,6,6,6,6,6,6,6,6,6,5,1,3,6,6,6,6,5,2,2,3,5,6,6,6,6,5,4,6,6,6,6,2,0,0,0,0,6,6,6,6,5.4,3,6,6,6,3,0,0,0,0,3,6,6,6,6,1,0,1,2,1,0,0,0,0,3,6,6,6,6,2,0,0,0,0,0,0,0,0,2,6,6,6,6,4,0,0,0,0,0,0,0,0,3,6,6,6,6,6,0,0,0,0,0,0,0,0,3,6,6,6,6,6,2,0,0,0,0,0,0,0,2,6,6,6,6,3,1,0,0,0,0,0,0,0,0,6,6,6,6,2,0,0,0,0,0,0,0,0,0,1,6,6,6,4,0,0,0,0,0,0,0,0,0,0,5,6,6,6,0,0,0,0,0,0,0,0,0,0,1,6,6,6,6,1,0,0,0,0,0,0,0,0,0,5,6,6,6,6,6,6,6,6,6,5,0,0,0,0,3,4,4,4,4,4,4,4,4,4,3,0,0,3,"mfeat-pixel","att60",0.9
0,0,0,0,3,4,5,6,6,5,4,3,0,0,0,0,0,1,5,6,6,6,6,6,6,6,6,5,1,0,0,0,6,6,6,6,6,6,6,6,6,6,6,6,1,0,0,4,6,6,6,4,0,2,4,5,6,6,6,1.51,0,0,4,6,6,6,2,0,0,0,0,6,6,6,6,0,2,6,6,6,4,0,0,0,0,3,6,6,6,6,0,5,6,6,6,2,0,0,0,3,6,6,6,6,2,0,0,1,2,1,0,0,0,1,5,6,6,6,4,0,0,0,0,0,0,0,0,3,6,6,6,6,5,0,0,0,0,0,0,1,4,6,6,6,6,4,3,0,0,0,0,0,1,4,6,6,6,6,6,2,0,0,0,0,0,0,5,6,6,6,6,5,2,0,0,0,0,0,0,0,0,6,6,6,6,6,4,0,0,0,0,0,0,0,0,2,6,6,6,6,6,6,6,4,4,4,3,1,0,0,2,6,6,6,6,6,6,6,6,6,6,6,6,3,0,0,3,4,4,4,4,4,4,4,4,4,4,4,3,0,3,"mfeat-pixel","att60",0.9
0,0,0,1,4,4,4,5,6,6,5,1,0,0,0,0,1,4,6,6,6,6,6,6,6,6,6,3,0,0,1,6,6,6,6,6,4,2,2,4,6,6,6,6,2,5,6,6,6,3,0,0,0,0,0,1,6,6,6,3.4,4,6,6,4,0,0,0,0,0,0,1,6,6,6,3,4,6,6,3,0,0,0,0,0,0,5,6,6,6,2,1,4,3,0,0,0,0,0,0,5,6,6,6,3,0,0,0,0,0,0,0,0,1,5,6,6,6,5,0,0,0,0,0,0,0,0,1,5,6,6,6,3,0,0,0,0,0,0,0,0,1,6,6,6,5,1,0,0,0,0,0,0,0,0,1,6,6,6,5,0,0,0,0,0,0,0,0,0,2,6,6,6,6,1,0,0,0,0,0,0,0,0,0,6,6,6,6,1,0,0,0,0,0,0,0,0,0,0,6,6,6,6,5,2,1,0,1,1,0,0,0,0,2,6,6,6,6,6,6,6,6,6,6,3,0,0,0,0,3,4,4,4,4,4,4,4,4,4,3,0,3,"mfeat-pixel","att60",0.9
0,0,0,0,1,3,6,6,6,6,6,5,1,0,0,0,0,2,5,6,6,3,2,3,6,6,6,5,0,0,3,5,6,6,6,2,0,0,0,3,6,6,6,0,0,6,6,6,6,3,0,0,0,0,6,6,6,6,0,0.67,1,2,2,1,0,0,0,0,3,6,6,6,2,0,0,0,0,0,0,0,0,0,0,5,6,6,6,0,0,0,0,0,0,0,0,0,0,1,6,6,6,3,0,0,0,0,0,0,0,0,0,3,6,6,6,3,0,0,0,0,0,0,0,0,0,3,6,6,6,5,1,0,0,0,0,0,0,0,1,5,6,6,6,3,0,0,0,0,0,0,0,0,3,6,6,6,6,2,0,0,0,0,0,0,0,0,4,6,6,6,5,1,0,0,0,0,0,0,0,0,2,6,6,6,6,0,0,0,0,1,2,1,0,0,0,6,6,6,6,6,5,4,4,5,6,6,6,5,1,0,1,4,6,6,6,6,6,6,6,6,6,6,6,6,0,0,0,0,0,1,3,4,4,3,2,3,4,4,4,0,3,"mfeat-pixel","att60",0.9
2,6,6,6,5,4,2,0,0,0,0,0,0,0,0,6,6,6,6,6,6,6,6,5,1,0,0,0,0,0,6,6,6,6,6,6,6,6,6,6,2,0,0,0,0,6,6,6,6,5,5,6,6,6,6,3,0,0,0,1.15,6,6,6,5,0,0,6,6,6,6,4,0,0,0,0,1,2,2,0,0,2,6,6,6,6,5,0,0,0,0,0,0,0,0,1,6,6,6,6,6,2,0,0,0,0,0,0,0,0,2,6,6,6,6,4,0,0,0,0,0,0,0,0,0,0,6,6,6,6,2,0,0,0,0,0,0,0,0,0,4,6,6,6,4,0,0,0,0,0,0,0,0,0,3,6,6,6,6,2,0,0,0,0,0,0,0,0,2,6,6,6,6,2,0,0,0,0,0,0,0,0,0,1,6,6,6,6,2,0,0,0,0,0,0,0,0,0,2,6,6,6,6,5,2,2,1,1,1,0,0,0,0,1,6,6,6,6,6,6,6,6,6,6,4,1,0,0,0,4,4,4,4,4,4,4,4,4,4,4,1,3,"mfeat-pixel","att60",0.9
3,4,6,6,6,6,6,6,6,6,6,5,4,1,0,6,6,6,6,6,6,6,6,6,6,6,6,6,1,0,5,6,6,6,6,1,0,2,5,6,6,6,6,1,0,3,6,6,6,3,0,0,0,4,6,6,6,6,3,2.88,0,3,4,1,0,0,0,3,6,6,6,6,6,1,0,0,0,0,0,0,0,0,3,6,6,6,6,6,0,0,0,0,0,0,0,1,2,5,6,6,6,5,1,0,0,0,0,0,0,0,6,6,6,6,6,3,0,0,0,0,0,0,0,0,0,6,6,6,6,6,0,0,0,0,0,0,0,0,0,3,6,6,6,6,6,0,0,0,0,0,0,0,0,3,6,6,6,6,6,2,0,0,0,0,0,0,0,0,3,6,6,6,5,1,0,0,0,0,0,0,0,0,0,4,6,6,6,3,0,0,0,0,0,0,0,0,3,6,6,6,6,6,6,3,1,0,0,0,0,0,0,6,6,6,6,6,6,6,6,6,6,6,6,5,1,0,3,4,4,4,4,4,4,4,4,4,4,4,4,2,3,"mfeat-pixel","att60",0.9
2,6,6,6,6,6,6,6,6,6,6,6,6,5,1,4,6,6,6,6,6,6,6,6,6,6,6,6,6,2,6,6,6,6,6,3,0,1,3,6,6,6,6,6,0,5,6,6,6,4,0,0,0,1,6,6,6,6,6,2.02,3,6,6,6,6,0,0,0,3,6,6,6,6,5,0,1,5,6,4,1,0,0,2,6,6,6,6,6,1,0,0,0,0,0,0,0,0,4,6,6,6,6,6,0,0,0,0,0,0,0,0,5,6,6,6,6,4,1,0,0,0,0,0,0,0,0,6,6,6,6,1,0,0,0,0,0,0,0,0,0,3,6,6,6,5,0,0,0,0,0,0,0,0,2,6,6,6,6,3,0,0,0,0,0,0,0,0,0,4,6,6,6,2,0,0,0,0,0,0,0,0,1,5,6,6,6,3,0,0,0,0,0,0,0,0,2,6,6,6,6,6,4,2,2,2,2,1,0,0,0,5,6,6,6,6,6,6,6,6,6,6,6,5,0,0,0,3,4,4,4,4,4,4,4,4,4,4,3,0,0,3,"mfeat-pixel","att60",0.9
0,1,4,6,6,6,5,5,6,6,6,5,1,0,0,0,6,6,6,6,6,6,6,6,6,6,6,6,0,0,1,6,6,6,6,4,0,0,4,6,6,6,6,3,0,2,6,6,6,6,3,0,0,3,6,6,6,6,3,-2.26,0,1,2,2,2,0,0,0,4,6,6,6,6,3,0,0,0,0,0,0,0,0,0,5,6,6,6,6,2,0,0,0,0,0,0,0,0,0,4,6,6,6,5,0,0,0,0,0,0,0,0,2,6,6,6,6,6,1,0,0,0,0,0,0,0,0,4,6,6,6,6,2,0,0,0,0,0,0,0,5,6,6,6,6,5,1,0,0,0,0,0,0,0,1,6,6,6,6,5,1,0,0,0,0,0,0,0,0,5,6,6,6,4,0,0,0,0,0,0,0,0,0,1,6,6,6,6,2,0,0,0,0,0,0,0,0,5,6,6,6,6,6,0,0,0,0,0,0,0,0,2,6,6,6,6,6,6,5,5,6,6,6,6,3,0,0,3,4,4,4,4,4,4,4,4,4,4,4,1,0,3,"mfeat-pixel","att60",0.9
1,4,4,4,4,4,4,4,5,5,4,4,4,1,0,6,6,6,6,6,6,6,6,6,6,6,6,6,6,1,6,6,6,6,6,6,6,6,6,6,6,6,6,6,5,3,6,6,6,6,3,0,0,0,0,4,6,6,6,4.2,0,1,2,2,1,0,0,0,0,1,6,6,6,6,3,0,0,0,0,0,0,0,0,1,5,6,6,6,5,1,0,0,0,0,0,0,1,4,6,6,6,6,5,1,0,0,0,0,0,0,3,6,6,6,6,6,3,0,0,0,0,0,0,0,5,6,6,6,6,5,1,0,0,0,0,0,0,0,5,6,6,6,6,5,1,0,0,0,0,0,0,0,5,6,6,6,6,5,0,0,0,0,0,0,0,0,4,6,6,6,6,3,0,0,0,0,0,0,0,0,2,6,6,6,6,3,0,0,0,0,0,0,0,0,0,3,6,6,6,6,5,2,2,2,2,2,2,1,0,0,2,6,6,6,6,6,6,6,6,6,6,6,6,0,0,0,1,4,4,4,4,4,4,4,4,4,4,1,0,0,3,"mfeat-pixel","att60",0.9
0,0,3,4,6,6,6,6,6,6,6,6,6,3,0,0,5,6,6,6,6,6,6,6,6,6,6,6,6,4,0,5,6,6,6,5,2,2,2,5,6,6,6,6,6,0,5,6,6,3,0,0,0,0,3,6,6,6,6,8,5,6,6,6,0,0,0,0,0,3,6,6,6,6,2,6,6,6,6,0,0,0,0,1,6,6,6,6,6,0,1,4,3,1,0,0,0,2,6,6,6,6,6,5,0,0,0,0,0,0,0,3,6,6,6,6,6,3,0,0,0,0,0,1,5,6,6,6,6,6,6,3,0,0,0,0,0,1,5,6,6,6,6,4,0,0,0,0,0,0,0,1,6,6,6,6,6,5,1,0,0,0,0,0,0,0,6,6,6,6,6,3,0,0,0,0,0,0,0,0,0,6,6,6,6,4,0,0,0,0,0,0,0,0,0,0,6,6,6,6,5,2,2,2,2,2,2,2,1,0,0,5,6,6,6,6,6,6,6,6,6,6,6,6,2,0,0,1,3,4,4,4,4,4,4,4,4,4,4,1,3,"mfeat-pixel","att60",0.9
0,0,0,2,2,4,6,4,2,0,0,0,0,0,0,0,1,5,6,6,6,6,6,6,5,1,0,0,0,0,1,5,6,6,6,6,6,6,6,6,6,2,0,0,0,6,6,6,6,5,2,5,6,6,6,6,3,0,0,-0.13,6,6,6,6,3,0,0,4,6,6,6,3,0,0,0,6,6,6,6,3,0,0,5,6,6,6,1,0,0,0,3,6,6,6,2,0,4,6,6,6,3,0,0,0,0,0,0,2,1,1,5,6,6,6,5,1,0,0,0,0,0,0,0,2,5,6,6,6,4,0,0,0,0,0,0,0,0,3,6,6,6,6,2,0,0,0,0,0,0,0,0,3,6,6,6,5,1,0,0,0,0,0,0,0,0,1,6,6,6,6,3,0,0,0,0,0,0,0,0,0,3,6,6,6,6,4,0,2,2,2,2,2,2,0,0,2,6,6,6,6,6,6,6,6,6,6,6,6,5,1,0,1,5,6,6,6,6,6,6,6,6,6,6,6,6,0,0,0,3,4,4,4,2,2,2,2,2,2,2,1,3,"mfeat-pixel","att60",0.9
0,1,4,4,4,5,6,5,5,5,1,0,0,0,0,2,6,6,6,6,6,6,6,6,6,6,3,0,0,0,5,6,6,6,6,6,6,6,6,6,6,6,5,1,0,6,6,6,4,0,0,0,3,6,6,6,6,6,1,0.89,6,6,6,6,1,0,0,0,4,6,6,6,3,0,0,6,6,6,6,3,0,0,2,6,6,6,6,3,0,0,3,6,6,3,0,0,0,3,6,6,6,5,0,0,0,0,0,0,0,0,0,1,5,6,6,6,1,0,0,0,0,0,0,0,0,1,5,6,6,6,3,0,0,0,0,0,0,0,0,2,5,6,6,6,5,1,0,0,0,0,0,0,0,3,6,6,6,6,5,0,0,0,0,0,0,0,0,2,5,6,6,6,4,0,0,0,0,0,0,0,0,3,6,6,6,6,6,1,0,2,4,4,4,4,1,0,3,6,6,6,6,6,6,6,6,6,6,6,6,6,0,2,6,6,6,6,6,6,6,6,6,6,6,6,5,0,0,0,2,4,4,4,4,4,2,2,4,2,0,0,3,"mfeat-pixel","att60",0.9
0,3,4,4,4,6,6,5,4,4,4,4,3,0,0,3,6,6,6,6,6,6,6,6,6,6,6,6,5,0,1,6,6,6,6,6,3,2,4,5,6,6,6,6,2,0,6,6,6,6,2,0,0,0,0,6,6,6,6,5.28,3,6,6,5,1,0,0,0,0,4,6,6,6,6,2,1,5,6,2,0,0,0,0,0,6,6,6,6,5,0,0,0,0,0,0,0,0,0,0,6,6,6,6,1,0,0,0,0,0,0,0,0,0,3,6,6,6,6,0,0,0,0,0,0,0,0,0,4,6,6,6,6,5,0,0,0,0,0,0,0,0,5,6,6,6,6,3,0,0,0,0,0,0,0,0,1,6,6,6,5,1,0,0,0,0,0,0,0,0,0,5,6,6,6,1,0,0,0,0,0,0,0,0,0,3,6,6,6,3,0,0,0,0,0,0,0,0,0,3,6,6,6,6,3,1,0,0,0,0,0,0,0,0,3,6,6,6,6,6,6,6,6,6,6,3,0,0,0,2,4,4,4,4,4,4,4,4,4,4,3,3,"mfeat-pixel","att60",0.9
0,0,0,1,5,6,6,6,6,5,3,1,0,0,0,0,0,2,6,6,6,6,6,6,6,6,6,3,0,0,0,1,5,6,6,6,6,6,6,6,6,6,6,5,1,0,5,6,6,6,5,3,0,4,6,6,6,6,6,5.45,0,0,2,2,1,0,0,0,2,6,6,6,6,6,4,0,0,0,0,0,0,0,0,0,3,6,6,6,6,3,0,0,0,0,0,0,0,0,3,6,6,6,6,6,0,0,0,0,0,0,0,0,0,6,6,6,6,6,3,0,0,0,0,0,0,0,0,4,6,6,6,6,3,0,0,0,0,0,0,0,1,5,6,6,6,6,3,0,0,0,0,0,0,1,3,6,6,6,6,4,1,0,0,0,0,0,0,3,6,6,6,6,5,1,0,0,0,0,0,0,0,5,6,6,6,6,6,1,0,0,0,0,0,0,0,0,6,6,6,6,6,6,5,4,2,0,0,0,0,0,2,6,6,6,6,6,6,6,6,6,6,6,6,6,2,0,3,4,4,4,4,4,4,4,4,4,4,4,4,2,3,"mfeat-pixel","att60",0.9
0,1,4,4,5,6,6,6,6,3,1,0,0,0,0,2,6,6,6,6,6,6,6,6,6,6,6,2,0,0,5,6,6,6,6,4,4,4,6,6,6,6,3,0,0,4,6,6,6,3,0,0,0,1,6,6,6,5,0,0.65,6,6,6,6,1,0,0,0,0,6,6,6,6,0,0,6,6,6,3,0,0,0,0,2,6,6,6,3,0,0,3,6,6,3,0,0,0,3,6,6,6,6,3,0,0,0,0,2,0,0,0,3,6,6,6,6,3,0,0,0,0,0,0,0,0,2,6,6,6,6,2,0,0,0,0,0,0,0,0,0,6,6,6,6,6,0,0,0,0,0,0,0,0,0,2,6,6,6,6,1,0,0,0,0,0,0,0,0,1,6,6,6,6,1,0,0,0,0,0,0,0,0,0,3,6,6,6,6,0,0,0,0,0,0,0,0,0,0,0,6,6,6,6,5,4,4,4,5,5,1,0,0,0,2,6,6,6,6,6,6,6,6,6,6,6,0,0,0,2,4,4,4,4,4,4,4,4,4,4,3,3,"mfeat-pixel","att60",0.9
0,0,0,0,3,5,5,5,6,5,4,3,0,0,0,0,0,3,6,6,6,6,6,6,6,6,6,2,0,0,0,3,6,1,0,0,0,2,5,6,6,6,6,0,0,1,6,6,0,0,0,0,0,0,4,6,6,6,0,-0.02,6,6,6,0,0,0,0,0,1,6,6,6,4,0,0,5,6,6,4,0,0,0,1,6,6,6,6,0,0,0,3,6,6,5,0,0,0,4,6,6,5,1,0,0,0,0,2,2,0,0,2,5,6,6,4,0,0,0,0,0,0,0,0,0,5,6,6,6,6,1,0,0,0,0,0,0,0,0,2,6,6,6,4,1,0,0,0,0,0,0,0,0,0,6,6,6,3,0,0,0,0,0,0,0,0,0,0,0,6,6,6,3,0,0,0,0,0,0,0,0,0,0,3,6,6,6,3,0,0,0,0,0,0,0,0,0,0,1,6,6,6,6,4,2,0,1,2,1,0,0,0,0,0,6,6,6,6,6,6,6,6,6,6,6,3,0,0,0,4,4,4,4,4,4,4,4,4,4,4,4,3,"mfeat-pixel","att60",0.9
5,6,6,6,6,6,6,6,6,6,6,6,3,0,0,6,6,6,6,6,6,6,6,6,6,6,6,6,5,0,5,6,6,6,6,6,5,3,6,6,6,6,6,6,1,0,3,4,5,6,6,2,0,6,6,6,6,6,6,5.82,0,0,0,0,0,0,0,0,1,5,6,6,6,6,6,0,0,0,0,0,0,0,0,1,5,6,6,6,6,4,0,0,0,0,0,0,0,5,6,6,6,6,6,6,0,0,0,0,0,0,0,0,1,6,6,6,6,6,6,0,0,0,0,0,0,0,0,4,6,6,6,6,6,5,0,0,0,0,0,0,0,3,6,6,6,6,6,4,0,0,0,0,0,0,0,2,6,6,6,6,6,6,3,0,0,0,0,0,0,0,0,1,6,6,6,6,5,1,0,0,0,0,0,0,0,2,5,6,6,6,6,1,0,0,0,0,0,0,3,5,6,6,6,6,6,6,6,2,0,0,0,0,3,6,6,6,6,6,6,6,6,6,6,4,3,0,0,1,4,4,4,4,4,4,4,4,4,4,4,3,3,"mfeat-pixel","att60",0.9
0,0,0,3,6,6,6,6,6,3,0,0,0,0,0,0,0,5,6,6,6,6,6,6,6,6,5,1,0,0,0,0,6,6,6,4,0,1,5,6,6,6,5,0,0,0,1,6,6,6,2,0,0,0,6,6,6,6,1,2.71,0,1,5,5,1,0,0,0,0,6,6,6,6,2,0,0,0,0,0,0,0,0,0,0,6,6,6,6,0,0,0,0,0,0,0,0,0,0,2,6,6,6,6,0,0,0,0,0,0,0,0,0,3,6,6,6,6,5,0,0,0,0,0,0,0,1,5,6,6,6,6,5,1,0,0,0,0,0,0,5,6,6,6,5,2,0,0,0,0,0,0,0,0,2,6,6,6,4,0,0,0,0,0,0,0,0,0,1,6,6,6,5,1,0,0,0,0,0,0,0,0,3,6,6,6,4,0,0,0,0,0,0,0,0,0,3,6,6,6,6,5,2,2,1,0,0,0,0,0,0,0,5,6,6,6,6,6,6,6,6,6,5,1,0,0,0,0,3,4,4,4,4,4,4,4,4,4,1,0,0,3,"mfeat-pixel","att60",0.9
0,1,4,4,4,5,5,4,2,0,0,0,0,0,0,1,6,6,6,6,6,6,6,6,6,3,0,0,0,0,4,6,6,6,6,4,6,6,6,6,6,3,0,0,0,6,6,6,6,3,0,1,5,6,6,6,6,1,0,-3,5,6,6,3,0,0,0,0,6,6,6,6,5,0,0,0,0,0,0,0,0,0,3,6,6,6,6,4,0,0,0,0,0,0,0,0,0,1,6,6,6,6,3,0,0,0,0,0,0,0,0,0,2,6,6,6,5,1,0,0,0,0,0,0,0,0,1,6,6,6,5,1,0,0,0,0,0,0,0,1,4,6,6,6,6,2,0,0,0,0,0,0,0,1,6,6,6,6,6,3,0,0,0,0,0,0,0,0,5,6,6,6,6,4,0,0,0,0,0,0,0,0,3,6,6,6,6,5,0,0,0,0,0,0,0,0,1,5,6,6,6,6,5,1,0,0,0,0,0,0,0,5,6,6,6,6,6,6,6,4,4,4,4,4,3,0,1,4,4,4,4,4,4,4,4,4,4,4,4,4,3,"mfeat-pixel","att60",0.9
0,0,0,0,0,0,0,0,1,5,6,6,6,4,1,0,0,0,0,0,0,0,3,6,6,6,6,6,6,6,0,0,0,0,0,0,1,6,6,6,4,2,4,6,6,0,0,0,0,0,0,5,6,6,6,1,1,5,6,6.3,0,0,0,0,0,3,6,6,6,2,1,6,6,6,4,0,0,0,0,0,1,5,5,1,1,5,6,6,6,0,0,0,0,0,0,0,0,0,1,6,6,6,4,1,0,0,0,0,0,0,0,1,5,6,6,6,4,0,0,0,0,0,0,0,1,4,6,6,6,6,3,0,0,0,0,0,0,0,3,6,6,6,5,2,0,0,0,0,0,0,0,0,3,6,6,6,2,0,0,0,0,0,0,0,0,0,5,6,6,5,1,0,0,0,0,0,0,0,0,0,4,6,6,6,1,0,0,0,0,0,0,0,0,0,0,6,6,6,6,4,3,0,0,0,0,0,0,0,0,0,6,6,6,6,6,6,5,1,0,0,0,0,0,0,0,3,4,4,4,4,4,4,2,0,0,0,0,0,0,0,3,"mfeat-pixel","att60",0.9
0,3,5,6,6,6,6,6,6,6,5,4,1,0,0,2,6,6,6,6,6,6,6,6,6,6,6,4,0,0,6,6,6,6,6,6,1,1,5,6,6,6,6,5,0,6,6,6,6,6,6,0,0,0,6,6,6,6,6,2.38,6,6,6,6,6,6,0,0,0,6,6,6,6,6,0,2,6,6,6,6,6,0,0,1,6,6,6,6,6,0,0,6,6,6,6,6,0,2,6,6,6,6,5,1,0,0,1,2,2,2,1,0,3,6,6,6,6,3,0,0,0,0,0,0,0,0,1,5,6,6,6,6,2,0,0,0,0,0,0,0,1,6,6,6,6,4,0,0,0,0,0,0,0,0,2,6,6,6,6,6,3,0,0,0,0,0,0,1,4,6,6,6,6,6,3,0,0,0,0,0,0,0,3,6,6,6,6,6,6,0,0,0,0,0,0,0,0,3,6,6,6,6,6,6,5,2,0,0,0,0,0,0,2,6,6,6,6,6,6,6,6,6,6,6,3,0,0,0,0,2,4,4,4,4,4,4,4,4,4,3,3,"mfeat-pixel","att60",0.9
0,3,6,6,6,6,6,6,6,6,6,4,3,0,0,3,6,6,6,6,6,6,6,6,6,6,6,6,5,1,4,6,6,6,6,3,2,2,3,6,6,6,6,6,3,6,6,6,6,1,0,0,0,0,6,6,6,6,6,3.3,3,6,6,6,1,0,0,1,5,6,6,6,6,5,1,2,6,6,6,5,0,0,5,6,6,6,6,5,1,0,0,5,6,6,5,0,3,6,6,6,6,6,1,0,0,0,0,0,0,0,1,5,6,6,6,6,2,0,0,0,0,0,0,0,0,5,6,6,6,6,4,0,0,0,0,0,0,0,0,0,6,6,6,6,6,0,0,0,0,0,0,0,0,0,2,6,6,6,6,5,0,0,0,0,0,0,0,0,0,6,6,6,6,5,1,0,0,0,0,0,0,0,0,0,6,6,6,6,3,0,0,0,0,0,0,0,0,0,1,6,6,6,6,6,3,2,3,4,1,0,0,0,0,2,6,6,6,6,6,6,6,6,6,6,1,0,0,0,0,1,3,4,4,4,4,4,4,4,4,1,3,"mfeat-pixel","att60",0.9
0,0,0,3,6,6,6,6,6,6,6,4,3,1,0,0,0,3,6,6,6,6,6,6,6,6,6,6,6,2,0,0,3,6,6,6,6,4,4,4,6,6,6,6,3,0,1,6,6,6,6,1,0,0,0,3,6,6,6,10.64,0,3,6,6,6,6,0,0,0,0,6,6,6,6,5,0,3,6,6,6,4,0,0,0,3,6,6,6,6,1,0,0,3,4,3,0,0,0,3,6,6,6,6,6,0,0,0,0,0,0,0,0,4,6,6,6,6,5,1,0,0,0,0,0,0,1,5,6,6,6,6,4,0,0,0,0,0,0,0,2,6,6,6,6,6,3,0,0,0,0,0,0,0,1,6,6,6,6,5,1,0,0,0,0,0,0,0,3,6,6,6,6,3,0,0,0,0,0,0,0,0,4,6,6,6,6,1,0,0,0,0,0,0,0,0,4,6,6,6,6,6,5,4,4,6,6,4,6,3,0,5,6,6,6,6,6,6,6,6,6,6,6,6,5,0,0,3,4,4,4,4,4,4,4,4,4,4,3,0,0,3,"mfeat-pixel","att60",0.9
0,1,4,5,6,6,6,4,3,0,0,0,0,0,0,0,6,6,6,6,6,6,6,6,4,0,0,0,0,0,1,6,6,6,6,6,6,6,6,6,2,0,0,0,0,3,6,6,6,6,0,4,6,6,6,5,0,0,0,-0.83,5,6,6,6,6,0,0,6,6,6,6,3,0,0,0,3,6,6,6,6,0,0,6,6,6,6,3,0,0,0,2,6,6,6,6,0,0,6,6,6,6,3,0,0,0,0,1,5,6,3,0,0,6,6,6,6,1,0,0,0,0,0,0,0,0,0,5,6,6,6,3,0,0,0,0,0,0,0,0,0,5,6,6,6,6,2,0,0,0,0,0,0,0,0,4,6,6,6,6,4,0,0,0,0,0,0,0,0,0,6,6,6,6,5,0,0,0,0,0,0,0,0,0,1,6,6,6,6,3,0,0,0,0,0,0,0,0,1,6,6,6,6,6,6,4,4,4,4,3,0,0,0,3,6,6,6,6,6,6,6,6,6,6,6,4,0,0,1,4,4,4,4,4,4,4,4,4,4,4,3,3,"mfeat-pixel","att60",0.9
0,1,5,6,6,6,6,6,5,2,0,0,0,0,0,1,6,6,6,6,6,6,6,6,6,6,3,0,0,0,3,6,6,6,6,6,6,6,6,6,6,6,4,0,0,3,6,6,6,6,6,1,3,6,6,6,6,6,0,1.13,5,6,6,6,6,6,0,0,6,6,6,6,3,0,0,5,6,6,6,6,2,0,0,6,6,6,6,3,0,0,2,6,4,4,3,0,0,1,6,6,6,6,3,0,0,0,0,0,0,0,0,0,5,6,6,6,6,3,0,0,0,0,0,0,0,0,4,6,6,6,6,5,0,0,0,0,0,0,0,0,2,6,6,6,6,6,1,0,0,0,0,0,0,0,0,5,6,6,6,6,2,0,0,0,0,0,0,0,0,4,6,6,6,6,4,0,0,0,0,0,0,0,0,2,6,6,6,6,6,0,0,0,0,0,0,0,0,0,6,6,6,6,6,6,5,4,4,4,4,3,0,0,0,4,6,6,6,6,6,6,6,6,6,6,6,0,0,0,0,3,4,4,4,4,4,4,4,4,4,3,3,"mfeat-pixel","att60",0.9
0,0,1,3,5,6,6,6,6,5,3,0,0,0,0,0,2,6,6,6,6,5,5,6,6,6,6,3,0,0,0,6,6,6,6,4,0,0,5,6,6,6,6,2,0,1,6,6,6,6,3,0,0,0,4,6,6,6,3,-0.25,5,6,6,6,6,0,0,0,0,3,6,6,6,6,1,1,4,6,6,5,0,0,0,0,3,6,6,6,6,2,0,0,0,0,0,0,0,0,3,6,6,6,6,2,0,0,0,0,0,0,0,2,5,6,6,6,5,1,0,0,0,0,0,0,1,5,6,6,6,6,3,0,0,0,0,0,0,0,2,6,6,6,6,5,1,0,0,0,0,0,0,0,1,5,6,6,6,6,0,0,0,0,0,0,0,0,0,6,6,6,6,6,4,0,0,0,0,0,0,0,0,1,6,6,6,6,6,1,0,0,0,0,0,0,0,0,5,6,6,6,6,6,6,4,4,2,0,0,0,0,0,2,6,6,6,6,6,6,6,6,6,6,6,3,0,0,0,1,2,3,4,4,4,4,4,4,4,4,3,0,3,"mfeat-pixel","att60",0.9
0,0,0,3,6,6,6,6,4,4,1,0,0,0,0,0,1,5,6,6,6,6,6,6,6,6,5,1,0,0,0,6,6,6,6,1,0,1,5,6,6,6,6,1,0,0,6,6,6,6,0,0,0,0,3,6,6,6,5,0.67,0,6,6,6,6,0,0,0,0,0,4,6,6,6,5,0,4,6,6,6,3,0,0,0,0,3,6,6,6,5,0,0,3,3,2,0,0,0,0,1,5,6,6,6,3,0,0,0,0,0,0,0,1,4,6,6,6,6,3,0,0,0,0,0,1,6,6,6,6,6,5,4,1,0,0,0,0,0,2,6,6,6,6,6,3,0,0,0,0,0,0,0,3,6,6,6,5,2,1,0,0,0,0,0,0,0,4,6,6,6,4,0,0,0,0,0,0,0,0,0,2,6,6,6,6,0,0,0,0,0,0,0,0,0,0,5,6,6,6,6,5,4,6,6,4,6,3,0,0,0,1,6,6,6,6,6,6,6,6,6,6,6,2,0,0,0,1,4,4,4,4,4,4,4,4,4,1,0,0,0,3,"mfeat-pixel","att60",0.9
0,0,0,0,1,5,6,6,6,5,5,6,5,1,0,0,0,0,2,6,6,6,6,4,6,6,6,6,6,1,0,0,0,5,6,6,5,1,0,1,5,6,6,6,3,0,0,0,5,6,6,3,0,0,0,3,6,6,6,6.83,0,0,0,0,2,2,0,0,0,1,5,6,6,6,4,0,0,0,0,0,0,0,0,3,6,6,6,6,5,1,0,0,0,0,0,0,1,5,6,6,6,6,4,0,0,0,0,0,0,0,0,6,6,6,6,6,5,1,0,0,0,0,0,0,2,5,6,6,6,5,1,0,0,0,0,0,0,1,5,6,6,6,6,3,0,0,0,0,0,0,0,2,6,6,6,6,4,1,0,0,0,0,0,0,0,2,6,6,6,5,1,0,0,0,0,0,0,0,0,0,4,6,6,6,1,0,0,0,0,0,0,0,0,0,0,4,6,6,6,3,2,2,2,2,3,3,0,0,0,0,3,6,6,6,6,6,6,6,6,6,6,3,0,0,0,1,4,4,4,4,4,4,4,4,4,4,1,0,0,0,3,"mfeat-pixel","att60",0.9
0,3,6,6,6,5,4,6,6,6,6,6,6,4,3,5,6,6,6,6,6,6,6,6,6,6,6,6,6,5,6,6,6,6,5,1,0,0,0,4,6,6,6,6,1,6,6,6,6,3,0,0,0,0,4,6,6,6,6,1.08,5,6,6,6,3,0,0,0,5,6,6,6,6,5,0,1,5,6,6,2,0,0,1,6,6,6,6,6,1,0,0,0,0,0,0,0,1,5,6,6,6,5,1,0,0,0,0,0,0,1,5,6,6,6,6,3,0,0,0,0,0,0,1,5,6,6,6,6,5,1,0,0,0,0,0,0,0,6,6,6,6,6,6,0,0,0,0,0,0,0,0,0,6,6,6,6,6,4,0,0,0,0,0,0,0,0,2,6,6,6,6,3,0,0,0,0,0,0,0,0,0,6,6,6,6,3,0,0,0,0,0,0,0,0,0,0,6,6,6,6,5,2,2,2,2,2,2,2,2,0,0,6,6,6,6,6,6,6,6,6,6,6,6,6,2,0,1,3,4,4,4,4,4,4,4,4,2,0,0,0,3,"mfeat-pixel","att60",0.9
1,5,6,6,6,6,6,6,6,4,1,0,0,0,0,6,6,6,6,6,6,6,6,6,6,6,3,0,0,0,6,6,6,5,4,4,6,6,6,6,6,6,0,0,0,6,6,5,1,0,0,1,6,6,6,6,6,0,0,-3.09,1,2,0,0,0,0,1,6,6,6,6,6,2,0,0,0,0,0,0,0,0,3,6,6,6,6,4,0,0,0,0,0,0,0,0,0,0,6,6,6,6,3,0,0,0,0,0,0,0,0,0,4,6,6,6,5,1,0,0,0,0,0,0,0,0,0,6,6,6,6,0,0,0,0,0,0,0,0,0,0,2,6,6,6,4,0,0,0,0,0,0,0,0,0,0,6,6,6,6,0,0,0,0,0,0,0,0,0,0,2,6,6,6,6,0,0,0,0,0,0,0,0,1,5,6,6,6,6,3,0,0,0,0,0,0,0,0,3,6,6,6,6,6,5,2,2,3,4,1,0,0,0,3,6,6,6,6,6,6,6,6,6,6,6,3,0,0,2,4,4,4,4,4,4,4,4,4,4,4,4,3,"mfeat-pixel","att60",0.9
0,0,0,0,0,0,1,5,6,6,6,5,4,1,0,0,0,0,0,2,6,6,6,6,6,6,6,6,6,2,0,0,0,1,6,6,6,6,3,2,5,6,6,6,6,0,0,1,6,6,6,5,1,0,0,3,6,6,6,5.41,0,0,3,6,6,6,1,0,0,0,5,6,6,6,2,0,0,5,6,6,5,0,0,0,4,6,6,6,6,0,0,0,0,1,2,0,0,1,5,6,6,6,6,3,0,0,0,0,0,0,1,5,6,6,6,6,5,1,0,0,0,0,0,0,0,5,6,6,6,5,1,0,0,0,0,0,0,0,0,4,6,6,6,4,0,0,0,0,0,0,0,0,0,3,6,6,6,4,0,0,0,0,0,0,0,0,0,4,6,6,6,4,0,0,0,0,0,0,0,0,0,5,6,6,6,4,0,0,0,0,0,0,0,0,0,4,6,6,6,6,5,2,2,2,0,0,0,0,0,0,6,6,6,6,6,6,6,6,6,5,1,0,0,0,0,1,4,4,4,4,4,4,4,4,4,2,0,0,0,0,3,"mfeat-pixel","att60",0.9
0,0,3,5,6,6,6,6,6,6,6,5,3,1,0,0,3,6,6,6,6,6,6,6,6,6,6,6,6,3,0,4,6,6,6,5,2,0,2,3,6,6,6,6,6,0,6,6,6,6,3,0,0,0,1,6,6,6,6,5.57,2,6,6,6,6,3,0,0,0,3,6,6,6,6,3,3,6,6,6,5,0,0,0,3,6,6,6,6,4,0,0,2,2,2,0,0,0,0,6,6,6,6,6,3,0,0,0,0,0,0,0,2,3,6,6,6,6,6,2,0,0,0,0,0,3,6,6,6,6,6,6,5,1,0,0,0,0,1,5,6,6,6,6,6,5,2,0,0,0,0,0,2,6,6,6,6,6,3,2,0,0,0,0,0,0,2,6,6,6,6,5,1,0,0,0,0,0,0,0,0,3,6,6,6,6,3,0,0,0,0,0,0,0,0,0,3,6,6,6,6,5,2,2,2,2,2,2,2,1,0,3,6,6,6,6,6,6,6,6,6,6,6,6,5,0,0,3,4,4,4,4,4,4,4,4,4,4,3,0,0,3,"mfeat-pixel","att60",0.9
0,0,0,0,3,6,6,6,4,4,4,3,1,0,0,0,0,0,5,6,6,6,6,6,6,6,6,6,5,0,0,0,0,6,6,6,3,2,3,6,6,6,6,6,0,0,0,3,6,6,6,0,0,0,2,6,6,6,6,6.65,0,0,2,6,6,6,0,0,0,0,6,6,6,6,4,0,0,0,1,2,1,0,0,0,4,6,6,6,4,0,0,0,0,0,0,0,0,0,3,6,6,6,6,0,0,0,0,0,0,0,0,1,5,6,6,6,5,1,0,0,0,0,0,0,0,2,6,6,6,6,4,0,0,0,0,0,0,0,0,2,6,6,6,6,6,0,0,0,0,0,0,0,0,3,6,6,6,6,5,1,0,0,0,0,0,0,2,5,6,6,6,6,3,0,0,0,0,0,0,0,5,6,6,6,6,6,3,0,0,0,0,0,0,0,0,4,6,6,6,6,6,3,2,2,3,5,6,5,1,0,0,3,6,6,6,6,6,6,6,6,6,6,6,5,0,0,0,1,3,4,4,4,4,4,4,4,3,1,0,0,3,"mfeat-pixel","att60",0.9
5,6,6,6,6,5,5,5,4,2,0,0,0,0,0,6,6,6,6,6,6,6,6,6,6,5,1,0,0,0,6,6,6,6,3,1,1,5,6,6,6,6,5,0,0,6,6,6,6,0,0,0,3,6,6,6,6,6,0,-0.33,1,5,6,5,0,0,0,0,5,6,6,6,6,0,0,0,0,0,0,0,0,0,0,3,6,6,6,6,0,0,0,0,0,0,0,0,0,0,3,6,6,6,6,1,0,0,0,0,0,0,0,0,0,4,6,6,6,6,2,0,0,0,0,0,0,0,0,3,6,6,6,6,6,0,0,0,0,0,0,0,0,0,6,6,6,6,6,3,0,0,0,0,0,0,0,0,0,6,6,6,6,3,0,0,0,0,0,0,0,0,1,5,6,6,6,5,1,0,0,0,0,0,0,1,5,6,6,6,6,3,0,0,0,0,0,0,0,1,5,6,6,6,6,6,3,2,2,0,0,0,0,0,3,6,6,6,6,6,6,6,6,6,6,5,1,0,0,0,3,4,4,4,4,4,4,4,4,4,4,1,3,"mfeat-pixel","att60",0.9
0,0,1,4,6,6,6,6,6,5,3,1,0,0,0,0,0,3,6,6,6,6,5,5,6,6,6,5,3,0,0,0,3,6,6,6,5,0,0,6,6,6,6,5,0,0,1,5,6,6,4,0,0,3,6,6,6,4,0,-1.77,0,1,5,6,6,2,0,0,0,4,6,6,3,0,0,0,0,0,0,0,0,0,0,1,5,6,6,3,0,0,0,0,0,0,0,0,0,0,6,6,6,6,3,0,0,0,0,0,0,0,0,0,4,6,6,6,6,3,0,0,0,0,0,0,0,0,0,6,6,6,5,2,0,0,0,0,0,0,0,0,1,5,6,6,6,0,0,0,0,0,0,0,0,0,0,4,6,6,6,2,0,0,0,0,0,0,0,0,0,5,6,6,5,1,0,0,0,0,0,0,0,0,2,5,6,6,5,1,0,0,0,0,0,0,0,1,5,6,6,6,6,1,0,0,0,0,0,0,0,0,3,6,6,6,6,6,6,6,6,4,4,5,6,5,1,1,4,4,4,4,4,4,4,4,4,4,4,4,4,2,3,"mfeat-pixel","att60",0.9
0,0,0,0,2,4,6,6,6,6,3,0,0,0,0,0,0,1,5,6,6,6,6,6,6,6,5,1,0,0,0,0,6,6,6,6,6,6,6,6,6,6,5,0,0,0,2,6,6,6,6,6,3,3,6,6,6,6,5,-1.01,0,3,6,6,6,6,4,0,0,1,6,6,6,6,3,0,3,6,6,6,6,0,0,0,0,6,6,6,6,5,0,1,5,6,6,6,0,0,1,5,6,6,6,6,3,0,0,0,2,2,1,0,2,6,6,6,6,6,5,0,0,0,0,0,0,1,4,6,6,6,6,6,5,1,0,0,0,0,2,3,6,6,6,6,6,6,3,0,0,0,0,1,5,6,6,6,6,6,6,5,1,0,0,0,0,2,6,6,6,6,6,3,2,0,0,0,0,0,0,0,5,6,6,6,6,6,1,0,0,0,0,0,0,0,0,6,6,6,6,6,6,6,6,6,4,5,5,1,0,0,5,6,6,6,6,6,6,6,6,6,6,6,3,0,0,0,0,0,2,4,3,1,1,3,4,4,4,1,0,0,3,"mfeat-pixel","att60",0.9
0,3,6,6,6,6,6,6,6,6,6,6,6,3,0,0,6,6,6,6,6,6,6,6,6,6,6,6,6,5,4,6,6,6,6,5,2,2,5,6,6,6,6,6,6,6,6,6,6,6,0,0,0,0,6,6,6,6,6,4.07,6,6,6,5,1,0,0,1,5,6,6,6,6,6,1,1,2,2,0,0,0,1,5,6,6,6,5,2,1,0,0,0,0,0,0,2,6,6,6,6,6,3,0,0,0,0,0,0,0,1,6,6,6,6,6,6,2,0,0,0,0,0,0,0,5,6,6,6,6,6,3,0,0,0,0,0,0,0,4,6,6,6,6,6,4,0,0,0,0,0,0,0,5,6,6,6,6,6,6,2,0,0,0,0,0,0,1,6,6,6,6,6,6,1,0,0,0,0,0,0,0,5,6,6,6,6,6,4,0,0,0,0,0,0,0,1,6,6,6,6,6,6,5,2,2,2,2,2,0,0,3,6,6,6,6,6,6,6,6,6,6,6,6,5,1,2,4,4,4,4,4,4,4,4,4,4,4,4,4,1,3,"mfeat-pixel","att60",0.9
0,0,0,2,4,5,6,3,0,0,0,0,0,0,0,0,2,6,6,6,6,6,6,6,6,2,0,0,0,0,1,6,6,6,6,6,6,6,6,6,4,0,0,0,0,6,6,6,6,6,6,6,6,6,6,6,0,0,0,-0.46,6,6,6,6,5,1,4,6,6,6,6,2,0,0,0,6,6,6,5,1,0,1,6,6,6,6,3,0,0,0,3,3,2,0,0,0,1,6,6,6,6,3,0,0,0,0,0,0,0,0,0,5,6,6,6,6,3,0,0,0,0,0,0,0,0,3,6,6,6,6,5,0,0,0,0,0,0,0,0,1,6,6,6,6,6,1,0,0,0,0,0,0,0,0,5,6,6,6,6,3,0,0,0,0,0,0,0,0,4,6,6,6,6,5,0,0,0,0,0,0,0,0,2,6,6,6,6,6,3,0,0,0,0,0,0,0,0,3,6,6,6,6,6,6,4,2,4,6,3,0,0,0,2,6,6,6,6,6,6,6,6,6,6,6,3,0,0,0,3,4,4,4,4,4,4,4,4,4,4,1,3,"mfeat-pixel","att60",0.9
0,1,5,6,6,6,6,5,4,1,0,0,0,0,0,3,6,6,6,6,6,6,6,6,6,3,0,0,0,0,6,6,6,6,6,6,6,6,6,6,6,5,1,0,0,4,6,6,3,0,0,0,0,4,6,6,6,3,0,-0.76,3,6,6,6,2,0,0,0,3,6,6,6,3,0,0,2,6,6,3,0,0,0,2,6,6,6,6,3,0,0,0,0,0,0,0,0,3,6,6,6,6,3,0,0,0,0,0,0,0,0,4,6,6,6,6,3,0,0,0,0,0,0,0,0,3,6,6,6,6,3,0,0,0,0,0,0,0,0,0,5,6,6,6,5,1,0,0,0,0,0,0,0,1,5,6,6,6,3,0,0,0,0,0,0,0,0,1,5,6,6,6,3,0,0,0,0,0,0,0,0,0,3,6,6,6,6,4,0,0,0,0,0,0,0,0,0,3,6,6,6,6,6,6,4,2,2,4,4,2,0,0,3,6,6,6,6,6,6,6,6,6,6,6,6,5,0,2,4,4,4,4,4,4,4,4,4,4,4,4,1,3,"mfeat-pixel","att60",0.9
0,1,5,6,4,4,3,1,0,0,0,0,0,0,0,1,5,6,6,6,6,6,6,4,3,0,0,0,0,0,5,6,6,6,6,6,6,6,6,6,1,0,0,0,0,5,6,6,6,6,6,6,6,6,6,3,0,0,0,-1.02,3,6,6,6,6,6,6,6,6,6,4,0,0,0,0,3,6,6,6,6,6,6,6,6,6,6,2,0,0,0,0,6,6,6,3,0,4,6,6,6,6,3,0,0,0,0,1,2,1,0,1,5,6,6,6,6,0,0,0,0,0,0,0,0,0,6,6,6,6,6,4,0,0,0,0,0,0,0,0,0,6,6,6,6,4,0,0,0,0,0,0,0,0,1,5,6,6,6,6,0,0,0,0,0,0,0,0,0,6,6,6,6,6,4,0,0,0,0,0,0,0,0,1,6,6,6,6,6,1,0,0,0,0,0,0,0,0,3,6,6,6,6,6,6,6,6,6,5,3,1,0,0,3,6,6,6,6,6,6,6,6,6,6,6,5,0,0,0,3,4,4,4,4,4,4,4,4,4,3,0,3,"mfeat-pixel","att60",0.9
0,3,6,6,6,6,6,6,6,6,5,1,0,0,0,2,6,6,6,5,2,2,3,6,6,6,3,0,0,0,3,6,6,6,1,0,0,0,4,6,6,3,0,0,0,3,6,6,2,0,0,0,0,1,6,6,5,0,0,1.8,6,6,4,0,0,0,0,1,5,6,6,3,0,0,0,6,6,3,0,0,0,2,6,6,6,4,0,0,0,0,3,4,1,0,0,3,6,6,6,5,1,0,0,0,0,0,0,0,0,3,6,6,6,3,0,0,0,0,0,0,0,0,0,3,6,6,6,2,0,0,0,0,0,0,0,0,0,1,6,6,6,2,0,0,0,0,0,0,0,0,0,0,4,6,6,5,0,0,0,0,0,0,0,0,0,0,2,6,6,6,1,0,0,0,0,0,0,0,0,0,0,3,6,6,6,0,0,0,0,0,0,0,0,0,0,0,3,6,6,6,1,0,0,0,0,0,0,2,1,0,0,2,6,6,6,6,6,6,6,6,6,6,6,6,3,0,0,1,4,4,4,4,4,4,4,4,4,4,4,4,3,"mfeat-pixel","att60",0.9
0,0,3,6,6,6,6,5,2,0,0,0,0,0,0,0,3,6,6,6,6,6,6,6,6,5,1,0,0,0,3,6,6,6,6,6,4,6,6,6,6,6,1,0,0,6,6,6,6,6,4,0,3,6,6,6,6,5,0,1.7,5,6,6,6,3,0,0,0,4,6,6,6,3,0,0,0,2,1,0,0,0,0,1,6,6,6,6,2,0,0,0,0,0,0,0,0,1,5,6,6,6,5,0,0,0,0,0,0,0,0,1,5,6,6,6,6,1,0,0,0,0,0,0,0,0,5,6,6,6,6,2,0,0,0,0,0,0,0,0,4,6,6,6,5,1,0,0,0,0,0,0,0,0,1,6,6,6,6,1,0,0,0,0,0,0,0,0,0,2,6,6,6,6,2,0,0,0,0,0,0,0,0,0,2,6,6,6,6,0,0,0,0,0,0,0,0,0,0,6,6,6,6,6,4,3,2,2,2,2,1,0,0,2,6,6,6,6,6,6,6,6,6,6,6,6,0,0,0,3,4,4,4,4,4,4,4,4,4,4,4,3,"mfeat-pixel","att60",0.9
0,0,3,4,5,6,6,6,6,6,5,1,0,0,0,0,2,6,6,6,6,6,6,6,6,6,5,1,0,0,2,6,6,6,3,2,2,3,6,6,6,6,6,2,0,6,6,6,4,0,0,0,0,6,6,6,6,6,0,0.19,6,6,6,6,2,0,0,0,6,6,6,6,5,0,0,4,6,6,6,3,0,0,2,6,6,6,4,0,0,0,0,6,6,6,2,0,1,6,6,6,5,0,0,0,0,0,1,2,1,1,5,6,6,6,5,0,0,0,0,0,0,0,0,3,6,6,6,6,4,1,0,0,0,0,0,0,5,6,6,6,4,0,0,0,0,0,0,0,0,0,0,6,6,6,6,3,0,0,0,0,0,0,0,0,0,0,6,6,6,6,4,0,0,0,0,0,0,0,0,0,0,6,6,6,6,6,5,0,0,0,0,0,0,0,0,0,3,6,6,6,6,6,5,4,4,3,2,2,1,0,0,6,6,6,6,6,6,6,6,6,6,6,6,6,3,0,3,4,4,4,4,4,4,4,4,4,4,4,4,3,3,"mfeat-pixel","att60",0.9
0,5,6,6,6,6,6,6,6,5,3,0,0,0,0,1,6,6,6,6,6,6,6,6,6,6,0,0,0,0,3,6,6,6,5,1,1,5,6,6,6,1,0,0,0,2,6,6,6,5,1,0,3,6,6,6,5,0,0,-1.3,0,6,6,6,6,5,2,5,6,6,6,6,0,0,0,0,4,6,6,6,6,6,6,6,6,6,2,0,0,0,0,0,2,2,5,6,6,6,6,6,3,0,0,0,0,0,0,0,0,4,6,6,6,6,1,0,0,0,0,0,0,0,0,3,6,6,6,6,3,0,0,0,0,0,0,0,0,0,4,6,6,6,6,1,0,0,0,0,0,0,0,0,3,6,6,6,6,3,0,0,0,0,0,0,0,0,0,4,6,6,6,6,1,0,0,0,0,0,0,0,0,1,6,6,6,6,3,0,0,0,0,0,0,0,0,0,5,6,6,6,6,4,0,0,0,0,0,2,0,0,2,6,6,6,6,6,6,6,6,6,6,6,6,5,1,0,3,4,4,4,4,4,4,4,4,4,4,4,4,1,3,"mfeat-pixel","att60",0.9
0,1,5,6,6,6,6,6,5,1,0,0,0,0,0,1,6,6,6,6,6,6,6,6,6,1,0,0,0,0,4,6,6,6,5,2,2,5,6,6,6,1,0,0,0,6,6,6,6,3,0,0,0,5,6,6,6,1,0,1.23,5,6,6,6,5,0,0,0,1,6,6,6,5,0,0,3,6,6,6,6,0,0,0,0,6,6,6,6,3,0,0,5,6,6,5,0,0,0,3,6,6,6,6,0,0,0,0,3,3,0,0,0,0,5,6,6,6,3,0,0,0,0,0,0,0,0,1,5,6,6,6,3,0,0,0,0,0,0,0,0,0,5,6,6,6,6,2,0,0,0,0,0,0,0,0,2,6,6,6,6,3,0,0,0,0,0,0,0,0,2,6,6,6,6,5,0,0,0,0,0,0,0,0,2,6,6,6,6,6,1,0,0,0,0,0,0,0,0,1,6,6,6,6,4,1,0,1,2,1,0,0,0,0,0,6,6,6,6,6,6,6,6,6,6,3,0,0,0,0,1,4,4,4,4,4,4,4,4,4,4,3,"mfeat-pixel","att60",0.9
0,0,3,6,6,6,6,6,6,6,6,3,0,0,0,0,0,6,6,6,6,6,6,6,6,6,6,4,0,0,0,0,6,6,6,3,2,2,3,6,6,6,6,4,0,0,0,6,6,6,0,0,0,0,3,6,6,6,6,-5.03,0,4,6,6,6,0,0,0,0,5,6,6,6,6,0,0,5,6,5,1,0,0,0,1,6,6,6,6,5,0,0,0,0,0,0,0,0,0,5,6,6,6,5,1,0,0,0,0,0,0,0,3,5,6,6,6,5,1,0,0,0,0,0,0,0,3,6,6,6,6,3,0,0,0,0,0,0,0,0,5,6,6,6,5,1,0,0,0,0,0,0,0,0,2,6,6,6,6,1,0,0,0,0,0,0,0,0,2,6,6,6,6,4,0,0,0,0,0,0,0,0,1,6,6,6,6,6,1,0,0,0,0,0,0,0,1,5,6,6,6,6,6,6,6,6,6,6,6,5,1,3,6,6,6,6,6,6,6,6,6,6,6,6,6,5,0,3,4,4,4,4,4,4,4,4,4,4,4,3,0,3,"mfeat-pixel","att60",0.9
0,0,0,0,0,0,0,1,4,6,6,6,5,1,0,0,0,0,0,0,0,2,6,6,6,6,6,6,6,2,0,0,0,0,0,0,4,6,6,3,0,1,6,6,6,0,0,0,0,0,0,6,6,6,0,0,3,6,6,4.75,0,0,0,0,0,0,3,6,3,0,0,3,6,6,5,0,0,0,0,0,0,0,0,0,0,2,5,6,6,2,0,0,0,0,0,0,0,0,1,5,6,6,6,1,0,0,0,0,0,0,0,3,5,6,6,6,6,4,0,0,0,0,0,2,4,6,6,6,6,6,6,3,0,0,0,0,1,5,6,6,6,6,6,6,3,0,0,0,0,0,3,6,6,6,6,5,4,4,1,0,0,0,0,0,0,6,6,6,6,3,0,0,0,0,0,0,0,0,0,0,6,6,6,6,4,1,0,0,0,0,0,0,0,0,0,3,6,6,6,6,6,6,5,1,0,0,0,0,0,0,0,3,6,6,6,6,6,6,3,0,0,0,0,0,0,0,0,1,4,4,4,4,3,0,0,0,0,0,0,0,3,"mfeat-pixel","att60",0.9
0,0,0,1,5,6,6,6,6,6,6,5,5,5,3,0,0,1,6,6,6,6,6,6,6,6,6,6,6,6,0,0,3,6,6,6,3,0,0,0,4,6,6,6,6,0,1,6,6,6,4,0,0,0,1,6,6,6,6,1.4,0,3,6,6,6,1,0,0,1,6,6,6,6,2,0,0,6,6,6,1,0,0,3,6,6,6,5,1,0,0,0,1,4,1,0,0,5,6,6,6,5,1,0,0,0,0,0,0,0,0,5,6,6,6,5,0,0,0,0,0,0,0,0,0,5,6,6,6,5,0,0,0,0,0,0,0,0,0,5,6,6,6,5,0,0,0,0,0,0,0,0,0,5,6,6,6,3,0,0,0,0,0,0,0,0,0,5,6,6,5,1,0,0,0,0,0,0,0,0,0,4,6,6,6,2,0,0,0,0,0,0,0,0,0,0,6,6,6,6,1,1,2,2,2,2,0,0,0,0,0,6,6,6,6,6,6,6,6,6,6,3,0,0,0,0,3,4,4,4,4,4,4,4,4,4,1,0,0,0,0,3,"mfeat-pixel","att60",0.9
0,0,0,0,0,3,4,5,6,6,4,4,3,0,0,0,0,0,1,5,6,6,6,6,6,6,6,6,5,1,0,0,0,5,6,6,5,2,2,2,5,6,6,6,4,0,0,0,6,6,6,1,0,0,0,0,6,6,6,5.01,0,0,0,6,6,6,0,0,0,0,0,5,6,6,5,0,0,0,5,6,6,2,0,0,0,0,4,6,6,2,0,0,0,0,0,0,0,0,0,0,3,6,6,4,0,0,0,0,0,0,0,0,0,0,3,6,6,6,2,0,0,0,0,0,0,0,1,4,5,6,6,6,2,0,0,0,0,0,0,2,4,6,6,6,6,4,1,0,0,0,0,0,1,5,6,6,6,6,3,0,0,0,0,0,0,0,2,6,6,6,5,1,0,0,0,0,0,0,0,0,3,6,6,6,6,1,1,2,2,1,0,0,0,0,0,4,6,6,6,6,6,6,6,6,6,5,3,0,0,0,1,5,6,6,6,6,6,6,6,6,6,6,4,0,0,0,0,1,2,4,4,2,2,4,4,4,4,3,0,0,3,"mfeat-pixel","att60",0.9
0,0,3,4,6,6,6,6,5,2,0,0,0,0,0,0,5,6,6,6,6,6,6,6,6,6,5,0,0,0,0,6,6,6,5,4,6,6,6,6,6,6,2,0,0,2,6,6,6,0,0,0,2,5,6,6,6,6,0,-2.1,3,6,6,6,1,0,0,0,3,6,6,6,6,0,0,2,6,6,6,2,0,0,0,4,6,6,6,2,0,0,0,6,6,6,0,0,0,2,6,6,6,4,0,0,0,0,3,4,3,0,0,0,3,6,6,6,2,0,0,0,0,0,0,0,0,0,2,6,6,5,1,0,0,0,0,0,0,0,0,0,3,6,6,5,0,0,0,0,0,0,0,0,0,1,5,6,6,6,1,0,0,0,0,0,0,0,0,0,6,6,6,6,3,0,0,0,0,0,0,0,0,0,2,6,6,6,6,1,0,0,0,0,1,1,0,0,0,2,6,6,6,6,6,6,6,4,5,6,6,2,0,0,0,6,6,6,6,6,6,6,6,6,6,6,2,0,0,0,3,4,4,4,2,2,2,0,0,1,1,0,3,"mfeat-pixel","att60",0.9
1,5,6,5,4,6,6,6,6,6,4,4,4,3,0,5,6,6,6,6,6,6,6,6,6,6,6,6,6,4,6,6,6,6,6,3,2,1,1,6,6,6,6,6,5,6,6,6,6,6,0,0,0,0,2,6,6,6,6,4.94,6,6,6,6,3,0,0,0,0,2,6,6,6,6,4,1,4,4,3,0,0,0,0,3,6,6,6,6,6,0,0,0,0,0,0,0,3,6,6,6,6,6,6,2,0,0,0,0,0,0,2,6,6,6,6,6,6,3,0,0,0,0,0,0,3,6,6,6,6,6,6,3,0,0,0,0,1,2,5,6,6,6,6,6,5,2,0,0,0,0,2,6,6,6,6,6,5,3,1,0,0,0,0,0,0,3,6,6,6,6,4,0,0,0,0,0,0,0,0,0,6,6,6,6,6,3,0,0,0,0,0,0,0,0,0,6,6,6,6,6,6,3,2,2,2,2,1,0,0,0,5,6,6,6,6,6,6,6,6,6,6,6,5,0,0,1,4,4,4,4,4,4,4,4,4,4,4,4,0,0,3,"mfeat-pixel","att60",0.9
0,3,6,6,6,6,6,6,4,2,0,0,0,0,0,4,6,6,6,6,4,4,5,6,6,5,1,0,0,0,6,6,6,4,0,0,0,0,3,6,6,6,2,0,0,6,6,6,3,0,0,0,0,2,6,6,4,0,0,1.72,6,6,6,4,0,0,0,0,0,4,6,6,2,0,0,5,6,6,3,0,0,0,0,3,6,6,5,1,0,0,0,0,0,0,0,0,1,5,6,6,5,0,0,0,0,0,0,0,0,1,5,6,6,6,3,0,0,0,0,0,0,0,0,0,5,6,6,5,1,0,0,0,0,0,0,0,0,0,4,6,6,6,1,0,0,0,0,0,0,0,0,1,5,6,6,6,3,0,0,0,0,0,0,0,0,0,3,6,6,6,3,0,0,0,0,0,0,0,0,0,0,5,6,6,6,3,0,0,0,0,0,0,0,0,0,0,4,6,6,6,4,0,0,0,0,0,0,0,0,0,0,3,6,6,6,6,6,6,6,6,6,4,2,2,0,0,0,3,4,4,4,4,4,4,4,4,4,4,4,2,3,"mfeat-pixel","att60",0.9
0,5,6,6,6,6,6,6,6,3,0,0,0,0,0,2,6,6,6,6,6,6,6,6,6,5,1,0,0,0,6,6,6,6,6,6,4,6,6,6,6,5,1,0,0,6,6,6,6,6,1,0,3,6,6,6,6,6,0,-1.55,3,6,6,6,5,0,0,3,6,6,6,6,5,0,0,0,0,0,0,0,0,0,4,6,6,6,4,0,0,0,0,0,0,0,0,0,5,6,6,6,6,3,0,0,0,0,0,0,0,0,2,6,6,6,6,3,0,0,0,0,0,0,0,0,0,6,6,6,6,5,0,0,0,0,0,0,0,0,0,3,6,6,6,6,1,0,0,0,0,0,0,0,0,4,6,6,6,6,3,0,0,0,0,0,0,0,0,5,6,6,6,3,0,0,0,0,0,0,0,0,0,4,6,6,6,6,0,0,0,0,0,0,0,0,0,0,6,6,6,6,6,3,2,2,1,0,0,0,0,0,0,5,6,6,6,6,6,6,6,6,5,4,4,4,1,0,1,4,4,4,4,4,4,4,4,4,4,4,4,1,3,"mfeat-pixel","att60",0.9
0,0,2,5,6,6,3,0,0,0,0,0,0,0,0,1,5,6,6,6,6,6,6,5,3,0,0,0,0,0,3,6,6,6,6,6,6,6,6,6,5,0,0,0,0,5,6,6,6,6,5,5,6,6,6,6,3,0,0,-2.11,6,6,6,6,6,0,0,5,6,6,6,3,0,0,0,1,6,6,5,1,0,0,5,6,6,6,1,0,0,0,0,1,2,0,0,0,3,6,6,6,6,0,0,0,0,0,0,0,0,0,0,3,6,6,6,6,0,0,0,0,0,0,0,0,0,0,4,6,6,6,3,0,0,0,0,0,0,0,0,1,5,6,6,6,5,0,0,0,0,0,0,0,0,0,4,6,6,6,5,0,0,0,0,0,0,0,0,0,2,6,6,6,6,1,0,0,0,0,0,0,0,0,0,0,6,6,6,6,1,0,0,0,0,0,0,0,0,0,3,6,6,6,6,6,4,4,4,4,3,0,0,0,0,2,6,6,6,6,6,6,6,6,6,6,3,0,0,0,0,1,4,4,4,4,4,4,4,4,4,2,3,"mfeat-pixel","att60",0.9
0,3,4,4,6,6,6,3,1,0,0,0,0,0,0,5,6,6,6,6,6,6,6,6,6,5,1,0,0,0,6,6,6,6,6,5,4,5,6,6,6,6,0,0,0,6,6,6,6,6,0,0,0,6,6,6,6,2,0,-0.75,6,6,6,6,3,0,0,1,6,6,6,6,5,0,0,3,6,3,1,0,0,1,5,6,6,6,5,0,0,0,0,0,0,0,0,1,6,6,6,6,5,0,0,0,0,0,0,0,0,3,6,6,6,6,3,0,0,0,0,0,0,0,0,3,6,6,6,6,3,0,0,0,0,0,0,0,0,1,6,6,6,6,1,0,0,0,0,0,0,0,0,0,5,6,6,6,3,0,0,0,0,0,0,0,0,0,0,6,6,6,6,2,0,0,0,0,0,0,0,0,0,0,4,6,6,6,0,0,0,0,0,0,0,0,0,0,0,0,6,6,6,4,0,0,1,2,1,0,0,0,0,0,0,6,6,6,6,5,5,6,6,6,5,4,3,0,0,0,3,4,4,4,4,4,4,4,4,4,4,3,3,"mfeat-pixel","att60",0.9
1,4,6,6,6,6,6,6,6,6,6,3,0,0,0,3,6,6,6,6,6,6,6,6,6,6,6,2,0,0,6,6,6,6,5,1,0,2,5,6,6,6,3,0,0,6,6,6,6,0,0,0,0,0,4,6,6,6,1,1.89,6,6,6,6,2,0,0,0,0,3,6,6,6,3,0,5,6,6,6,2,0,0,0,0,3,6,6,6,1,0,0,0,0,0,0,0,1,3,4,6,6,6,6,3,0,0,0,0,0,3,6,6,6,6,6,6,5,3,0,0,0,0,0,4,6,6,6,6,6,6,5,0,0,0,0,0,0,5,6,6,6,6,5,4,2,0,0,0,0,0,0,0,6,6,6,6,6,0,0,0,0,0,0,0,0,0,0,6,6,6,6,6,0,0,0,0,0,0,0,0,0,0,6,6,6,6,6,1,0,0,0,0,0,0,0,0,0,6,6,6,6,6,6,6,4,4,6,6,6,5,0,0,5,6,6,6,6,6,6,6,6,6,6,6,5,0,0,0,2,4,4,4,4,4,4,4,4,4,3,0,3,"mfeat-pixel","att60",0.9
0,0,0,0,3,4,5,6,6,5,4,3,0,0,0,0,0,1,5,6,6,6,6,6,6,6,6,5,1,0,0,0,5,6,6,6,6,5,5,6,6,6,6,5,0,0,0,6,6,6,6,6,0,0,4,6,6,6,6,5.64,0,0,6,6,6,6,4,0,0,3,6,6,6,6,5,0,0,6,6,6,6,0,0,1,6,6,6,6,6,1,0,0,1,5,6,3,0,1,6,6,6,6,6,2,0,0,0,0,0,0,0,0,4,6,6,6,6,5,0,0,0,0,0,0,0,0,4,6,6,6,6,5,0,0,0,0,0,0,0,0,4,6,6,6,6,5,0,0,0,0,0,0,0,1,5,6,6,6,6,4,0,0,0,0,0,0,0,2,6,6,6,6,6,5,1,0,0,0,0,0,0,1,6,6,6,6,6,3,0,0,0,0,0,0,0,1,6,6,6,6,6,6,3,2,2,2,0,0,0,0,1,5,6,6,6,6,6,6,6,6,6,5,1,0,0,0,0,1,3,4,4,4,4,4,4,4,4,2,0,0,3,"mfeat-pixel","att60",0.9
0,0,2,4,6,6,4,4,1,0,0,0,0,0,0,1,5,6,6,6,6,6,6,6,3,0,0,0,0,0,3,6,6,6,4,4,6,6,6,6,1,0,0,0,0,6,6,6,3,0,0,2,6,6,6,6,1,0,0,2.85,6,6,6,3,0,0,0,6,6,6,6,1,0,0,0,5,6,6,5,0,0,2,6,6,6,6,0,0,0,0,2,6,5,1,0,0,3,6,6,6,6,0,0,0,0,0,0,0,0,0,0,5,6,6,5,1,0,0,0,0,0,0,0,0,3,5,6,6,3,0,0,0,0,0,0,0,0,0,4,6,6,6,1,0,0,0,0,0,0,0,0,0,0,6,6,6,4,0,0,0,0,0,0,0,0,0,0,0,5,6,6,6,0,0,0,0,0,0,0,0,0,0,0,3,6,6,6,2,0,0,1,3,4,4,3,0,0,0,1,6,6,6,6,4,6,6,6,6,6,6,0,0,0,0,5,6,6,6,6,6,6,6,6,6,5,0,0,0,0,0,3,4,4,4,3,1,0,0,0,0,3,"mfeat-pixel","att60",0.9
0,0,0,3,6,6,6,6,6,6,4,3,0,0,0,0,0,4,6,6,6,6,6,6,6,6,6,5,0,0,0,4,6,6,6,6,3,3,6,6,6,6,6,4,0,0,6,6,6,6,6,1,0,4,6,6,6,6,6,-1.07,0,6,6,6,6,6,5,0,0,6,6,6,6,6,0,0,5,6,6,6,6,6,0,0,6,6,6,6,6,0,0,0,2,3,5,6,2,0,4,6,6,6,6,2,0,0,0,0,0,0,0,0,2,6,6,6,6,6,0,0,0,0,0,0,0,0,3,6,6,6,6,5,1,0,0,0,0,0,0,3,5,6,6,6,6,3,0,0,0,0,0,0,3,5,6,6,6,6,5,1,0,0,0,0,0,0,5,6,6,6,6,6,3,0,0,0,0,0,0,0,4,6,6,6,6,6,3,0,0,0,0,0,0,0,0,6,6,6,6,6,6,6,6,6,6,6,4,4,4,3,3,6,6,6,6,6,6,6,6,6,6,6,6,6,4,0,0,1,3,4,3,2,3,4,4,4,4,4,4,0,3,"mfeat-pixel","att60",0.9
0,1,4,4,4,4,4,4,4,4,4,4,3,0,0,2,6,6,6,6,6,6,6,6,6,6,6,6,2,0,3,6,6,6,6,6,6,6,6,6,6,6,6,0,0,3,6,6,6,6,6,6,6,6,6,6,6,6,2,-2.85,3,6,6,6,6,3,3,6,6,6,6,6,6,3,0,1,5,6,4,1,0,0,4,6,6,6,6,6,1,0,0,0,0,0,0,1,5,6,6,6,6,6,3,0,0,0,0,0,0,0,5,6,6,6,6,6,3,0,0,0,0,0,0,0,3,6,6,6,6,5,1,0,0,0,0,0,0,0,0,6,6,6,6,6,3,0,0,0,0,0,0,0,0,0,6,6,6,6,6,0,0,0,0,0,0,0,0,1,5,6,6,6,6,5,0,0,0,0,0,0,0,0,3,6,6,6,6,6,4,0,0,0,0,0,0,0,0,3,6,6,6,6,6,6,5,1,0,0,0,0,0,0,2,6,6,6,6,6,6,6,6,6,6,6,0,0,0,0,0,2,2,4,4,4,2,4,4,4,3,0,3,"mfeat-pixel","att60",0.9
0,2,6,6,6,6,6,6,5,1,0,0,0,0,0,0,5,6,6,6,6,6,6,6,6,3,0,0,0,0,3,6,6,5,1,0,1,5,6,6,6,3,0,0,0,4,6,6,4,0,0,0,0,5,6,6,4,0,0,1.25,6,6,6,6,5,0,0,0,3,6,6,6,2,0,0,6,6,6,6,2,0,0,0,3,6,6,6,3,0,0,6,6,5,1,0,0,0,0,4,6,6,6,2,0,0,1,1,0,0,0,0,0,2,6,6,6,4,0,0,0,0,0,0,0,0,0,0,3,6,6,6,3,0,0,0,0,0,0,0,0,0,0,5,6,6,6,1,0,0,0,0,0,0,0,0,0,3,6,6,6,3,0,0,0,0,0,0,0,0,0,1,6,6,6,6,2,0,0,0,0,0,0,0,0,0,3,6,6,6,4,0,0,0,0,0,0,0,0,0,1,5,6,6,6,5,4,5,6,5,3,0,0,0,1,5,6,6,6,6,6,6,6,6,6,6,0,0,0,1,4,4,4,4,4,4,4,4,4,4,4,3,"mfeat-pixel","att60",0.9
0,3,4,4,6,6,4,4,3,1,0,0,0,0,0,5,6,6,6,6,6,6,6,6,6,3,0,0,0,0,6,6,6,6,5,4,5,6,6,6,6,0,0,0,0,6,6,6,4,0,0,0,4,6,6,6,2,0,0,-2.21,6,6,6,3,0,0,0,0,6,6,6,6,0,0,0,6,6,6,3,0,0,0,0,6,6,6,6,0,0,0,6,6,6,6,0,0,0,0,6,6,6,6,0,0,0,6,6,6,6,0,0,3,5,6,6,6,2,0,0,0,1,5,6,4,0,2,6,6,6,6,4,0,0,0,0,0,0,2,0,3,6,6,6,6,3,0,0,0,0,0,0,0,0,3,6,6,6,6,3,0,0,0,0,0,0,0,0,4,6,6,6,6,2,0,0,0,0,0,0,0,0,0,6,6,6,6,3,0,0,0,0,0,0,0,0,0,1,6,6,6,6,6,4,4,4,4,3,0,0,0,0,5,6,6,6,6,6,6,6,6,6,6,5,1,0,0,3,4,4,4,4,4,4,4,4,4,4,4,4,0,3,"mfeat-pixel","att60",0.9
0,1,4,5,6,6,6,6,6,6,4,4,3,0,0,0,4,6,6,6,6,6,6,6,6,6,6,6,4,0,1,6,6,6,6,3,2,4,6,6,6,6,6,6,3,3,6,6,6,5,0,0,0,3,6,6,6,6,6,2.16,3,6,6,6,2,0,0,0,3,6,6,6,6,6,0,0,2,0,0,0,0,0,3,6,6,6,6,6,2,0,0,0,0,0,0,0,5,6,6,6,6,6,5,0,0,0,0,0,2,4,5,6,6,6,6,6,3,0,0,0,0,0,5,6,6,6,6,6,6,5,1,0,0,0,0,0,1,6,6,6,6,6,6,3,0,0,0,0,0,0,0,5,6,6,6,6,5,1,0,0,0,0,0,0,0,1,6,6,6,6,6,0,0,0,0,0,0,0,0,0,3,6,6,6,6,6,0,0,0,0,0,0,0,0,0,3,6,6,6,6,6,3,2,2,0,2,1,0,0,0,1,5,6,6,6,6,6,6,6,6,6,6,6,5,0,0,1,4,4,4,4,4,4,4,4,4,4,4,4,0,3,"mfeat-pixel","att60",0.9
1,4,5,6,6,6,6,6,6,6,5,4,1,0,0,3,6,6,6,6,6,6,6,6,6,6,6,6,2,0,6,6,6,5,2,2,4,4,4,5,6,6,6,5,1,6,6,6,3,0,0,0,0,0,0,3,6,6,6,5.32,5,6,6,3,0,0,0,0,0,0,0,6,6,6,6,1,4,4,1,0,0,0,0,0,0,2,6,6,6,3,0,0,0,0,0,0,0,0,0,0,3,6,6,6,3,0,0,0,0,0,0,0,0,0,1,6,6,6,5,0,0,0,0,0,0,0,0,0,0,3,6,6,6,3,0,0,0,0,0,0,0,0,0,3,6,6,6,3,0,0,0,0,0,0,0,0,1,5,6,6,6,3,0,0,0,0,0,0,0,1,4,6,6,6,5,2,0,0,0,0,0,0,0,2,6,6,6,6,6,1,0,0,0,0,0,0,0,2,6,6,6,6,6,6,6,6,5,4,4,1,0,0,2,6,6,6,6,6,6,6,6,6,6,6,3,0,0,0,1,4,4,4,4,4,4,4,4,4,4,2,3,"mfeat-pixel","att60",0.9
0,0,5,6,6,6,6,6,6,6,6,6,6,5,1,0,4,6,6,6,6,6,6,6,6,6,6,6,6,2,0,6,6,6,6,5,2,2,0,4,6,6,6,6,0,0,5,6,6,6,1,0,0,0,3,6,6,6,6,-2.39,0,3,6,6,6,3,0,0,0,4,6,6,6,5,0,0,1,5,6,3,0,0,0,5,6,6,6,6,1,0,0,0,0,0,0,0,0,1,6,6,6,6,6,0,0,0,0,0,0,0,0,0,5,6,6,6,5,1,0,0,0,0,0,0,0,0,0,6,6,6,4,0,0,0,0,0,0,0,0,0,1,3,6,6,6,2,0,0,0,0,0,0,0,0,2,6,6,6,5,1,0,0,0,0,0,0,0,0,0,5,6,6,5,0,0,0,0,0,0,0,0,0,1,5,6,6,6,1,0,0,0,0,0,0,0,0,3,6,6,6,6,6,3,2,2,2,1,0,0,0,3,6,6,6,6,6,6,6,6,6,6,6,5,0,0,0,3,4,4,4,4,4,4,4,4,4,4,3,0,0,3,"mfeat-pixel","att60",0.9
0,0,3,5,6,6,6,6,6,6,4,2,0,0,0,0,3,6,6,6,6,6,6,6,6,6,6,6,6,2,1,5,6,6,6,6,3,1,0,3,5,6,6,6,3,3,6,6,6,6,1,0,0,0,0,0,6,6,6,9.44,4,6,6,6,6,0,0,0,0,1,5,6,6,6,4,6,6,6,6,6,0,0,0,0,6,6,6,6,6,3,6,6,6,6,6,0,0,0,0,6,6,6,6,6,0,1,4,2,2,1,0,0,1,5,6,6,6,6,2,0,0,0,0,0,0,0,1,5,6,6,6,5,1,0,0,0,0,0,0,2,3,6,6,6,6,3,0,0,0,0,0,0,0,3,6,6,6,6,6,2,0,0,0,0,0,0,0,1,5,6,6,6,5,3,0,0,0,0,0,0,0,2,6,6,6,6,1,0,0,0,0,0,0,0,0,2,6,6,6,6,6,3,1,0,0,2,1,0,0,0,1,5,6,6,6,6,6,6,6,6,6,6,5,0,0,0,0,3,4,4,4,4,4,4,4,4,4,3,0,0,3,"mfeat-pixel","att60",0.9
0,0,0,0,0,3,6,6,6,6,6,6,5,1,0,0,0,0,0,2,6,6,6,6,6,6,6,6,5,1,0,0,0,0,5,6,6,3,0,0,2,6,6,6,6,0,0,0,1,6,6,6,3,0,0,0,6,6,6,4.81,0,0,0,5,6,6,6,3,0,0,0,6,6,6,4,0,0,0,0,3,4,3,0,0,3,6,6,6,5,1,0,0,0,0,0,0,0,2,5,6,6,6,2,0,0,0,0,0,0,3,5,6,6,6,6,4,1,0,0,0,0,0,1,5,6,6,6,6,6,3,0,0,0,0,0,0,3,6,6,6,6,3,0,0,0,0,0,0,0,0,2,6,6,6,4,1,0,0,0,0,0,0,0,0,0,6,6,6,6,6,3,1,0,0,0,0,0,0,0,0,6,6,6,6,6,6,6,3,1,0,0,0,0,0,0,2,6,6,6,6,6,6,6,6,5,3,0,0,0,0,0,1,4,5,6,6,6,6,6,6,6,5,0,0,0,0,0,0,0,0,0,1,4,4,4,4,3,0,0,0,3,"mfeat-pixel","att60",0.9
0,0,1,5,6,6,6,6,5,1,0,0,0,0,0,0,0,5,6,6,6,6,6,6,5,0,0,0,0,0,1,5,6,6,5,4,6,6,6,6,5,0,0,0,0,5,6,6,5,0,0,2,6,6,6,6,3,0,0,0.2,5,6,6,5,0,0,0,4,6,6,6,3,0,0,0,0,3,4,1,0,0,0,3,6,6,6,1,0,0,0,0,0,0,0,0,0,0,4,6,6,4,0,0,0,0,0,0,0,0,0,0,2,6,6,6,5,0,0,0,0,0,0,0,0,0,0,3,6,6,6,1,0,0,0,0,0,0,0,0,0,0,3,6,6,3,0,0,0,0,0,0,0,0,0,1,5,6,6,6,3,0,0,0,0,0,0,0,0,0,3,6,6,6,5,0,0,0,0,0,0,0,0,0,0,3,6,6,6,3,0,0,0,0,0,0,0,0,0,1,6,6,6,6,5,4,4,4,4,4,3,0,0,0,6,6,6,6,6,6,6,6,6,6,6,6,0,0,0,1,4,4,4,4,4,4,4,4,4,4,4,3,"mfeat-pixel","att60",0.9
0,0,3,6,6,4,4,6,4,4,4,3,0,0,0,0,5,6,6,6,6,6,6,6,6,6,6,2,0,0,0,6,6,6,3,2,2,2,4,6,6,6,6,2,0,0,6,6,6,0,0,0,0,0,3,6,6,6,6,-0.58,1,6,6,5,0,0,0,0,0,6,6,6,6,5,0,3,6,5,1,0,0,0,0,4,6,6,6,4,0,0,0,2,0,0,0,0,1,5,6,6,6,6,3,0,0,0,0,0,0,0,3,6,6,6,6,5,2,0,0,0,0,0,0,0,3,6,6,6,6,3,0,0,0,0,0,0,0,0,0,3,6,6,6,1,0,0,0,0,0,0,0,0,0,2,6,6,6,6,0,0,0,0,0,0,0,0,0,0,2,6,6,6,6,0,0,0,0,0,0,0,0,0,0,0,6,6,6,6,0,0,0,0,0,0,0,0,0,0,2,6,6,6,6,5,4,4,4,4,1,0,0,0,0,6,6,6,6,6,6,6,6,6,6,6,0,0,0,0,3,4,4,4,4,4,4,4,4,3,1,0,3,"mfeat-pixel","att60",0.9
0,0,0,1,3,4,4,6,6,6,6,6,5,3,0,0,0,2,6,6,6,6,6,6,6,6,6,6,6,0,0,3,6,6,6,5,2,2,2,5,6,6,6,6,2,1,6,6,6,4,0,0,0,0,3,6,6,6,6,3.62,3,6,6,6,6,2,0,0,0,1,6,6,6,6,0,1,6,6,6,6,3,0,0,1,5,6,6,6,6,0,1,6,6,6,3,0,0,0,1,6,6,6,5,1,0,1,4,4,1,0,0,0,1,5,6,6,4,0,0,0,0,0,0,0,0,0,3,6,6,6,6,2,0,0,0,0,0,0,0,1,5,6,6,5,2,0,0,0,0,0,0,0,1,5,6,6,6,5,0,0,0,0,0,0,0,0,0,4,6,6,6,6,1,0,0,0,0,0,0,0,0,5,6,6,6,6,4,0,0,0,0,0,0,0,0,0,6,6,6,6,6,5,2,2,2,2,2,0,0,0,0,5,6,6,6,6,6,6,6,6,6,6,3,0,0,0,0,2,4,4,4,4,4,4,4,4,4,1,0,0,3,"mfeat-pixel","att60",0.9
0,0,2,6,6,6,6,6,5,1,0,0,0,0,0,0,3,6,6,6,6,6,6,6,6,0,0,0,0,0,0,6,6,6,6,6,6,6,6,6,2,0,0,0,0,3,6,6,6,6,1,1,5,6,6,6,0,0,0,1.81,4,6,6,6,6,0,0,3,6,6,6,0,0,0,0,6,6,6,6,6,0,0,3,6,6,6,3,0,0,0,6,6,6,6,6,0,0,3,6,6,6,1,0,0,0,3,6,6,5,1,0,1,6,6,6,6,0,0,0,0,0,1,2,0,0,2,6,6,6,6,3,0,0,0,0,0,0,0,0,1,6,6,6,6,3,0,0,0,0,0,0,0,0,1,6,6,6,5,1,0,0,0,0,0,0,0,0,1,6,6,6,5,1,0,0,0,0,0,0,0,0,0,6,6,6,6,5,2,2,2,2,2,0,0,0,0,1,6,6,6,6,6,6,6,6,6,6,6,4,1,0,1,6,6,6,6,6,6,6,6,6,6,6,6,5,0,0,2,4,4,4,4,4,4,4,4,4,4,2,0,3,"mfeat-pixel","att60",0.9
0,0,0,0,0,2,3,4,3,2,0,0,0,0,0,0,0,3,4,6,6,6,6,6,6,6,4,3,0,0,0,2,6,6,6,6,6,6,6,6,6,6,6,2,0,0,6,6,6,6,5,2,2,2,5,6,6,6,6,0.51,0,6,6,6,6,3,0,0,0,1,6,6,6,6,3,4,6,6,6,6,3,0,0,0,1,6,6,6,6,4,6,6,6,6,6,3,0,0,0,3,6,6,6,6,6,5,6,6,6,3,0,0,0,0,4,6,6,6,6,2,0,0,0,0,0,0,0,1,5,6,6,6,4,3,0,0,0,0,0,0,0,1,6,6,6,5,1,0,0,0,0,0,0,1,3,6,6,6,6,5,1,0,0,0,0,0,1,3,6,6,6,6,6,3,0,0,0,0,0,0,5,6,6,6,6,6,6,1,0,0,2,0,0,0,0,6,6,6,6,6,6,6,5,4,6,6,6,4,3,0,3,6,6,6,6,6,6,6,6,6,6,6,6,6,5,0,1,2,2,2,2,2,2,2,2,4,4,2,2,1,3,"mfeat-pixel","att60",0.9
0,0,0,0,1,4,4,6,6,6,5,2,0,0,0,0,0,0,0,5,6,6,6,6,6,6,6,5,1,0,0,0,0,0,6,6,6,1,0,3,6,6,6,6,5,0,0,0,2,6,6,6,0,0,0,1,6,6,6,4.67,0,0,0,3,6,6,3,0,0,0,3,6,6,6,6,0,0,0,2,6,4,1,0,0,3,6,6,6,6,2,0,0,0,0,0,0,0,0,0,4,6,6,6,2,0,0,0,0,0,0,0,1,3,6,6,6,5,1,0,0,0,0,0,0,0,2,6,6,6,6,4,0,0,0,0,0,0,0,0,1,5,6,6,6,5,1,0,0,0,0,0,0,0,2,6,6,6,6,1,0,0,0,0,0,0,0,0,3,6,6,6,4,1,0,0,0,0,0,0,0,0,5,6,6,6,3,0,0,0,0,0,0,0,0,0,2,6,6,6,6,4,0,0,0,2,4,2,2,3,3,0,5,6,6,6,6,6,6,6,6,6,6,6,6,5,0,0,3,4,4,4,4,4,4,4,4,4,4,4,2,3,"mfeat-pixel","att60",0.9
0,0,0,0,3,6,6,5,5,6,6,5,4,2,0,0,0,0,2,6,6,6,6,6,6,6,6,6,6,5,0,0,0,5,6,6,6,5,4,2,3,6,6,6,6,0,0,3,6,6,6,6,0,0,0,0,4,6,6,6.29,0,0,3,6,6,6,4,0,0,0,0,6,6,6,6,0,0,3,6,6,6,3,0,0,0,4,6,6,6,5,0,0,1,4,4,3,0,0,1,5,6,6,6,6,3,0,0,0,0,0,0,0,1,5,6,6,6,6,5,0,0,0,0,0,0,0,3,6,6,6,6,6,3,0,0,0,0,0,0,1,5,6,6,6,6,5,1,0,0,0,0,0,0,1,5,6,6,6,6,3,0,0,0,0,0,0,0,2,6,6,6,6,5,1,0,0,0,0,0,0,0,3,6,6,6,6,4,0,0,0,0,0,0,0,0,2,6,6,6,6,6,6,4,4,4,5,5,5,5,1,5,6,6,6,6,6,6,6,6,6,6,6,6,6,3,1,4,4,4,4,4,4,4,4,4,4,4,4,4,1,3,"mfeat-pixel","att60",0.9
0,0,0,3,6,6,6,6,6,6,6,4,3,1,0,0,0,4,6,6,6,6,6,6,6,6,6,6,6,3,0,3,6,6,6,6,6,3,2,5,6,6,6,6,6,0,2,6,6,6,6,1,0,0,4,6,6,6,6,0.08,0,0,3,4,4,1,0,0,2,6,6,6,6,4,0,0,0,0,0,0,0,0,0,6,6,6,6,6,0,0,0,0,0,0,0,0,0,3,6,6,6,6,6,0,0,0,0,0,0,0,0,3,6,6,6,6,6,2,0,0,0,0,0,0,0,2,6,6,6,6,5,1,0,0,0,0,0,0,0,2,6,6,6,6,6,0,0,0,0,0,0,0,0,0,6,6,6,6,6,2,0,0,0,0,0,0,0,1,5,6,6,6,6,2,0,0,0,0,0,0,0,1,5,6,6,6,6,4,0,0,0,0,0,0,0,1,6,6,6,6,6,6,5,2,2,0,2,0,0,0,3,6,6,6,6,6,6,6,6,6,6,6,6,5,1,0,3,4,4,4,4,4,4,4,4,4,4,4,4,2,3,"mfeat-pixel","att60",0.9
0,0,0,0,0,1,3,5,6,6,6,5,0,0,0,0,0,0,3,5,6,6,6,6,6,6,6,5,0,0,0,1,5,6,6,6,6,5,5,6,6,6,6,5,0,0,6,6,6,6,6,3,0,0,3,6,6,6,6,4.09,0,6,6,6,6,1,0,0,0,2,6,6,6,6,3,1,6,6,6,6,0,0,0,0,6,6,6,6,3,0,3,6,6,6,6,0,0,0,3,6,6,6,6,0,0,0,5,6,6,5,0,0,3,6,6,6,6,2,0,0,0,0,1,2,0,0,3,6,6,6,6,3,0,0,0,0,0,0,0,1,5,6,6,6,6,2,0,0,0,0,0,0,1,3,6,6,6,6,6,1,0,0,0,0,0,0,0,6,6,6,6,6,6,6,1,0,0,0,0,0,0,2,6,6,6,6,6,6,6,6,5,3,2,1,0,0,6,6,6,6,6,6,6,6,6,6,6,6,6,3,0,3,5,6,6,6,6,6,6,6,6,6,6,6,6,0,0,0,1,2,2,1,0,1,2,3,4,4,4,4,3,"mfeat-pixel","att60",0.9
0,3,6,6,4,6,6,6,6,6,6,3,0,0,0,2,6,6,6,6,6,6,6,6,6,6,6,5,0,0,5,6,6,6,6,4,4,2,3,6,6,6,4,0,0,3,6,6,6,3,0,0,0,0,6,6,6,3,0,2.72,2,6,6,6,6,1,0,0,0,3,6,6,4,0,0,0,0,4,6,6,2,0,0,0,5,6,6,5,0,0,0,0,0,2,1,0,0,0,1,6,6,6,5,0,0,0,0,0,0,0,0,0,0,5,6,6,6,4,0,0,0,0,0,0,0,0,0,3,6,6,6,3,0,0,0,0,0,0,0,0,0,1,6,6,6,2,0,0,0,0,0,0,0,0,0,0,4,6,6,5,0,0,0,0,0,0,0,0,0,0,0,6,6,6,1,0,0,0,0,0,0,0,0,0,1,5,6,6,6,3,0,0,0,0,0,0,0,0,0,4,6,6,6,6,6,5,4,4,2,0,0,0,0,0,5,6,6,6,6,6,6,6,6,6,5,0,0,0,0,0,3,4,4,4,4,4,4,4,4,1,3,"mfeat-pixel","att60",0.9
0,0,1,5,6,6,6,6,5,4,3,0,0,0,0,0,5,6,6,6,6,6,6,6,6,6,0,0,0,0,4,6,6,6,6,6,6,6,6,6,6,5,1,0,0,6,6,6,6,3,2,2,5,6,6,6,6,3,0,-1.22,6,6,6,6,3,0,0,3,6,6,6,6,3,0,0,6,6,6,6,6,2,0,3,6,6,6,6,0,0,0,1,2,2,2,0,0,1,6,6,6,6,2,0,0,0,0,0,0,0,0,0,3,6,6,6,3,0,0,0,0,0,0,0,0,0,3,6,6,6,2,0,0,0,0,0,0,0,0,1,5,6,6,6,2,0,0,0,0,0,0,0,0,0,6,6,6,6,3,0,0,0,0,0,0,0,0,0,0,6,6,6,6,2,0,0,0,0,0,0,0,0,0,1,6,6,6,6,1,0,0,0,0,0,0,0,0,0,5,6,6,6,6,6,6,6,6,5,2,0,0,0,0,6,6,6,6,6,6,6,6,6,6,6,5,3,0,0,3,4,4,4,4,4,4,4,4,4,4,4,3,3,"mfeat-pixel","att60",0.9
0,0,0,0,1,5,6,6,6,6,5,4,4,3,0,0,0,0,1,6,6,6,6,6,6,6,6,6,6,0,0,0,3,6,6,6,6,3,2,3,6,6,6,6,1,0,0,5,6,6,6,5,0,0,2,6,6,6,6,2.69,0,0,0,0,1,1,0,0,0,0,6,6,6,6,0,0,0,0,0,0,0,0,0,0,2,6,6,6,6,0,0,0,0,0,0,0,0,0,0,3,6,6,6,5,0,0,0,0,0,0,0,0,3,4,6,6,6,6,3,0,0,0,0,0,0,0,3,6,6,6,6,6,3,0,0,0,0,0,0,1,5,6,6,6,6,6,1,0,0,0,0,0,2,4,6,6,6,6,6,6,1,0,0,0,0,0,5,6,6,6,6,6,5,4,1,0,0,0,0,0,1,6,6,6,6,6,3,0,0,0,0,0,0,0,0,5,6,6,6,6,6,3,2,2,2,2,2,1,0,0,5,6,6,6,6,6,6,6,6,6,6,6,6,0,0,0,3,4,4,4,4,4,4,4,4,4,4,3,0,0,3,"mfeat-pixel","att60",0.9
0,3,6,6,6,6,6,6,6,5,3,0,0,0,0,2,6,6,6,6,6,6,6,6,6,6,2,0,0,0,1,6,6,6,6,4,0,0,4,6,6,6,2,0,0,0,1,5,6,6,5,1,0,3,6,6,6,6,2,0.93,0,0,4,6,6,6,5,1,0,5,6,6,6,6,0,0,4,6,6,6,6,6,3,0,0,3,6,6,6,0,0,6,6,6,6,6,6,1,0,0,3,6,6,6,0,0,1,1,0,3,4,1,0,0,0,6,6,6,6,0,0,0,0,0,0,0,0,0,2,5,6,6,6,6,0,0,0,0,0,0,0,3,6,6,6,6,6,5,1,0,0,0,0,0,0,3,6,6,6,3,2,2,0,0,0,0,0,0,5,6,6,6,6,4,0,0,0,0,0,0,0,1,5,6,6,6,6,3,0,0,0,0,0,0,0,0,6,6,6,6,6,4,0,0,0,0,0,0,0,0,0,6,6,6,6,6,6,6,6,6,6,6,6,6,5,0,3,4,4,4,4,4,4,4,4,4,4,4,4,4,3,"mfeat-pixel","att60",0.9
0,1,3,5,6,6,6,6,3,1,0,0,0,0,0,3,6,6,6,6,6,6,6,6,6,3,0,0,0,0,6,6,6,6,3,0,3,6,6,6,6,3,0,0,0,6,6,6,6,3,0,5,6,6,6,5,1,0,0,0.51,3,6,6,6,3,0,6,6,6,6,0,0,0,0,0,2,6,6,3,0,4,6,6,6,6,0,0,0,0,0,0,1,1,1,5,6,6,6,6,5,0,0,0,0,0,0,0,1,6,6,6,6,6,5,0,0,0,0,0,0,0,0,3,6,6,6,6,4,0,0,0,0,0,0,0,0,0,5,6,6,6,6,0,0,0,0,0,0,0,0,0,3,6,6,6,6,6,0,0,0,0,0,0,0,0,0,0,6,6,6,6,6,0,0,0,0,0,0,0,0,0,0,6,6,6,6,6,1,0,0,0,0,0,0,0,0,0,4,6,6,6,6,5,2,4,4,4,4,4,3,0,0,0,6,6,6,6,6,6,6,6,6,6,6,6,0,0,0,1,4,4,4,4,4,4,4,4,4,4,1,3,"mfeat-pixel","att60",0.9
0,0,0,0,1,3,4,5,6,6,6,5,3,0,0,0,3,4,5,6,6,6,6,6,6,6,6,6,4,0,0,6,6,6,6,5,1,0,0,1,6,6,6,6,0,1,6,6,6,6,3,0,0,0,3,6,6,6,6,-2.49,2,6,6,6,6,1,0,0,0,3,6,6,6,6,0,0,6,6,6,6,0,0,0,0,6,6,6,6,6,0,0,1,2,2,1,0,0,0,3,6,6,6,6,2,0,0,0,0,0,0,0,3,6,6,6,5,3,1,0,0,0,0,0,0,2,5,6,6,6,6,0,0,0,0,0,0,0,0,3,6,6,6,6,6,2,0,0,0,0,0,0,0,0,3,6,6,6,6,6,0,0,0,0,0,0,0,0,3,6,6,6,6,5,1,0,0,0,0,0,0,0,1,6,6,6,6,5,1,0,0,0,0,0,0,0,0,3,6,6,6,6,1,0,0,0,0,0,0,0,0,0,3,6,6,6,6,6,4,4,4,3,2,2,2,0,0,1,4,4,4,4,4,4,4,4,4,4,4,4,2,3,"mfeat-pixel","att60",0.9
0,0,0,0,0,2,3,4,4,5,6,5,4,2,0,0,0,0,0,4,6,6,5,4,4,6,6,6,6,3,0,0,0,2,6,5,1,0,0,0,3,6,6,6,6,0,0,0,3,6,5,1,0,0,0,1,6,6,6,7.79,0,0,0,3,6,6,6,0,0,0,2,6,6,6,1,0,0,0,1,4,3,1,0,0,1,6,6,6,2,0,0,0,0,0,0,0,0,3,4,6,6,6,3,0,0,0,0,0,0,0,1,5,6,6,6,3,1,0,0,0,0,0,0,0,2,6,6,6,3,1,0,0,0,0,0,0,0,0,1,6,6,6,2,0,0,0,0,0,0,0,0,1,4,6,6,6,3,0,0,0,0,0,0,0,0,0,3,6,6,6,2,0,0,0,0,0,0,0,0,0,0,5,6,6,6,1,0,0,0,0,0,0,0,0,0,3,6,6,6,6,5,2,2,2,2,2,2,2,4,3,0,6,6,6,6,6,6,6,6,6,6,6,6,5,3,0,3,4,4,4,4,4,2,2,2,2,2,1,0,0,3,"mfeat-pixel","att60",0.9
0,3,4,6,4,5,6,5,4,4,3,0,0,0,0,3,6,6,6,6,6,6,6,6,6,6,6,3,0,0,1,6,6,6,6,6,3,3,6,6,6,6,6,5,0,0,6,6,6,6,3,0,0,1,5,6,6,6,6,0.25,3,6,6,6,4,0,0,0,0,3,6,6,6,5,0,0,3,5,6,5,0,0,0,0,4,6,6,5,1,0,0,0,0,0,0,0,0,0,2,6,6,6,1,0,0,0,0,0,0,0,0,0,0,5,6,6,6,0,0,0,0,0,0,0,0,0,0,3,6,6,6,5,0,0,0,0,0,0,0,0,0,1,6,6,6,5,1,0,0,0,0,0,0,0,0,0,4,6,6,3,0,0,0,0,0,0,0,0,0,0,2,6,6,4,0,0,0,0,0,0,0,0,0,0,3,6,6,6,0,0,0,0,0,0,0,0,0,0,1,6,6,6,6,3,0,0,0,0,0,0,0,0,0,5,6,6,6,6,6,6,6,6,6,6,5,0,0,0,3,4,4,4,4,4,4,4,4,4,4,3,3,"mfeat-pixel","att60",0.9
0,0,0,0,0,3,6,6,6,6,4,2,0,0,0,0,0,1,3,5,6,6,6,6,6,6,6,6,3,0,0,0,6,6,6,6,5,1,0,4,6,6,6,6,0,0,2,6,6,6,5,1,0,0,0,6,6,6,6,0.11,0,6,6,6,3,0,0,0,0,3,6,6,6,6,3,0,3,4,1,0,0,0,0,1,5,6,6,6,4,0,0,0,0,0,0,0,0,0,5,6,6,6,6,0,0,0,0,0,0,0,0,0,1,5,6,6,6,5,0,0,0,0,0,0,0,0,5,6,6,6,6,3,0,0,0,0,0,0,0,1,5,6,6,6,5,1,0,0,0,0,0,0,1,5,6,6,6,5,2,0,0,0,0,0,0,0,1,5,6,6,6,5,1,0,0,0,0,0,0,0,0,3,6,6,6,6,0,0,0,0,0,0,0,0,0,2,6,6,6,6,6,5,4,4,2,2,0,0,0,0,1,5,6,6,6,6,6,6,6,6,6,6,4,3,0,0,0,0,0,0,0,0,2,4,4,4,4,4,3,0,3,"mfeat-pixel","att60",0.9
0,1,4,4,4,4,6,5,4,4,2,0,0,0,0,2,6,6,6,6,6,6,6,6,6,6,6,4,1,0,3,6,6,6,6,6,1,0,1,5,6,6,6,6,1,3,6,6,6,6,6,0,0,0,3,6,6,6,6,2.7,1,6,6,6,6,6,0,0,0,5,6,6,6,6,1,0,3,6,5,4,1,0,0,0,6,6,6,6,6,0,0,0,0,0,0,0,0,2,5,6,6,6,6,5,0,0,0,0,0,0,2,5,6,6,6,6,5,2,0,0,0,0,0,2,5,6,6,6,6,6,3,0,0,0,0,0,0,5,6,6,6,6,6,3,0,0,0,0,0,0,0,2,6,6,6,6,5,1,0,0,0,0,0,0,0,0,6,6,6,6,6,0,0,0,0,0,0,0,0,0,0,6,6,6,6,6,0,0,0,0,0,0,0,0,0,0,6,6,6,6,6,5,4,4,3,1,0,0,0,0,0,1,5,6,6,6,6,6,6,6,6,6,6,2,0,0,0,0,3,4,4,4,4,4,4,4,4,4,1,0,3,"mfeat-pixel","att60",0.9
0,1,4,4,4,4,4,4,4,4,4,3,0,0,0,2,6,6,6,6,6,6,6,6,6,6,6,2,0,0,6,6,6,6,6,6,6,6,6,6,6,6,4,0,0,6,6,6,6,3,0,0,4,6,6,6,6,6,0,-1.06,6,6,6,3,0,0,0,3,6,6,6,6,1,0,0,1,2,2,0,0,0,0,6,6,6,6,2,0,0,0,0,0,0,0,0,0,1,6,6,6,4,0,0,0,0,0,0,0,0,0,1,6,6,6,6,2,0,0,0,0,0,0,0,0,0,5,6,6,6,3,0,0,0,0,0,0,0,0,0,5,6,6,6,3,0,0,0,0,0,0,0,0,0,0,4,6,6,4,0,0,0,0,0,0,0,0,0,0,1,6,6,6,0,0,0,0,0,0,0,0,0,0,1,6,6,6,6,0,0,0,0,0,0,0,0,0,0,6,6,6,6,6,5,4,4,4,4,4,4,1,0,0,6,6,6,6,6,6,6,6,6,6,6,6,5,0,0,3,4,4,4,4,4,4,4,4,4,4,4,1,3,"mfeat-pixel","att60",0.9
0,0,0,1,3,4,6,6,6,6,6,3,1,0,0,0,1,4,6,6,6,6,6,6,6,6,6,6,3,0,3,6,6,6,6,5,2,5,6,6,6,6,6,6,0,6,6,6,6,4,0,0,0,3,6,6,6,6,6,2.65,6,6,6,6,5,0,0,0,1,6,6,6,6,6,6,3,4,4,4,3,0,0,5,6,6,6,6,6,6,3,0,0,0,0,0,0,1,6,6,6,6,6,6,1,0,0,0,0,0,0,0,5,6,6,6,6,6,3,0,0,0,0,0,0,0,1,6,6,6,6,6,3,0,0,0,0,0,0,0,3,6,6,6,6,6,2,0,0,0,0,0,0,0,5,6,6,6,6,6,2,0,0,0,0,0,0,0,4,6,6,6,6,6,2,0,0,0,0,0,0,0,0,6,6,6,6,6,6,3,2,1,0,0,0,0,0,0,6,6,6,6,6,6,6,6,6,5,4,4,3,0,0,1,5,6,6,6,6,6,6,6,6,6,6,3,0,0,0,0,1,3,4,4,3,1,1,2,1,0,0,3,"mfeat-pixel","att60",0.9
0,0,1,4,4,5,5,4,4,4,1,0,0,0,0,0,3,6,6,6,6,6,6,6,6,5,0,0,0,0,3,6,6,6,6,6,6,6,6,6,6,3,0,0,0,4,6,6,6,4,0,4,6,6,6,6,3,0,0,-0.43,6,6,6,6,3,0,3,6,6,6,6,6,0,0,0,3,6,6,5,1,0,3,6,6,6,6,4,0,0,0,0,2,2,0,0,0,3,6,6,6,6,2,0,0,0,0,0,0,0,0,0,5,6,6,6,4,0,0,0,0,0,0,0,0,0,4,6,6,6,5,0,0,0,0,0,0,0,0,0,4,6,6,6,5,1,0,0,0,0,0,0,0,0,4,6,6,6,5,1,0,0,0,0,0,0,0,0,2,6,6,6,6,1,0,0,0,0,0,0,0,0,1,6,6,6,6,4,0,0,0,0,0,0,0,0,0,3,6,6,6,6,6,6,6,6,6,6,6,6,2,0,2,6,6,6,6,6,6,6,6,6,6,6,6,3,0,0,1,4,4,4,4,4,4,4,4,4,4,4,1,3,"mfeat-pixel","att60",0.9
0,0,3,4,4,4,4,5,6,6,6,5,1,0,0,0,5,6,6,5,4,4,5,6,6,6,6,6,2,0,5,6,6,6,1,0,0,0,3,6,6,6,6,6,0,5,6,6,6,6,0,0,0,0,3,6,6,6,6,-0.61,0,3,4,3,1,0,0,0,0,3,6,6,6,3,0,0,0,0,0,0,0,0,0,3,6,6,6,6,2,0,0,0,0,0,0,0,1,5,6,6,6,6,2,0,0,0,0,0,0,1,3,6,6,6,6,4,1,0,0,0,0,0,0,2,6,6,6,6,5,1,0,0,0,0,0,0,0,3,6,6,6,6,3,0,0,0,0,0,0,0,0,3,6,6,6,5,1,0,0,0,0,0,0,0,0,1,6,6,6,6,3,0,0,0,0,0,0,0,0,0,3,6,6,6,5,1,0,0,0,0,0,0,0,0,0,5,6,6,6,5,2,0,2,4,4,4,4,4,3,0,6,6,6,6,6,6,6,6,6,6,6,6,6,6,2,3,4,4,4,4,4,4,4,4,3,2,4,4,1,0,3,"mfeat-pixel","att60",0.9
3,6,6,6,6,6,6,5,1,0,0,0,0,0,0,6,6,6,6,6,6,6,6,6,1,0,0,0,0,0,6,6,6,6,5,5,6,6,6,6,1,0,0,0,0,6,6,6,6,5,3,6,6,6,6,2,0,0,0,-0.47,6,6,6,6,6,3,6,6,6,6,1,0,0,0,0,1,5,6,6,3,3,6,6,6,6,3,0,0,0,0,0,0,0,0,1,6,6,6,6,5,0,0,0,0,0,0,0,0,0,5,6,6,6,6,1,0,0,0,0,0,0,0,0,3,6,6,6,6,1,0,0,0,0,0,0,0,0,0,3,6,6,6,6,0,0,0,0,0,0,0,0,0,0,3,6,6,6,5,0,0,0,0,0,0,0,0,0,0,3,6,6,6,5,0,0,0,0,0,0,0,0,0,0,1,6,6,6,6,5,4,2,3,4,4,3,0,0,0,0,6,6,6,6,6,6,6,6,6,6,6,0,0,0,0,5,6,6,6,6,6,6,6,6,6,3,0,0,0,0,1,4,4,4,4,3,1,0,0,0,0,3,"mfeat-pixel","att60",0.9
0,0,1,4,4,5,6,6,6,6,6,6,5,3,0,0,2,6,6,6,6,6,6,6,6,6,6,6,6,0,0,4,6,6,6,6,5,3,2,5,6,6,6,6,4,0,6,6,6,3,1,0,0,0,3,6,6,6,6,4.45,1,6,6,6,0,0,0,0,0,3,6,6,6,6,6,5,6,6,6,0,0,0,0,0,3,6,6,6,6,6,5,6,6,5,0,0,0,0,0,3,6,6,6,6,6,0,0,0,0,0,0,0,0,3,6,6,6,6,5,1,0,0,0,0,0,0,0,2,6,6,6,6,3,0,0,0,0,0,0,0,1,3,6,6,6,6,3,0,0,0,0,0,0,0,5,6,6,6,6,6,3,0,0,0,0,0,0,0,1,6,6,6,6,5,1,0,0,0,0,0,0,0,2,6,6,6,6,6,0,0,0,0,0,0,0,0,2,5,6,6,6,6,6,3,2,2,2,2,2,0,3,6,6,6,6,6,6,6,6,6,6,6,6,6,5,0,3,4,4,4,4,4,4,4,4,4,4,4,4,3,3,"mfeat-pixel","att60",0.9
0,0,0,3,6,6,6,6,6,6,6,3,0,0,0,0,0,5,6,6,6,6,6,6,6,6,6,5,0,0,0,4,6,6,6,5,2,2,3,6,6,6,6,1,0,0,6,6,6,6,2,0,0,0,5,6,6,6,5,-0.65,2,6,6,6,6,0,0,0,0,3,6,6,6,6,0,0,3,6,6,5,0,0,0,0,3,6,6,6,6,0,0,0,1,2,0,0,0,3,4,6,6,6,6,4,0,0,0,0,0,0,0,3,6,6,6,6,6,6,0,0,0,0,0,0,3,6,6,6,6,6,5,2,1,0,0,0,0,1,5,6,6,6,6,5,3,0,0,0,0,0,0,0,6,6,6,6,6,3,0,0,0,0,0,0,0,0,5,6,6,6,6,3,0,0,0,0,0,0,0,0,3,6,6,6,6,3,0,0,0,0,0,0,0,0,0,3,6,6,6,6,6,4,4,4,4,4,2,2,2,0,1,6,6,6,6,6,6,6,6,6,6,6,6,6,5,0,3,4,4,4,4,4,4,4,4,4,4,4,4,3,3,"mfeat-pixel","att60",0.9
0,1,4,4,4,6,4,3,1,0,0,0,0,0,0,3,6,6,6,6,6,6,6,6,5,1,0,0,0,0,6,6,6,6,6,6,6,6,6,6,4,0,0,0,0,4,6,6,6,4,0,4,6,6,6,6,4,0,0,2.14,5,6,6,6,0,0,0,4,6,6,6,6,0,0,0,3,6,6,6,3,0,0,0,6,6,6,3,0,0,0,3,6,6,6,5,0,0,1,6,6,6,2,0,0,0,2,6,6,6,3,0,5,6,6,6,4,0,0,0,0,0,1,4,4,1,3,6,6,6,6,0,0,0,0,0,0,0,0,0,3,6,6,6,6,4,0,0,0,0,0,0,0,0,0,3,6,6,6,6,0,0,0,0,0,0,0,0,0,3,6,6,6,5,1,0,0,0,0,0,0,0,0,0,6,6,6,6,1,0,0,0,0,0,0,0,0,0,2,6,6,6,6,6,4,4,5,6,6,5,3,0,0,2,6,6,6,6,6,6,6,6,6,6,6,3,0,0,0,1,4,4,4,4,4,4,4,4,4,1,0,3,"mfeat-pixel","att60",0.9
0,0,0,0,0,0,0,0,2,6,6,6,6,5,1,0,0,0,0,0,0,0,3,6,6,6,6,6,6,6,0,0,0,0,0,0,3,6,6,6,6,6,6,6,6,0,0,0,0,0,1,6,6,6,6,4,6,6,6,4.57,0,0,0,0,0,3,6,6,6,6,0,6,6,6,6,0,0,0,0,0,1,5,6,6,5,1,6,6,6,6,0,0,0,0,0,0,0,1,2,1,5,6,6,6,5,0,0,0,0,0,2,2,3,4,6,6,6,6,6,1,0,0,3,6,6,6,6,6,6,6,6,6,5,1,0,1,5,6,6,6,6,6,6,6,6,6,3,0,0,0,6,6,6,6,6,6,5,4,4,4,1,0,0,0,0,6,6,6,6,4,0,0,0,0,0,0,0,0,0,0,6,6,6,6,6,3,0,0,0,0,0,0,0,0,0,5,6,6,6,6,6,3,0,0,0,0,0,0,0,0,0,3,5,6,6,6,3,0,0,0,0,0,0,0,0,0,0,0,3,4,4,1,0,0,0,0,0,0,0,0,3,"mfeat-pixel","att60",0.9
0,0,0,0,1,3,4,4,4,6,3,0,0,0,0,0,0,3,6,6,6,6,6,6,6,6,5,1,0,0,0,3,6,6,6,6,4,6,6,6,6,6,6,3,0,0,5,6,6,6,1,0,0,1,5,6,6,6,6,4.8,2,6,6,6,6,3,0,0,0,1,6,6,6,6,5,0,4,6,6,6,1,0,0,0,4,6,6,6,6,4,0,1,4,3,1,0,0,1,5,6,6,6,6,4,1,0,0,0,0,0,0,3,6,6,6,6,5,1,0,0,0,0,0,0,3,6,6,6,6,6,3,0,0,0,0,0,0,0,2,6,6,6,6,5,1,0,0,0,0,0,0,0,0,5,6,6,6,3,0,0,0,0,0,0,0,0,1,5,6,6,5,1,0,0,0,0,0,0,0,0,2,6,6,6,4,0,0,0,0,0,0,0,0,0,0,6,6,6,6,6,4,4,4,4,4,6,6,6,5,3,5,6,6,6,6,6,6,6,6,6,6,6,6,6,5,1,4,4,4,4,4,4,4,4,4,4,4,4,2,0,3,"mfeat-pixel","att60",0.9
0,0,3,4,5,6,6,6,6,5,5,5,3,0,0,0,1,6,6,6,6,6,6,6,6,6,6,6,3,0,0,5,6,6,5,2,2,3,6,6,6,6,6,3,0,4,6,6,4,0,0,0,0,1,6,6,6,6,3,0.02,6,6,6,3,0,0,0,1,5,6,6,6,6,1,0,3,4,4,1,0,0,0,6,6,6,6,5,1,0,0,0,0,0,0,0,1,5,6,6,6,6,3,0,0,0,0,0,0,0,1,6,6,6,6,6,3,0,0,0,0,0,0,0,0,3,6,6,6,6,3,0,0,0,0,0,0,0,0,1,6,6,6,6,6,3,0,0,0,0,0,0,0,0,3,6,6,6,6,3,0,0,0,0,0,0,0,0,0,3,6,6,6,6,0,0,0,0,0,0,0,0,0,0,3,6,6,6,6,1,0,0,0,0,0,0,0,0,0,3,6,6,6,6,6,6,4,2,2,2,1,0,0,0,1,6,6,6,6,6,6,6,6,6,6,6,0,0,0,0,1,4,4,4,4,4,4,4,4,4,3,3,"mfeat-pixel","att60",0.9
0,0,0,3,6,6,6,6,6,6,3,1,0,0,0,0,0,3,6,6,6,6,6,6,6,6,6,2,0,0,0,2,6,6,5,1,0,2,5,6,6,6,1,0,0,0,5,6,6,1,0,0,0,0,6,6,6,4,0,-1.05,3,6,6,6,3,0,0,0,1,6,6,6,6,0,0,1,5,6,6,5,0,0,0,3,6,6,6,4,0,0,0,0,2,2,1,0,0,0,3,6,6,6,2,0,0,0,0,0,0,0,0,0,1,6,6,6,4,0,0,0,0,0,0,0,0,0,3,6,6,6,6,0,0,0,0,0,0,0,0,1,3,6,6,5,2,1,0,0,0,0,0,0,0,1,6,6,6,6,2,0,0,0,0,0,0,0,0,0,5,6,6,6,3,0,0,0,0,0,0,0,0,0,2,6,6,6,6,2,2,4,4,6,6,5,3,0,0,3,6,6,6,6,6,6,6,6,6,6,6,6,0,0,3,6,6,6,6,6,6,6,6,6,6,6,5,0,0,0,3,4,4,4,4,2,0,0,0,0,0,0,3,"mfeat-pixel","att60",0.9
0,0,0,1,3,4,4,6,6,6,6,6,3,0,0,0,3,5,6,6,6,6,6,6,6,6,6,6,6,3,2,6,6,6,6,4,0,0,2,4,6,6,6,6,6,1,6,6,6,6,3,0,0,0,0,3,6,6,6,5.07,5,6,6,6,6,3,0,0,0,2,6,6,6,6,6,6,6,6,6,6,3,0,0,0,3,6,6,6,6,6,1,4,4,2,2,0,0,1,3,6,6,6,6,5,1,0,0,0,0,0,0,2,6,6,6,6,6,4,0,0,0,0,0,0,0,1,6,6,6,6,6,4,1,0,0,0,0,0,0,5,6,6,6,6,4,0,0,0,0,0,0,0,1,3,6,6,6,6,5,1,0,0,0,0,0,0,0,6,6,6,6,6,5,0,0,0,0,0,0,0,0,1,6,6,6,6,6,3,0,0,0,0,0,0,0,0,6,6,6,6,6,6,5,1,0,0,0,0,0,0,0,3,6,6,6,6,6,6,6,6,6,6,6,5,1,0,0,1,4,4,4,4,4,4,4,4,4,4,4,4,3,"mfeat-pixel","att60",0.9
0,3,4,4,5,6,6,6,6,6,5,4,3,0,0,0,6,6,6,6,6,6,6,6,6,6,6,6,5,0,3,6,6,6,6,5,2,3,5,6,6,6,6,6,5,3,6,6,6,4,0,0,0,0,4,6,6,6,6,7.72,3,6,6,6,3,0,0,0,0,3,6,6,6,6,5,4,6,6,6,3,0,0,0,0,3,6,6,6,6,1,5,6,6,6,5,0,0,0,0,3,6,6,6,6,0,0,2,0,0,0,0,0,0,3,6,6,6,6,5,0,0,0,0,0,0,0,0,0,6,6,6,6,6,3,0,0,0,0,0,0,0,0,2,6,6,6,6,6,1,0,0,0,0,0,0,0,3,6,6,6,6,6,5,0,0,0,0,0,0,1,5,6,6,6,6,6,3,0,0,0,0,0,0,2,6,6,6,6,6,6,6,1,0,0,0,0,0,0,3,6,6,6,6,6,6,6,6,5,3,1,0,0,0,3,6,6,6,6,6,6,6,6,6,6,6,0,0,0,1,4,4,4,4,4,4,4,4,4,4,3,3,"mfeat-pixel","att60",0.9
0,0,0,3,4,5,6,6,6,6,6,3,1,0,0,0,0,4,6,6,6,6,6,6,6,6,6,6,4,1,3,5,6,6,6,6,4,4,6,6,6,6,6,6,6,6,6,6,6,6,3,0,0,1,5,6,6,6,6,3.73,6,6,6,6,6,5,0,0,0,1,5,6,6,6,6,3,4,4,3,1,0,0,0,0,1,5,6,6,6,5,0,0,0,0,0,0,0,0,3,6,6,6,6,6,1,0,0,0,0,0,0,0,3,6,6,6,6,6,3,0,0,0,0,0,0,3,6,6,6,6,6,3,0,0,0,0,0,0,1,5,6,6,6,6,4,1,0,0,0,0,0,0,3,6,6,6,5,2,1,0,0,0,0,0,0,0,4,6,6,6,5,0,0,0,0,0,0,0,0,0,2,6,6,6,6,3,0,0,0,0,0,0,0,0,0,6,6,6,6,6,6,4,4,4,4,4,4,2,1,0,1,5,6,6,6,6,6,6,6,6,6,6,6,6,2,0,0,3,4,4,4,4,4,4,4,4,4,4,3,0,3,"mfeat-pixel","att60",0.9
0,0,3,5,6,6,6,5,4,6,4,5,6,3,0,0,4,6,6,6,6,6,6,6,6,6,6,6,6,4,0,6,6,6,6,6,3,2,2,3,6,6,6,6,6,0,6,6,6,6,6,1,0,0,0,6,6,6,6,4.55,3,6,6,6,6,6,5,0,0,2,6,6,6,6,4,1,4,4,4,4,3,0,0,3,6,6,6,6,6,6,0,0,0,0,0,0,1,5,6,6,6,6,6,6,3,0,0,0,0,0,3,6,6,6,6,6,6,6,3,0,0,0,0,1,5,6,6,6,6,6,5,3,1,0,0,0,0,3,6,6,6,6,6,6,4,0,0,0,0,0,0,1,6,6,6,6,6,6,3,0,0,0,0,0,0,0,5,6,6,6,6,6,3,0,0,0,0,0,0,0,0,3,6,6,6,6,6,3,0,0,0,0,0,0,0,0,1,5,6,6,6,6,5,2,2,2,2,2,2,0,0,0,0,4,6,6,6,6,6,6,6,6,6,6,5,0,0,0,1,4,4,4,4,4,4,4,4,4,4,3,3,"mfeat-pixel","att60",0.9
0,0,0,0,0,0,3,5,6,6,6,6,4,1,0,0,0,0,0,0,4,6,6,6,6,6,6,6,6,2,0,0,0,0,3,6,6,6,6,4,6,6,6,6,4,0,0,0,2,6,6,6,6,1,0,1,6,6,6,10.69,0,0,2,6,6,6,6,3,0,0,0,6,6,6,6,0,0,0,3,6,5,4,1,0,0,4,6,6,6,4,0,0,0,0,0,0,0,0,0,1,6,6,6,6,1,0,0,0,0,0,0,0,0,1,5,6,6,6,2,0,0,0,0,0,0,0,3,4,6,6,6,5,1,0,0,0,0,0,0,1,5,6,6,6,5,2,0,0,0,0,0,0,1,5,6,6,6,3,1,0,0,0,0,0,0,0,3,6,6,6,6,3,0,0,0,0,0,0,0,0,3,6,6,6,6,4,0,0,0,0,0,0,0,0,0,4,6,6,6,6,6,4,4,4,4,4,1,0,0,0,3,5,6,6,6,6,6,6,6,6,6,6,2,0,0,0,0,2,4,4,4,4,4,4,4,4,4,2,0,0,3,"mfeat-pixel","att60",0.9
0,3,6,6,6,6,6,6,6,3,1,0,0,0,0,4,6,6,6,6,5,4,6,6,6,6,6,5,0,0,6,6,6,6,6,0,0,0,3,6,6,6,6,4,0,6,6,6,6,3,0,0,0,0,6,6,6,6,4,1.13,5,6,6,6,5,0,0,0,0,6,6,6,6,4,0,1,4,4,2,0,0,0,0,0,6,6,6,6,5,0,0,0,0,0,0,0,0,1,3,6,6,6,5,1,0,0,0,0,0,0,1,5,6,6,6,5,2,0,0,0,0,0,0,0,0,5,6,6,6,5,0,0,0,0,0,0,0,0,1,5,6,6,6,5,1,0,0,0,0,0,0,0,3,6,6,6,6,4,0,0,0,0,0,0,0,0,2,6,6,6,6,3,0,0,0,0,0,0,0,0,0,2,6,6,6,6,0,0,0,0,0,0,0,0,0,0,0,6,6,6,6,5,3,1,0,1,2,2,1,0,0,0,6,6,6,6,6,6,6,6,6,6,6,6,3,0,0,3,4,4,4,4,4,4,4,4,4,4,4,3,3,"mfeat-pixel","att60",0.9
1,5,6,6,6,6,6,6,6,5,1,0,0,0,0,5,6,6,6,6,6,6,6,6,6,5,0,0,0,0,6,6,6,5,1,0,3,6,6,6,6,0,0,0,0,6,6,6,3,0,0,0,6,6,6,6,0,0,0,0.32,5,6,6,2,0,0,0,6,6,6,3,0,0,0,0,0,0,0,0,0,1,5,6,6,6,3,0,0,0,0,0,0,0,0,0,3,6,6,6,6,1,0,0,0,0,0,0,0,0,1,6,6,6,6,3,0,0,0,0,0,0,0,0,0,3,6,6,6,6,3,0,0,0,0,0,0,0,0,1,6,6,6,6,3,0,0,0,0,0,0,0,0,0,3,6,6,6,5,0,0,0,0,0,0,0,0,0,1,5,6,6,6,1,0,0,0,0,0,0,0,0,0,6,6,6,6,6,1,0,0,0,0,0,0,0,0,2,6,6,6,6,6,6,6,6,6,6,6,5,0,0,2,6,6,6,6,6,6,6,6,6,6,6,6,4,0,0,3,4,4,4,4,4,4,4,4,4,4,4,3,3,"mfeat-pixel","att60",0.9
0,0,0,0,0,1,4,4,4,4,4,3,2,0,0,0,0,0,4,3,5,6,6,6,6,6,6,6,5,1,0,0,2,6,6,6,6,3,2,0,4,6,6,6,6,0,0,2,6,6,6,1,0,0,0,0,6,6,6,7.69,0,0,0,1,2,1,0,0,0,0,0,6,6,6,6,0,0,0,0,0,0,0,0,0,1,5,6,6,6,3,0,0,0,0,0,0,0,0,0,5,6,6,6,3,0,0,0,0,0,0,0,0,0,2,6,6,6,5,0,0,0,0,0,0,0,0,0,2,6,6,6,5,0,0,0,0,0,0,0,0,0,1,6,6,6,5,0,0,0,0,0,0,0,0,0,1,6,6,6,6,3,0,0,0,0,0,0,0,0,1,6,6,6,6,3,0,0,0,0,0,0,0,1,5,6,6,6,4,1,0,0,0,0,0,0,0,1,5,6,6,6,3,0,0,0,0,0,0,0,0,5,6,6,6,6,6,6,4,6,6,6,6,6,5,1,3,4,4,4,4,4,4,4,4,4,4,4,4,4,1,3,"mfeat-pixel","att60",0.9
0,0,0,2,4,5,6,6,6,6,5,2,0,0,0,0,3,6,6,6,6,6,6,6,6,6,6,6,3,0,5,6,6,6,6,4,0,0,0,3,6,6,6,6,5,6,6,6,6,6,3,0,0,0,0,4,6,6,6,-0.75,6,6,6,6,6,3,0,0,0,1,6,6,6,6,0,1,5,6,6,3,0,0,0,0,4,6,6,6,5,0,0,0,0,0,0,0,0,3,6,6,6,5,2,0,0,0,0,0,0,0,1,5,6,6,6,5,0,0,0,0,0,0,0,0,1,5,6,6,6,6,1,0,0,0,0,0,0,0,2,6,6,6,6,5,1,0,0,0,0,0,0,0,1,5,6,6,6,4,0,0,0,0,0,0,0,0,0,6,6,6,6,6,0,0,0,0,0,0,0,0,0,2,6,6,6,6,6,1,0,0,0,0,0,0,0,0,3,6,6,6,6,6,6,6,6,6,4,2,1,0,0,0,5,6,6,6,6,6,6,6,6,6,6,6,0,0,0,0,0,0,0,1,3,4,4,4,4,4,4,0,3,"mfeat-pixel","att60",0.9
0,0,1,4,4,5,6,6,6,6,6,6,5,3,0,0,1,5,6,6,6,6,6,6,6,6,6,6,6,0,0,6,6,6,6,6,6,6,6,6,6,6,6,6,0,2,6,6,6,6,6,6,6,6,6,6,6,6,3,-0.45,1,5,6,6,6,4,5,6,6,6,6,6,3,0,0,0,0,0,0,0,0,0,6,6,6,6,6,3,0,0,0,0,0,0,0,0,1,6,6,6,6,6,3,0,0,0,0,0,0,0,2,6,6,6,6,6,5,1,0,0,0,0,0,1,3,6,6,6,6,6,6,0,0,0,0,0,3,5,6,6,6,6,6,6,4,1,0,0,0,0,5,6,6,6,6,6,3,1,0,0,0,0,0,0,0,6,6,6,6,6,3,0,0,0,0,0,0,0,0,0,6,6,6,6,6,5,1,0,0,0,0,0,0,0,0,5,6,6,6,6,6,6,5,4,4,4,4,2,0,0,1,5,6,6,6,6,6,6,6,6,6,6,6,6,3,0,0,2,4,4,4,4,4,4,4,4,4,4,4,3,3,"mfeat-pixel","att60",0.9
0,0,0,0,1,4,4,4,6,5,4,2,0,0,0,0,0,0,1,6,6,6,6,6,6,6,6,6,5,1,0,0,0,4,6,6,6,6,4,5,6,6,6,6,5,0,0,5,6,6,6,6,3,0,0,6,6,6,6,5.96,0,0,6,6,6,6,6,1,0,1,6,6,6,6,4,0,3,6,6,6,5,1,0,1,5,6,6,6,6,0,2,6,6,6,6,3,0,0,6,6,6,6,6,4,0,0,3,6,6,3,0,0,4,6,6,6,6,3,0,0,0,0,0,0,0,1,5,6,6,6,6,1,0,0,0,0,0,0,0,3,6,6,6,6,6,1,0,0,0,0,0,0,0,3,6,6,6,6,5,1,0,0,0,0,0,0,0,3,6,6,6,6,4,0,0,0,0,0,0,0,0,1,6,6,6,6,6,0,0,0,0,0,0,0,0,0,5,6,6,6,6,6,3,2,1,0,0,0,0,0,0,6,6,6,6,6,6,6,6,6,6,6,5,1,0,0,3,4,4,4,4,4,4,4,4,4,4,4,2,0,3,"mfeat-pixel","att60",0.9
0,0,0,2,4,5,6,6,6,5,1,0,0,0,0,0,3,6,6,6,6,6,6,6,6,6,3,0,0,0,5,6,6,6,6,5,2,3,6,6,6,6,5,0,0,6,6,6,6,4,0,0,0,1,5,6,6,6,0,-1.11,4,6,6,6,0,0,0,0,0,3,6,6,6,0,0,0,6,6,6,0,0,0,0,1,5,6,6,6,0,0,0,1,2,1,0,0,0,3,6,6,6,5,1,0,0,0,0,0,0,0,0,3,6,6,6,5,1,0,0,0,0,0,0,0,0,3,6,6,6,5,1,0,0,0,0,0,0,0,0,3,6,6,6,5,1,0,0,0,0,0,0,0,0,3,6,6,6,6,2,0,0,0,0,0,0,0,0,3,6,6,6,6,3,0,0,0,0,0,0,0,0,0,6,6,6,6,3,0,0,0,0,0,0,0,0,0,1,6,6,6,6,3,0,2,1,0,0,0,0,0,0,3,6,6,6,6,6,6,6,6,4,2,3,4,1,0,0,3,4,4,4,4,4,4,4,4,4,4,4,2,3,"mfeat-pixel","att60",0.9
0,0,0,1,3,4,4,4,5,5,4,3,0,0,0,0,0,5,6,6,6,6,6,6,6,6,6,5,1,0,0,4,6,6,6,6,6,6,6,6,6,6,6,6,0,0,6,6,6,6,6,4,0,1,6,6,6,6,6,-2.01,0,3,6,6,6,5,1,0,0,6,6,6,6,6,5,0,0,1,2,2,0,0,0,3,6,6,6,6,6,2,0,0,0,0,0,0,2,6,6,6,6,6,6,5,0,0,0,0,0,0,0,3,6,6,6,6,6,4,0,0,0,0,0,0,0,3,6,6,6,6,6,3,0,0,0,0,0,0,1,5,6,6,6,6,6,5,0,0,0,0,0,0,1,6,6,6,6,6,4,0,0,0,0,0,0,0,1,6,6,6,6,6,6,2,0,0,0,0,0,0,1,6,6,6,6,6,6,6,1,0,0,0,2,0,0,3,6,6,6,6,6,6,6,6,6,6,6,6,6,5,6,6,6,6,6,6,6,6,6,6,6,6,6,6,5,3,4,4,4,4,4,4,4,4,4,4,4,4,3,0,3,"mfeat-pixel","att60",0.9
0,3,6,6,6,6,2,0,0,0,0,0,0,0,0,5,6,6,6,6,6,6,1,0,0,0,0,0,0,0,6,6,6,6,6,6,6,6,2,0,0,0,0,0,0,6,6,6,6,3,6,6,6,6,1,0,0,0,0,1.23,5,6,6,6,0,3,6,6,6,3,0,0,0,0,0,1,6,6,6,3,0,6,6,6,6,0,0,0,0,0,0,1,5,5,1,2,6,6,6,6,0,0,0,0,0,0,0,0,0,0,3,6,6,6,4,0,0,0,0,0,0,0,0,0,0,4,6,6,6,3,0,0,0,0,0,0,0,0,0,0,6,6,6,6,1,0,0,0,0,0,0,0,0,0,0,6,6,6,3,0,0,0,0,0,0,0,0,0,0,0,6,6,6,3,0,0,0,0,0,0,0,0,0,0,0,6,6,6,4,0,2,4,5,6,3,0,0,0,0,0,6,6,6,6,6,6,6,6,6,6,0,0,0,0,0,2,6,6,6,6,6,6,6,6,3,0,0,0,0,0,0,3,4,4,4,4,3,1,0,0,3,"mfeat-pixel","att60",0.9
0,3,4,6,4,4,4,5,6,5,4,3,0,0,0,4,6,6,6,6,6,6,6,6,6,6,6,3,0,0,6,6,6,6,6,6,4,6,6,6,6,6,3,0,0,6,6,6,6,6,3,0,2,6,6,6,6,5,0,-0.5,3,6,6,4,4,1,0,0,6,6,6,6,4,0,0,0,0,0,0,0,0,0,5,6,6,6,6,0,0,0,0,0,0,0,0,0,5,6,6,6,6,2,0,0,0,0,0,0,0,0,3,6,6,6,6,6,0,0,0,0,0,0,0,0,0,3,6,6,6,5,1,0,0,0,0,0,0,0,0,1,5,6,6,6,1,0,0,0,0,0,0,0,0,3,6,6,6,6,3,0,0,0,0,0,0,0,0,0,6,6,6,6,5,0,0,0,0,0,0,0,0,0,0,6,6,6,6,3,0,0,0,0,0,0,0,0,0,4,6,6,6,6,6,4,4,3,1,0,0,0,0,0,6,6,6,6,6,6,6,6,6,6,6,5,1,0,0,3,4,4,4,4,4,4,4,4,4,4,4,1,3,"mfeat-pixel","att60",0.9
0,0,0,3,4,5,6,6,6,5,4,3,0,0,0,0,0,2,6,6,6,6,6,6,6,6,6,5,1,0,0,3,6,6,6,6,3,2,5,6,6,6,6,6,0,3,6,6,6,6,3,0,0,0,5,6,6,6,6,3.42,4,6,6,6,6,5,0,0,0,3,6,6,6,6,6,0,4,6,6,4,3,0,0,0,3,6,6,6,6,5,0,0,2,1,0,0,0,0,0,4,6,6,6,6,3,0,0,0,0,0,0,0,0,3,6,6,6,6,5,1,0,0,0,0,0,0,0,2,6,6,6,6,6,1,0,0,0,0,0,0,0,1,6,6,6,6,6,2,0,0,0,0,0,0,0,1,6,6,6,6,6,2,0,0,0,0,0,0,1,4,6,6,6,6,4,3,0,0,0,0,0,0,2,6,6,6,6,5,1,0,0,0,0,0,0,0,0,6,6,6,6,6,5,2,2,2,2,1,0,0,0,0,6,6,6,6,6,6,6,6,6,6,6,5,3,0,0,3,4,4,4,4,4,4,4,4,4,4,4,3,3,"mfeat-pixel","att60",0.9
0,1,5,6,6,6,6,6,6,6,5,1,0,0,0,1,5,6,6,6,6,6,6,6,6,6,4,0,0,0,5,6,6,6,6,6,4,6,6,6,6,6,5,1,0,6,6,6,6,6,1,0,0,4,6,6,6,6,6,1.01,3,6,6,6,2,0,0,2,6,6,6,6,6,4,0,0,0,0,0,0,0,0,6,6,6,6,6,6,3,0,0,0,0,0,0,0,3,6,6,6,6,6,6,2,0,0,0,0,0,0,3,6,6,6,6,6,5,1,0,0,0,0,0,0,1,6,6,6,6,6,5,0,0,0,0,0,0,0,1,6,6,6,6,6,6,1,0,0,0,0,0,0,0,4,6,6,6,6,6,2,0,0,0,0,0,0,0,5,6,6,6,6,3,0,0,0,0,0,0,0,0,1,6,6,6,6,6,1,0,0,0,0,0,0,0,0,3,6,6,6,6,6,6,4,4,4,5,6,6,5,0,1,5,6,6,6,6,6,6,6,6,6,6,6,3,0,0,0,0,0,2,4,4,4,4,4,2,0,0,0,3,"mfeat-pixel","att60",0.9
0,1,3,4,2,2,4,3,0,0,0,0,0,0,0,3,6,6,6,6,6,6,6,5,5,6,6,6,3,0,6,6,6,6,6,6,6,6,6,6,6,6,6,6,1,6,6,6,6,6,4,0,0,0,4,6,6,6,6,1.24,6,6,6,6,6,3,0,0,0,3,6,6,6,6,4,3,6,6,6,6,3,0,0,0,3,6,6,6,6,5,2,6,6,6,6,2,0,0,0,4,6,6,6,6,1,0,0,2,2,1,0,1,5,6,6,6,6,6,5,0,0,0,0,0,0,3,6,6,6,6,5,4,3,0,0,0,0,0,0,5,6,6,6,6,3,0,0,0,0,0,0,0,0,4,6,6,6,6,1,0,0,0,0,0,0,0,1,5,6,6,6,6,4,0,0,0,0,0,0,0,0,3,6,6,6,6,4,0,0,0,0,0,0,0,0,0,5,6,6,6,6,6,3,2,2,2,2,2,2,1,0,6,6,6,6,6,6,6,6,6,6,6,6,6,6,0,3,4,4,4,4,4,4,4,4,4,4,4,4,3,3,"mfeat-pixel","att60",0.9
0,0,3,6,6,6,6,6,3,0,0,0,0,0,0,1,5,6,6,6,6,6,6,6,5,0,0,0,0,0,3,6,6,6,4,0,3,6,6,6,5,1,0,0,0,3,6,6,6,2,0,0,2,6,6,6,3,0,0,-1.95,3,6,6,4,0,0,0,0,6,6,6,3,0,0,0,4,6,6,5,0,0,0,0,6,6,6,3,0,0,0,5,6,6,6,3,0,0,2,6,6,6,1,0,0,0,3,6,6,6,3,0,2,6,6,6,3,0,0,0,0,0,3,3,2,0,0,6,6,6,6,1,0,0,0,0,0,0,0,0,0,4,6,6,6,2,0,0,0,0,0,0,0,0,0,2,6,6,6,4,0,0,0,0,0,0,0,0,0,0,3,6,6,5,0,0,0,0,0,0,0,0,0,0,0,5,6,6,1,0,0,0,0,0,0,0,0,0,0,4,6,6,6,3,0,2,1,1,2,4,1,0,0,2,6,6,6,6,6,6,6,6,6,6,6,3,0,0,2,4,4,4,4,4,4,4,4,4,4,4,1,3,"mfeat-pixel","att60",0.9
1,4,4,5,5,4,4,5,5,4,4,1,0,0,0,5,6,6,6,6,6,6,6,6,6,6,6,3,0,0,6,6,6,6,6,4,4,4,6,6,6,6,6,0,0,6,6,6,6,3,0,0,0,3,6,6,6,6,1,0.29,5,6,6,5,0,0,0,0,5,6,6,6,5,1,0,0,2,2,0,0,0,0,1,6,6,6,4,0,0,0,0,0,0,0,0,0,0,6,6,6,6,2,0,0,0,0,0,0,0,0,0,2,6,6,6,4,0,0,0,0,0,0,0,0,0,1,6,6,6,6,3,0,0,0,0,0,0,0,0,1,6,6,6,6,5,0,0,0,0,0,0,0,0,0,4,6,6,6,6,2,0,0,0,0,0,0,0,0,2,6,6,6,6,4,0,0,0,0,0,0,0,0,1,5,6,6,6,6,0,0,0,0,0,0,0,0,1,5,6,6,6,6,6,0,0,2,0,0,0,0,0,3,6,6,6,6,6,6,6,6,6,6,4,4,3,0,2,4,4,4,4,4,4,4,4,4,4,4,4,4,3,"mfeat-pixel","att60",0.9
0,1,3,6,6,5,4,2,0,0,0,0,0,0,0,3,6,6,6,6,6,6,6,5,1,0,0,0,0,0,6,6,6,6,6,6,6,6,6,4,0,0,0,0,0,5,6,6,6,6,6,6,6,6,6,5,0,0,0,-1.72,1,5,6,6,4,6,6,6,6,6,6,0,0,0,0,0,0,0,0,0,3,6,6,6,6,6,0,0,0,0,0,0,0,0,0,0,6,6,6,6,3,0,0,0,0,0,0,0,0,0,3,6,6,6,6,0,0,0,0,0,0,0,0,0,1,5,6,6,6,3,0,0,0,0,0,0,0,0,0,6,6,6,6,6,3,0,0,0,0,0,0,0,0,0,6,6,6,6,5,0,0,0,0,0,0,0,0,0,0,6,6,6,6,3,0,0,0,0,0,0,0,0,0,0,6,6,6,6,4,0,0,0,0,0,0,0,0,0,0,6,6,6,6,6,5,4,4,3,0,0,0,0,0,0,6,6,6,6,6,6,6,6,6,5,1,0,0,0,0,3,4,4,4,4,4,4,4,4,4,2,3,"mfeat-pixel","att60",0.9
0,0,3,6,6,6,6,6,6,6,6,6,3,0,0,0,5,6,6,6,6,6,6,6,6,6,6,6,0,0,0,6,6,6,6,6,3,2,3,6,6,6,6,0,0,0,6,6,6,6,6,0,0,0,6,6,6,6,0,1.19,1,6,6,6,6,5,0,0,0,6,6,6,6,0,0,3,6,6,6,6,1,0,0,3,6,6,6,4,0,0,0,4,6,6,5,0,0,5,6,6,6,5,0,0,0,0,0,3,3,0,0,0,6,6,6,6,1,0,0,0,0,0,0,0,0,0,4,6,6,6,6,0,0,0,0,0,0,0,0,0,1,6,6,6,6,5,0,0,0,0,0,0,0,0,3,6,6,6,6,5,1,0,0,0,0,0,0,0,0,6,6,6,6,3,0,0,0,0,0,0,0,0,0,4,6,6,6,6,0,0,0,0,0,0,0,0,0,0,6,6,6,6,6,5,2,2,0,0,0,0,0,0,4,6,6,6,6,6,6,6,6,5,4,4,3,0,0,3,4,4,4,4,4,4,4,4,4,4,4,3,3,"mfeat-pixel","att60",0.9
0,0,1,4,5,6,6,5,2,0,0,0,0,0,0,0,2,6,6,6,6,6,6,6,6,3,0,0,0,0,1,6,6,6,4,4,6,6,6,6,6,3,0,0,0,3,6,5,1,0,0,1,5,6,6,6,3,0,0,0.83,3,6,5,1,0,0,0,1,6,6,6,5,0,0,0,1,6,6,6,3,0,0,2,6,6,6,4,0,0,0,0,2,6,6,3,0,0,0,6,6,6,3,0,0,0,0,0,1,1,0,0,1,5,6,5,2,0,0,0,0,0,0,0,0,0,0,3,6,4,0,0,0,0,0,0,0,0,0,0,0,0,5,6,3,0,0,0,0,0,0,0,0,0,0,0,3,6,6,3,0,0,0,0,0,0,0,0,0,0,2,6,6,6,6,4,2,0,2,4,1,0,0,0,2,6,6,6,6,6,6,6,6,6,6,5,0,0,0,3,6,6,6,6,6,6,6,6,6,6,3,0,0,0,2,6,6,6,6,6,4,2,2,2,2,0,0,0,0,0,3,3,0,0,0,0,0,0,0,0,0,3,"mfeat-pixel","att60",0.9
0,1,2,1,0,0,0,0,2,5,6,6,3,0,0,2,6,6,6,6,6,6,6,6,6,6,6,4,0,0,0,5,6,6,6,6,6,6,6,6,6,5,0,0,0,0,0,2,2,3,5,6,6,6,6,6,1,0,0,-0.18,0,0,0,0,0,1,6,6,6,6,6,4,0,0,0,0,0,0,0,3,6,6,6,6,6,6,6,4,0,0,0,0,0,5,6,6,6,6,6,6,6,6,6,0,0,0,0,0,5,6,6,6,6,6,6,6,6,6,4,0,0,0,0,0,3,4,2,0,0,4,6,6,6,6,0,0,0,0,0,0,0,0,0,0,3,6,6,6,6,1,0,0,0,0,0,0,0,0,0,3,6,6,6,6,5,0,0,0,0,0,0,0,0,1,5,6,6,6,6,3,0,0,3,4,4,2,0,3,6,6,6,6,6,3,0,0,5,6,6,6,6,6,6,6,6,6,6,4,0,0,0,5,6,6,6,6,6,6,6,6,6,5,0,0,0,0,0,3,4,4,4,4,4,4,2,0,0,0,0,0,4,"mfeat-pixel","att60",0.9
5,6,6,6,6,5,4,6,6,6,2,0,0,0,0,1,2,4,4,4,6,6,6,6,6,1,0,0,0,0,0,0,0,0,0,4,6,6,6,3,0,0,0,0,0,0,0,0,0,4,6,6,6,6,1,0,0,0,0,0.06,0,0,0,3,6,6,6,6,6,5,4,2,0,0,0,0,0,0,3,6,6,6,6,6,6,6,6,5,0,0,0,0,3,6,6,6,6,1,1,2,5,6,6,2,0,0,0,5,6,6,5,3,0,0,0,3,6,6,6,1,0,0,0,0,0,0,0,0,0,0,3,6,6,6,5,0,0,0,0,0,0,0,0,0,0,0,5,6,6,6,0,0,0,0,0,0,0,0,0,0,0,3,6,6,6,5,6,6,3,0,0,0,0,0,0,0,5,6,6,4,6,6,6,6,0,0,0,0,0,0,0,6,6,6,2,6,6,6,6,2,0,0,0,0,0,4,6,6,6,0,1,4,6,6,6,4,4,2,2,5,6,6,6,5,0,0,0,0,2,4,4,4,4,4,4,4,2,0,0,0,4,"mfeat-pixel","att60",0.9
0,0,0,0,0,0,2,6,6,6,6,5,3,2,0,0,0,0,0,0,0,1,6,6,6,6,6,6,6,5,0,0,0,0,0,0,0,1,6,6,6,6,6,6,6,0,0,0,0,0,0,0,1,6,6,6,6,6,5,2.9,0,0,0,0,0,0,3,6,6,6,6,6,6,0,0,0,0,0,0,1,5,6,6,6,6,6,5,1,0,0,0,0,0,1,5,6,6,6,6,6,6,3,0,0,0,0,0,0,1,6,6,6,6,6,6,6,3,0,0,0,0,0,0,0,3,6,6,6,6,6,6,3,0,0,0,0,0,0,0,0,0,6,6,6,6,6,3,0,0,0,0,0,0,0,1,3,6,6,6,6,5,0,0,0,0,0,0,0,3,6,6,6,6,6,5,0,0,0,0,0,0,2,5,6,6,6,6,6,4,0,0,0,0,0,0,5,6,6,6,6,6,6,5,1,0,0,0,0,0,0,6,6,6,6,6,4,2,0,0,0,0,0,0,0,0,4,4,4,4,3,0,0,0,0,0,0,0,0,0,0,4,"mfeat-pixel","att60",0.9
3,4,4,4,6,5,4,6,5,4,6,5,1,0,0,5,6,6,6,6,6,6,6,6,6,6,6,3,0,0,0,3,5,6,6,6,4,4,6,6,6,6,3,0,0,0,0,0,0,0,0,0,0,3,6,6,6,2,0,1.4,0,0,0,0,0,0,0,1,5,6,6,4,0,0,0,0,0,0,0,0,1,5,6,6,6,6,5,0,0,0,0,0,0,0,2,6,6,6,6,6,6,6,5,1,0,0,0,0,0,1,5,5,3,2,2,3,6,6,5,0,0,0,0,0,0,0,0,0,0,0,0,6,6,6,1,0,0,0,0,0,0,0,0,0,0,0,3,6,6,3,0,0,0,0,0,0,0,0,0,0,0,0,6,6,5,0,0,0,2,6,2,0,0,0,0,0,0,6,6,3,0,0,0,3,6,3,0,0,0,0,0,0,6,6,3,0,0,0,3,6,5,2,2,2,3,4,5,6,6,3,0,0,0,1,6,6,6,6,6,6,6,6,6,6,1,0,0,0,0,3,4,4,4,4,4,4,4,4,3,0,4,"mfeat-pixel","att60",0.9
1,2,2,2,2,2,3,5,6,6,6,6,5,0,0,6,6,6,6,6,6,6,6,6,6,6,6,6,0,0,5,6,6,6,6,6,6,6,6,6,6,6,3,0,0,0,0,1,2,2,5,6,6,6,6,6,4,0,0,2.49,0,0,0,0,0,3,6,6,6,6,6,6,5,1,0,0,0,0,0,1,6,6,6,6,6,6,6,6,6,0,0,0,0,0,3,6,6,6,6,6,6,6,6,6,2,0,0,0,0,0,2,2,1,0,1,5,6,6,6,6,0,0,0,0,0,0,0,0,0,0,5,6,6,6,6,0,0,0,0,0,0,0,0,0,0,6,6,6,6,6,0,0,0,0,0,0,0,0,0,2,6,6,6,6,6,0,0,0,0,0,0,0,0,0,0,5,6,6,6,6,0,0,0,0,2,2,1,0,0,1,5,6,6,6,3,0,0,3,6,6,6,6,5,4,6,6,6,5,1,0,0,0,3,6,6,6,6,6,6,6,6,6,2,0,0,0,0,0,2,4,4,4,4,3,2,2,0,0,0,0,4,"mfeat-pixel","att60",0.9
2,6,6,6,6,6,6,5,4,4,4,4,4,4,3,0,3,5,6,6,6,6,6,6,6,6,6,6,6,5,0,0,0,0,0,0,0,1,6,6,6,6,6,1,0,0,0,0,0,0,0,1,5,6,6,6,6,2,0,-0.11,0,1,4,4,4,4,6,6,6,6,4,1,0,0,0,2,6,6,6,6,6,6,6,6,6,5,2,1,0,0,1,4,4,4,4,3,2,3,6,6,6,6,6,0,0,0,0,0,0,0,0,0,0,1,6,6,6,6,2,0,0,0,0,0,0,0,0,0,0,3,6,6,6,6,0,0,0,0,0,0,0,0,0,0,3,6,6,6,6,0,3,4,1,0,0,0,0,0,0,3,6,6,6,6,0,6,6,6,2,0,0,0,0,0,3,6,6,6,2,0,6,6,6,6,3,0,0,0,0,4,6,6,6,0,0,3,6,6,6,6,4,0,0,3,6,6,6,4,0,0,0,1,5,6,6,6,6,6,6,6,6,5,0,0,0,0,0,0,3,4,4,4,4,4,4,3,0,0,0,0,4,"mfeat-pixel","att60",0.9
5,6,6,6,6,6,6,6,6,6,6,6,5,0,0,1,5,6,6,6,6,6,6,6,6,6,6,5,0,0,0,0,0,0,1,6,6,6,6,6,3,1,0,0,0,0,0,0,0,5,6,6,6,6,3,0,0,0,0,-1.11,0,0,1,3,6,6,6,6,6,5,1,0,0,0,0,0,0,6,6,6,6,6,6,6,6,6,2,0,0,0,0,2,6,6,6,6,5,2,5,6,6,6,2,0,0,0,2,6,6,6,5,1,0,0,5,6,6,6,2,0,0,0,1,4,2,0,0,0,0,3,6,6,6,6,0,0,0,0,0,0,0,0,0,0,3,6,6,6,6,3,0,0,0,0,0,0,0,0,0,4,6,6,6,6,1,0,0,0,0,0,0,0,0,2,6,6,6,6,1,0,0,0,0,0,0,0,0,0,3,6,6,6,6,0,0,0,0,0,0,0,0,0,3,6,6,6,6,5,0,0,1,5,6,6,6,6,6,6,6,6,6,6,1,0,0,2,4,4,4,4,4,4,4,4,4,4,3,0,0,0,4,"mfeat-pixel","att60",0.9
1,5,6,5,5,6,6,6,6,5,4,1,0,0,0,2,6,6,4,4,6,6,6,6,6,6,4,0,0,0,0,0,0,0,0,0,1,5,6,6,6,6,5,0,0,0,0,0,0,0,0,0,1,6,6,6,6,4,0,1.45,0,0,0,0,0,0,0,0,6,6,6,6,5,0,0,0,0,0,0,0,0,0,2,6,6,6,6,3,0,0,0,0,0,0,0,0,3,6,6,6,6,1,0,0,0,0,0,0,0,1,5,6,6,6,6,6,1,0,0,0,0,0,0,1,6,6,6,6,6,6,6,6,3,0,0,0,0,0,1,5,6,6,5,4,6,6,6,6,4,0,0,0,0,0,0,2,1,0,0,3,6,6,6,6,0,0,0,0,0,0,0,0,0,0,0,5,6,6,6,1,0,0,0,0,0,0,0,0,0,0,3,6,6,6,2,0,0,0,0,0,0,0,0,0,0,4,6,6,6,0,0,0,0,2,6,6,5,4,5,6,6,6,6,6,0,0,0,0,1,4,4,4,4,4,4,4,4,4,3,0,4,"mfeat-pixel","att60",0.9
0,2,6,5,4,5,6,4,4,5,6,6,6,5,1,0,1,4,4,4,5,6,6,6,6,6,6,6,5,1,0,0,0,0,0,0,1,6,6,6,6,6,3,0,0,0,0,0,0,0,1,5,6,6,6,6,2,0,0,-0.4,0,0,0,0,1,5,6,6,6,6,2,0,0,0,0,0,0,2,3,6,6,6,6,6,6,3,1,0,0,0,0,2,6,6,6,6,6,6,6,6,6,6,5,1,0,0,0,1,2,2,2,2,2,2,5,6,6,6,6,1,0,0,0,0,0,0,0,0,0,0,6,6,6,6,3,0,0,0,0,0,0,0,0,0,0,6,6,6,6,3,0,0,0,0,0,0,0,0,0,1,6,6,6,6,0,0,0,0,0,0,0,0,0,1,5,6,6,6,5,0,0,0,2,1,0,0,0,3,6,6,6,6,5,1,0,0,5,6,6,3,3,6,6,6,6,5,1,0,0,0,0,6,6,6,6,6,6,6,5,4,1,0,0,0,0,0,1,4,4,4,4,4,3,0,0,0,0,0,0,0,4,"mfeat-pixel","att60",0.9
5,6,6,6,6,4,4,4,4,4,4,3,0,0,0,5,6,6,6,6,6,6,6,6,6,6,6,3,0,0,0,0,2,4,4,4,5,6,6,6,6,6,2,0,0,0,0,0,0,0,0,0,3,6,6,5,1,0,0,1.17,0,0,0,0,0,0,0,3,6,6,0,0,0,0,0,0,0,0,0,0,1,5,6,6,6,5,3,1,0,0,0,0,0,0,1,5,6,6,6,6,6,6,6,3,0,0,0,0,3,6,6,6,6,6,6,6,6,6,6,2,0,0,2,6,6,4,4,4,2,2,5,6,6,6,4,0,0,0,0,0,0,0,0,0,0,0,4,6,6,5,0,0,0,0,0,0,0,0,0,0,0,5,6,6,3,0,0,0,0,0,0,0,0,0,0,0,6,6,6,3,0,0,2,2,1,0,0,0,0,1,5,6,6,6,3,2,6,6,6,6,3,2,4,4,6,6,6,6,3,0,0,4,6,6,6,6,6,6,6,6,6,3,1,0,0,0,0,3,4,4,4,4,4,4,3,0,0,0,0,0,4,"mfeat-pixel","att60",0.9
3,4,6,4,4,4,4,4,4,4,4,4,4,3,0,5,6,6,6,6,6,6,6,6,6,6,6,6,5,0,0,0,2,0,4,6,6,6,6,6,6,6,3,0,0,0,0,1,3,6,6,6,6,6,6,6,4,0,0,0.87,0,5,6,6,6,6,6,6,6,6,6,6,6,5,1,0,1,5,6,6,6,6,4,5,6,6,6,6,6,3,0,0,0,0,0,0,0,0,1,6,6,6,6,6,3,0,0,0,0,0,0,0,0,3,6,6,6,6,5,1,0,0,0,0,0,0,0,0,5,6,6,6,5,1,0,0,0,0,0,0,0,0,5,6,6,6,6,3,0,0,0,0,0,0,0,1,5,6,6,6,6,5,1,0,0,0,0,0,0,5,6,6,6,6,6,5,1,0,0,0,0,0,0,1,6,6,6,6,5,2,0,0,0,0,0,0,0,1,5,6,6,6,6,0,0,0,0,0,0,0,0,0,3,6,6,6,6,3,0,0,0,0,0,0,0,0,0,1,4,4,4,4,1,0,0,0,0,0,0,0,4,"mfeat-pixel","att60",0.9
3,4,4,4,4,6,6,6,5,4,6,4,1,0,0,3,6,6,6,6,6,6,6,6,6,6,6,3,0,0,0,0,0,0,0,0,0,4,6,6,6,6,3,0,0,0,0,0,0,0,0,0,4,6,6,6,6,1,0,1.28,0,0,0,0,0,0,2,6,6,6,6,2,0,0,0,0,0,0,0,0,0,3,6,6,6,5,0,0,0,0,0,0,0,0,0,1,5,6,6,6,3,0,0,0,0,0,0,0,0,3,6,6,6,6,6,6,4,1,0,0,0,0,0,3,6,6,6,6,6,6,6,6,6,3,0,0,0,0,0,3,4,4,4,2,2,5,6,6,6,2,0,0,0,0,0,0,0,0,0,0,0,5,6,6,3,0,0,2,6,6,2,0,0,0,0,0,1,6,6,3,0,0,3,6,6,6,0,0,0,0,0,0,6,6,6,0,0,2,6,6,6,1,0,0,0,0,1,6,6,6,0,0,0,6,6,6,6,4,4,5,6,6,6,6,6,0,0,0,3,4,4,4,4,4,4,4,4,4,4,1,4,"mfeat-pixel","att60",0.9
3,4,6,6,4,4,6,4,6,4,6,6,6,2,0,3,6,6,6,6,6,6,6,6,6,6,6,6,3,0,0,0,1,3,4,4,5,6,6,6,6,6,5,1,0,0,0,0,0,0,0,1,6,6,6,6,6,0,0,0.99,0,0,0,0,0,1,6,6,6,6,6,6,5,0,0,0,0,0,0,1,5,6,6,6,6,6,6,6,5,0,0,0,0,0,5,6,6,6,6,6,6,6,6,6,0,0,0,0,0,3,4,4,3,0,4,6,6,6,6,0,0,0,0,0,0,0,0,0,0,0,6,6,6,6,3,0,0,3,4,3,0,0,0,0,0,6,6,6,6,3,0,3,6,6,6,2,0,0,0,1,6,6,6,6,1,0,0,6,6,6,6,0,0,0,5,6,6,6,4,0,0,2,6,6,6,6,0,0,4,6,6,6,6,3,0,0,2,6,6,6,6,5,5,6,6,6,6,6,0,0,0,0,1,6,6,6,6,6,6,6,6,6,2,0,0,0,0,0,1,4,4,4,4,4,4,4,3,0,0,0,4,"mfeat-pixel","att60",0.9
0,0,0,0,5,6,4,6,6,6,6,6,5,1,0,0,0,0,0,1,4,3,2,3,6,6,6,6,5,0,0,0,0,0,0,0,0,0,0,6,6,6,6,3,0,0,0,0,0,0,0,0,0,3,6,6,6,1,0,-1.68,0,0,0,0,0,0,1,5,6,6,6,4,0,0,0,0,0,0,0,0,1,6,6,6,6,4,0,0,0,0,0,0,0,0,0,6,6,6,6,6,6,4,2,1,0,0,0,0,0,2,6,6,6,6,6,6,6,6,6,0,0,0,0,0,0,1,2,2,2,2,3,6,6,6,4,0,0,0,0,0,0,0,0,0,0,0,6,6,6,6,0,0,0,0,0,0,0,0,0,0,4,6,6,6,6,0,0,0,0,0,0,0,0,0,1,6,6,6,6,5,0,0,0,0,0,0,0,0,3,6,6,6,6,3,0,3,4,4,4,3,1,1,5,6,6,6,5,1,0,0,5,6,6,6,6,6,6,6,6,6,5,0,0,0,0,0,1,3,4,4,4,4,4,4,3,0,0,0,0,0,4,"mfeat-pixel","att60",0.9
1,4,4,5,6,4,4,4,4,6,6,6,6,6,2,1,6,6,6,6,6,6,6,6,6,6,6,6,6,1,0,1,2,2,2,3,6,6,6,6,6,6,6,2,0,0,0,0,0,0,0,6,6,6,6,6,6,6,0,-1.77,0,0,0,0,0,1,6,6,6,6,6,6,6,0,0,0,0,0,0,0,5,6,6,6,6,6,6,6,3,0,0,0,0,2,5,6,6,6,6,6,6,6,6,6,3,0,0,5,6,6,6,6,6,4,5,6,6,6,6,6,0,0,1,4,6,6,6,2,0,0,6,6,6,6,6,0,0,0,0,0,0,0,0,0,3,6,6,6,6,6,0,0,0,0,0,0,0,1,5,6,6,6,6,6,6,0,0,0,0,0,0,1,5,6,6,6,6,6,6,3,0,0,0,0,0,1,6,6,6,6,6,6,6,3,0,0,0,0,0,0,5,6,6,6,6,6,6,3,0,0,0,0,0,0,0,6,6,6,6,6,6,2,0,0,0,0,0,0,0,0,3,4,4,4,3,1,0,0,0,0,4,"mfeat-pixel","att60",0.9
3,6,6,4,3,1,0,0,0,1,3,3,0,0,0,6,6,6,6,6,6,6,6,6,6,6,6,0,0,0,6,6,6,6,6,6,6,6,6,6,6,6,0,0,0,3,4,4,5,6,6,6,6,6,6,5,3,0,0,-0.4,0,0,0,4,6,6,6,6,6,6,0,0,0,0,0,0,0,0,6,6,6,6,6,6,6,0,0,0,0,0,0,3,5,6,6,6,6,6,6,6,5,3,1,0,0,0,6,6,6,6,6,6,4,6,6,6,6,6,5,0,0,1,3,5,5,3,0,0,3,6,6,6,6,6,4,0,0,0,0,0,0,0,0,3,6,6,6,6,6,6,0,0,0,0,0,0,0,0,0,4,6,6,6,6,6,0,0,0,0,0,0,0,0,2,6,6,6,6,6,6,0,0,0,0,0,0,0,0,4,6,6,6,6,6,6,5,6,6,6,6,6,6,6,6,6,6,6,6,6,6,5,6,6,6,6,6,6,6,6,6,6,6,6,5,1,0,3,4,4,4,4,4,4,4,3,1,0,0,0,0,4,"mfeat-pixel","att60",0.9
1,4,6,6,6,6,6,6,6,5,3,0,0,0,0,1,6,6,6,6,6,6,6,6,6,5,0,0,0,0,0,1,2,2,5,6,6,6,6,1,0,0,0,0,0,0,0,0,1,5,6,6,6,6,1,0,0,0,0,-1.85,0,0,0,5,6,6,6,6,6,6,6,4,1,0,0,0,0,4,6,6,6,6,6,6,6,6,6,6,2,0,0,2,6,6,5,4,3,3,6,6,6,6,6,0,0,0,0,1,1,0,0,0,0,1,6,6,6,6,5,0,0,0,0,0,0,0,0,0,0,1,5,6,6,6,0,0,0,0,0,0,0,0,0,0,0,3,6,6,6,0,0,0,0,0,0,0,0,0,0,0,0,6,6,6,2,0,0,0,0,0,0,0,0,0,0,0,6,6,6,3,0,0,0,0,0,0,0,0,0,0,3,6,6,6,0,1,5,6,6,6,4,1,0,1,5,6,6,6,5,0,5,6,6,6,6,6,6,6,6,6,6,4,3,0,0,0,1,3,4,4,4,4,4,4,2,0,0,0,0,0,4,"mfeat-pixel","att60",0.9
6,6,6,6,6,6,6,6,6,6,6,3,0,0,0,5,6,6,6,6,6,6,6,6,6,6,6,0,0,0,0,0,2,4,2,0,0,6,6,6,6,2,0,0,0,0,0,0,0,0,0,1,6,6,6,5,0,0,0,1.12,0,0,0,0,0,0,5,6,6,6,1,0,0,0,0,0,0,0,0,0,0,6,6,6,5,0,0,0,0,0,0,0,0,0,0,4,6,6,6,4,0,0,0,0,0,0,0,0,0,3,6,6,6,6,6,3,0,0,0,0,0,0,0,3,6,6,6,6,6,6,6,3,0,0,0,0,0,2,6,6,6,6,4,5,6,6,6,2,0,0,0,0,6,6,6,6,1,0,0,6,6,6,6,6,5,0,0,1,4,4,1,0,0,4,6,6,6,6,4,3,0,0,0,0,0,0,0,0,6,6,6,6,4,0,0,0,0,0,0,0,0,0,3,6,6,6,6,0,0,0,5,6,6,6,6,6,6,6,6,6,6,1,0,0,0,4,4,4,4,4,4,4,4,4,4,1,0,0,0,0,4,"mfeat-pixel","att60",0.9
3,4,4,4,4,5,6,4,4,4,4,4,3,0,0,5,6,6,6,6,6,6,6,6,6,6,6,6,3,0,0,2,2,1,0,4,6,6,6,6,6,5,2,0,0,0,0,0,0,0,3,6,6,6,6,4,0,0,0,-0.39,0,0,0,1,4,6,6,6,6,3,0,0,0,0,0,0,0,0,3,6,6,6,6,1,0,0,0,0,0,0,0,0,0,4,6,6,6,6,1,0,0,0,0,0,0,0,2,6,6,6,6,6,6,6,6,5,1,0,0,0,0,0,3,4,5,6,6,6,6,6,6,5,2,0,0,0,0,0,0,0,0,0,0,0,4,6,6,6,5,1,0,0,0,0,0,0,0,0,0,1,6,6,6,6,1,0,0,0,0,0,0,0,0,0,0,3,6,6,6,2,0,0,0,0,0,0,0,0,0,0,5,6,6,5,1,0,0,0,0,0,0,0,0,2,5,6,6,6,0,0,0,1,5,6,6,6,6,6,6,6,6,6,5,0,0,0,1,4,4,4,4,4,4,4,4,4,2,0,0,0,4,"mfeat-pixel","att60",0.9
1,4,4,4,4,6,6,6,6,6,6,4,1,0,0,6,6,6,6,6,6,6,6,6,6,6,6,5,0,0,3,5,6,4,4,4,4,5,6,6,6,6,0,0,0,0,0,0,0,0,0,0,0,6,6,6,6,1,0,-1.5,0,0,0,0,0,0,0,5,6,6,6,6,5,1,0,0,0,0,0,0,0,5,6,6,6,6,6,6,5,1,0,0,0,0,0,0,1,2,1,1,5,6,6,6,3,0,0,0,0,0,0,0,0,0,0,1,6,6,6,6,0,0,0,0,0,0,0,0,0,0,0,5,6,6,6,0,0,0,0,0,0,0,0,0,0,0,3,6,6,6,0,0,0,0,0,0,0,0,0,0,0,3,6,6,6,0,0,0,0,0,1,2,0,0,0,0,3,6,6,6,0,0,0,0,3,6,6,4,0,0,0,3,6,6,4,0,0,0,0,6,6,6,6,5,4,4,6,6,6,2,0,0,0,0,1,5,6,6,6,6,6,6,6,3,0,0,0,0,0,0,0,3,4,4,4,4,3,1,0,0,4,"mfeat-pixel","att60",0.9
0,1,4,4,4,4,4,4,6,6,6,3,1,0,0,1,5,6,6,6,6,6,6,6,6,6,6,6,0,0,3,6,6,6,6,6,6,6,6,6,6,6,5,0,0,0,3,6,3,1,0,4,6,6,6,6,5,1,0,0.84,0,0,0,0,0,3,6,6,6,6,6,3,0,0,0,0,0,0,0,5,6,6,6,6,6,6,6,1,0,0,0,0,0,4,6,6,6,6,6,6,6,6,6,2,0,0,0,0,6,6,6,6,5,5,6,6,6,6,6,2,0,0,2,6,6,5,3,0,0,3,6,6,6,6,2,0,0,0,1,1,0,0,0,0,0,6,6,6,6,0,0,0,0,0,0,0,0,0,0,0,6,6,6,6,4,0,0,0,0,0,0,0,0,0,0,6,6,6,6,6,0,0,0,0,0,0,0,0,0,1,6,6,6,6,2,0,5,6,6,6,6,4,6,6,6,6,6,6,1,0,0,4,6,6,6,6,6,6,6,6,6,6,2,0,0,0,0,3,4,4,4,4,4,4,3,1,0,0,0,0,4,"mfeat-pixel","att60",0.9
3,6,6,5,4,4,4,4,4,3,0,0,0,0,0,3,5,6,6,6,6,6,6,6,6,0,0,0,0,0,0,0,0,0,1,6,6,6,6,6,0,0,0,0,0,0,0,0,0,3,6,6,6,6,6,5,0,0,0,0.46,0,0,0,1,6,6,6,6,6,6,6,5,1,0,0,0,0,1,5,6,6,6,6,6,6,6,6,6,2,0,0,2,6,6,6,6,6,6,4,5,6,6,6,6,0,0,4,6,6,6,6,5,1,0,0,4,6,6,6,2,0,3,5,6,5,1,0,0,0,0,3,6,6,6,6,0,0,0,0,0,0,0,0,0,0,3,6,6,6,6,0,0,0,0,0,0,0,0,0,0,3,6,6,6,6,0,0,2,3,4,1,0,0,0,0,3,6,6,6,6,0,2,6,6,6,5,1,0,0,1,5,6,6,6,6,0,0,6,6,6,6,6,4,4,6,6,6,6,6,6,0,0,3,6,6,6,6,6,6,6,6,6,6,5,1,0,0,0,1,4,4,4,4,4,4,4,4,3,0,0,4,"mfeat-pixel","att60",0.9
0,3,4,4,4,4,4,4,4,6,3,0,0,0,0,5,6,6,6,6,6,6,6,6,6,6,0,0,0,0,5,6,5,3,3,6,6,6,6,6,2,0,0,0,0,0,0,0,0,0,1,6,6,6,6,0,0,0,0,1.28,0,0,0,0,0,4,6,6,6,6,3,0,0,0,0,0,0,0,0,4,6,6,6,6,6,6,5,1,0,0,0,0,0,3,6,6,6,6,6,6,6,6,6,2,0,0,0,0,1,5,6,5,2,2,5,6,6,6,6,0,0,0,0,0,0,0,0,0,0,0,6,6,6,6,4,0,0,0,0,0,0,0,0,0,0,2,6,6,6,6,0,0,0,0,0,0,0,0,0,0,0,6,6,6,6,0,0,0,1,2,1,0,0,0,0,4,6,6,5,1,0,0,2,6,6,6,1,0,0,0,6,6,6,3,0,0,0,5,6,6,6,6,3,2,3,6,6,6,1,0,0,0,1,5,6,6,6,6,6,6,6,6,5,0,0,0,0,0,0,3,4,4,4,4,4,4,3,0,0,0,4,"mfeat-pixel","att60",0.9
5,6,6,6,6,6,6,6,6,6,6,6,3,0,0,5,6,6,6,6,6,6,6,6,6,6,6,6,3,0,0,0,0,0,0,2,5,6,6,6,6,6,5,1,0,0,0,0,0,0,0,3,6,6,6,6,6,1,0,-0.4,0,0,0,0,0,0,4,6,6,6,6,6,5,0,0,0,0,0,0,0,3,6,6,6,6,6,6,6,5,0,0,0,0,0,0,1,5,6,6,6,6,6,6,6,4,0,0,0,0,0,0,0,0,0,0,3,6,6,6,6,0,0,0,0,0,0,0,0,0,0,1,6,6,6,6,0,0,0,0,0,0,0,0,0,3,6,6,6,6,5,0,0,0,0,0,0,0,1,5,6,6,6,6,5,1,0,0,0,0,0,0,2,6,6,6,6,6,3,0,0,0,0,0,0,0,2,6,6,6,5,1,0,0,0,0,0,0,0,0,1,5,6,6,6,1,0,0,0,0,0,0,0,0,0,6,6,6,6,5,0,0,0,0,0,0,0,0,0,0,4,4,4,4,1,0,0,0,0,0,0,4,"mfeat-pixel","att60",0.9
3,4,5,6,6,6,6,6,6,6,5,4,4,1,0,3,5,6,6,6,6,6,6,6,6,6,6,6,6,0,0,0,0,0,0,1,6,6,6,6,6,6,4,1,0,0,0,0,0,1,5,6,6,6,6,6,3,0,0,1.58,0,0,0,2,6,6,6,6,6,6,6,5,1,0,0,0,0,3,6,6,6,6,6,6,6,6,6,6,2,0,0,0,5,6,6,4,4,3,2,5,6,6,6,6,2,0,0,0,2,1,0,0,0,0,0,6,6,6,6,4,0,0,0,0,0,0,0,0,0,0,6,6,6,6,6,0,0,0,0,0,0,0,0,0,0,3,6,6,6,6,1,2,2,0,0,0,0,0,0,0,2,6,6,6,6,6,6,6,5,0,0,0,0,0,0,0,6,6,6,6,4,6,6,6,1,0,0,1,2,2,5,6,6,6,5,3,6,6,6,6,4,5,6,6,6,6,6,6,6,2,2,6,6,6,6,6,6,6,6,6,5,2,2,1,0,0,1,4,4,4,4,4,4,4,4,1,0,0,0,0,4,"mfeat-pixel","att60",0.9
2,6,6,4,6,6,6,5,5,6,6,6,3,0,0,0,2,2,2,2,2,2,5,6,6,6,6,5,0,0,0,0,0,0,0,0,0,4,6,6,3,0,0,0,0,0,0,0,0,0,1,5,6,6,6,1,0,0,0,-0.56,0,0,0,0,3,6,6,6,6,6,6,6,3,0,0,0,0,0,3,6,6,6,6,6,6,6,6,6,5,0,0,0,0,3,6,6,4,2,2,5,6,6,6,6,1,0,0,0,0,0,0,0,0,0,2,6,6,6,6,5,0,0,0,0,0,0,0,0,0,0,1,6,6,6,4,0,0,0,0,0,0,0,0,0,0,0,6,6,6,5,0,0,0,0,0,0,0,0,0,0,0,4,6,6,4,0,0,0,5,6,6,6,2,0,0,0,3,6,6,3,0,0,0,5,6,6,6,3,0,0,0,6,6,6,3,0,0,0,3,6,6,6,4,0,0,1,6,6,6,1,0,0,0,3,6,6,6,6,6,6,6,6,6,6,0,0,0,0,2,4,4,4,4,4,4,4,4,4,3,0,4,"mfeat-pixel","att60",0.9
0,2,4,4,4,4,4,4,4,5,5,1,0,0,0,5,6,6,6,6,6,6,6,6,6,6,5,0,0,0,1,2,4,4,2,2,5,6,6,6,6,3,0,0,0,0,0,0,0,0,0,4,6,6,6,6,6,4,2,-0.36,0,0,0,1,4,5,6,6,6,6,6,6,6,6,5,0,0,0,6,6,6,6,6,6,4,5,6,6,6,6,0,0,0,3,6,6,4,1,0,0,0,4,6,6,6,0,0,0,0,0,0,0,0,0,0,0,4,6,6,6,0,0,0,0,0,0,0,0,0,0,4,6,6,6,6,0,0,0,0,0,0,0,0,1,5,6,6,6,5,1,0,0,0,0,0,0,0,2,6,6,6,6,3,0,0,0,0,0,0,0,0,0,4,6,6,6,4,0,0,0,0,0,0,0,0,0,2,6,6,6,6,1,0,0,0,0,0,0,0,0,0,4,6,6,6,2,0,0,0,0,0,0,0,0,2,6,6,6,6,4,0,0,0,0,0,0,0,0,0,1,4,4,4,4,1,0,0,0,0,0,4,"mfeat-pixel","att60",0.9
0,0,2,4,4,6,6,6,5,1,0,0,0,0,0,3,6,6,6,6,6,6,6,6,5,0,0,0,0,0,5,6,6,4,6,6,6,6,6,6,1,0,0,0,0,0,0,0,0,4,6,6,6,6,6,3,0,0,0,1.71,0,0,0,3,6,6,6,6,6,6,5,1,0,0,0,0,0,3,6,6,6,6,6,6,6,6,6,2,0,0,0,2,6,6,6,5,4,4,6,6,6,6,3,0,0,0,0,2,2,2,0,0,0,1,6,6,6,4,0,0,0,0,0,0,0,0,0,0,0,4,6,6,6,6,2,0,0,0,0,0,0,0,0,0,0,6,6,6,6,5,0,0,0,0,0,0,0,0,0,0,6,6,6,6,3,1,3,4,1,0,0,0,0,0,0,6,6,6,6,3,6,6,6,6,1,0,0,2,4,5,6,6,6,5,0,6,6,6,6,6,6,6,6,6,6,6,6,6,2,0,6,6,6,6,6,6,6,6,6,6,5,3,1,0,0,1,4,4,4,4,4,4,4,3,1,0,0,0,0,0,4,"mfeat-pixel","att60",0.9
1,5,6,6,6,6,6,6,6,6,6,6,6,2,0,5,6,6,6,6,6,6,6,6,6,6,6,6,6,0,0,0,0,2,2,2,0,1,6,6,6,6,6,3,0,0,0,0,0,0,0,0,2,6,6,6,6,1,0,0.84,0,0,0,0,0,0,3,6,6,6,6,6,0,0,0,0,0,0,0,0,0,6,6,6,6,6,6,3,0,0,0,0,0,0,0,0,6,6,6,6,6,6,6,3,0,0,0,0,0,0,3,6,6,5,3,6,6,6,6,1,0,0,0,0,0,0,3,6,2,0,6,6,6,6,3,0,0,0,0,0,0,0,0,0,0,2,6,6,6,3,0,0,0,0,0,0,0,0,0,0,0,6,6,6,4,0,0,0,0,3,4,3,0,0,0,0,4,6,6,6,0,0,0,3,6,6,6,5,1,0,0,0,6,6,6,0,0,0,0,6,6,6,6,6,3,0,3,6,6,6,0,0,0,0,3,6,6,6,6,6,6,6,6,6,6,0,0,0,0,0,1,3,4,4,4,4,4,4,4,2,4,"mfeat-pixel","att60",0.9
2,6,6,6,6,6,6,6,6,6,2,0,0,0,0,1,5,6,6,6,6,6,6,6,6,2,0,0,0,0,0,0,0,0,4,6,6,6,6,5,0,0,0,0,0,0,0,0,1,5,6,6,6,6,3,0,0,0,0,-2.28,0,0,1,5,6,6,6,6,6,6,3,2,0,0,0,0,1,6,6,6,6,6,6,6,6,6,6,5,1,0,0,6,6,6,6,5,4,2,2,5,6,6,6,3,0,3,6,6,6,3,0,0,0,0,0,6,6,6,6,2,0,3,4,1,0,0,0,0,0,0,4,6,6,6,6,0,0,0,0,0,0,0,0,0,3,6,6,6,6,2,0,0,0,0,0,0,0,0,1,6,6,6,6,1,0,0,0,0,0,0,0,1,3,6,6,6,5,1,0,0,0,0,0,0,0,3,6,6,6,6,5,1,0,0,0,0,0,0,1,5,6,6,6,5,4,1,0,0,0,0,0,0,3,6,6,6,6,3,0,0,0,0,0,0,0,0,2,4,4,4,3,1,0,0,0,0,0,0,0,0,4,"mfeat-pixel","att60",0.9
0,0,1,5,6,6,6,4,4,4,4,4,4,2,0,0,0,2,6,6,6,6,6,6,6,6,6,6,6,5,0,0,0,0,0,0,3,6,6,6,6,6,6,4,1,0,0,0,0,0,0,1,6,6,6,6,4,0,0,2.24,0,0,0,0,0,0,5,6,6,6,5,0,0,0,0,0,0,0,0,1,5,6,6,6,6,5,0,0,0,0,0,0,0,0,5,6,6,6,6,6,6,5,0,0,0,0,0,0,0,3,4,4,5,6,6,6,6,5,0,0,0,0,0,0,0,0,0,0,4,6,6,6,6,3,0,0,0,0,0,0,0,0,0,0,6,6,6,6,3,0,0,0,0,0,0,0,0,0,2,6,6,6,6,3,0,1,3,3,0,0,0,0,0,2,6,6,6,6,3,0,6,6,6,4,0,0,0,0,3,6,6,6,6,1,0,5,6,6,6,5,2,3,5,6,6,6,6,2,0,0,1,6,6,6,6,6,6,6,6,6,5,1,0,0,0,0,1,4,4,4,4,4,4,4,3,0,0,0,0,0,4,"mfeat-pixel","att60",0.9
0,3,4,4,4,5,6,3,1,0,0,0,0,0,0,1,6,6,6,6,6,6,6,6,5,1,0,0,0,0,2,6,6,6,6,6,6,6,6,6,3,0,0,0,0,0,1,2,2,5,6,6,6,6,4,0,0,0,0,-0.45,0,0,0,0,3,6,6,6,6,3,0,0,0,0,0,0,0,0,0,3,6,6,6,6,6,4,4,3,0,0,0,0,0,1,6,6,6,6,6,6,6,6,6,0,0,0,0,0,3,6,6,6,5,1,1,5,6,6,5,0,0,0,0,1,4,2,0,0,0,0,2,6,6,6,3,0,0,0,0,0,0,0,0,0,0,0,6,6,6,3,0,0,0,0,0,0,0,0,0,0,0,6,6,6,3,0,0,1,1,0,0,0,0,0,0,0,4,6,6,3,0,1,6,6,3,0,0,0,0,0,0,6,6,6,3,0,3,6,6,6,4,0,0,0,0,1,6,6,6,5,0,0,5,6,6,6,5,4,5,6,6,6,5,1,0,0,0,0,2,4,4,4,4,4,4,4,2,0,0,0,4,"mfeat-pixel","att60",0.9
0,3,4,4,4,4,4,6,6,6,6,6,6,6,5,5,6,6,6,6,6,6,6,6,6,6,6,6,6,4,3,4,4,4,3,2,5,6,6,6,6,6,6,4,0,0,0,0,0,0,1,5,6,6,6,6,6,3,0,0.49,0,0,0,0,0,4,6,6,6,6,6,3,0,0,0,0,0,0,0,3,6,6,6,6,6,6,5,2,0,0,0,0,0,3,6,6,6,6,6,6,6,6,6,5,0,0,0,2,6,6,6,6,6,6,6,6,6,6,6,0,0,0,0,1,4,6,5,3,0,4,6,6,6,6,4,0,0,0,0,0,0,0,0,0,3,6,6,6,6,6,0,0,0,0,0,0,0,0,0,0,6,6,6,6,2,0,0,0,0,0,0,0,0,0,2,6,6,6,6,2,0,0,1,2,0,0,0,0,0,1,6,6,6,6,3,0,3,6,6,6,4,4,2,4,6,6,6,6,6,3,0,5,6,6,6,6,6,6,6,6,6,6,6,5,0,0,1,4,4,4,4,4,4,4,4,4,4,3,0,0,4,"mfeat-pixel","att60",0.9
5,6,6,6,4,4,4,4,5,6,6,6,6,6,2,3,4,4,5,6,6,6,6,6,6,6,6,5,2,0,0,0,0,0,1,5,6,6,6,6,6,3,0,0,0,0,0,0,0,0,3,6,6,6,6,3,0,0,0,0.3,0,0,0,2,4,6,6,6,5,1,0,0,0,0,0,0,1,5,6,6,6,6,6,4,0,0,0,0,0,0,0,6,6,6,6,6,6,6,6,5,2,0,0,0,0,0,3,6,6,6,6,6,6,6,6,6,5,0,0,0,0,0,0,0,0,1,5,6,6,6,6,6,3,0,0,0,0,0,0,0,0,0,6,6,6,6,6,3,0,0,0,0,0,0,0,0,2,6,6,6,6,6,2,0,0,0,0,0,0,0,0,3,6,6,6,6,6,0,0,0,0,1,4,4,2,0,4,6,6,6,6,4,0,0,0,2,6,6,6,6,6,6,6,6,6,6,0,0,0,0,2,6,6,6,6,6,6,6,5,3,1,0,0,0,0,0,3,4,4,4,4,4,2,0,0,0,0,0,0,0,4,"mfeat-pixel","att60",0.9
0,0,3,5,6,6,6,6,6,5,4,4,4,1,0,0,0,5,6,6,6,6,6,6,6,6,6,6,6,0,0,0,0,0,0,0,1,5,6,6,6,6,6,4,0,0,0,0,0,0,0,0,4,6,6,6,6,5,0,0.7,0,0,0,0,0,0,3,6,6,6,5,1,0,0,0,0,0,0,0,1,5,6,6,6,6,5,1,0,0,0,0,0,0,1,6,6,6,6,6,6,6,6,5,1,0,0,0,0,3,6,6,6,6,6,6,6,6,6,5,0,0,0,1,5,6,6,6,6,6,6,6,6,6,6,1,0,0,1,5,6,6,6,3,2,3,6,6,6,6,5,0,0,0,0,0,0,0,0,0,1,6,6,6,6,4,0,0,0,0,0,0,0,0,0,2,6,6,6,6,3,0,2,2,2,0,0,0,0,0,0,6,6,6,6,1,2,6,6,6,3,0,0,0,0,4,6,6,6,6,3,0,6,6,6,6,4,4,4,5,6,6,6,6,3,0,0,4,4,4,4,4,4,4,4,4,4,3,1,0,0,4,"mfeat-pixel","att60",0.9
0,3,4,4,4,4,4,4,6,4,3,0,0,0,0,5,6,6,6,6,6,6,6,6,6,6,1,0,0,0,1,2,2,2,2,2,3,6,6,6,6,5,0,0,0,0,0,0,0,0,0,0,3,6,6,6,6,0,0,1.58,0,0,0,0,0,0,0,3,6,6,6,6,0,0,0,0,0,0,0,0,0,1,5,6,6,6,2,0,0,0,0,0,0,0,1,3,6,6,6,6,3,0,0,0,0,0,0,0,2,6,6,6,6,6,6,5,1,0,0,0,0,0,0,1,5,6,6,6,6,6,6,6,5,0,0,0,0,0,0,0,0,0,0,1,6,6,6,6,1,0,0,0,0,0,0,0,0,0,0,5,6,6,6,5,1,0,0,0,0,0,0,0,0,0,0,4,6,6,6,3,0,0,0,0,0,0,0,0,0,0,6,6,6,6,1,0,0,0,0,0,0,0,2,2,3,6,6,6,4,0,0,0,2,6,6,6,6,6,6,6,6,6,4,0,0,0,0,2,4,4,4,4,4,4,4,4,3,0,0,0,4,"mfeat-pixel","att60",0.9
0,0,0,0,3,4,4,4,5,5,4,3,0,0,0,0,0,0,5,6,6,6,6,6,6,6,6,0,0,0,0,0,0,5,6,5,5,6,6,6,6,6,3,0,0,0,0,0,0,0,0,3,6,6,6,6,6,1,0,-0.28,0,0,0,0,0,3,6,6,6,6,6,6,1,0,0,0,0,0,0,3,6,6,6,6,6,6,6,3,0,0,0,0,0,3,6,6,6,6,6,6,6,6,6,3,0,0,0,0,0,2,2,1,0,0,2,5,6,6,5,0,0,0,0,0,0,0,0,0,0,0,3,6,6,5,0,0,0,0,0,0,0,0,0,0,0,3,6,6,6,3,0,0,0,0,0,0,0,0,0,0,3,6,6,6,5,3,6,6,3,0,0,0,0,0,0,5,6,6,6,3,6,6,6,6,3,0,0,1,2,5,6,6,6,5,0,6,6,6,6,6,6,6,6,6,6,6,6,5,0,0,3,6,6,6,6,6,6,6,6,6,6,5,1,0,0,0,0,3,4,4,4,4,4,4,2,0,0,0,0,0,4,"mfeat-pixel","att60",0.9
0,0,3,6,6,6,4,4,6,6,6,4,4,3,0,0,0,5,6,6,6,6,6,6,6,6,6,6,6,5,0,0,0,0,0,2,3,6,6,6,6,6,6,5,1,0,0,0,0,0,0,1,6,6,6,6,5,1,0,0.22,0,0,0,0,0,1,5,6,6,6,5,0,0,0,0,0,0,0,1,3,6,6,6,6,6,5,1,0,0,0,0,0,2,6,6,6,6,6,6,6,6,6,5,1,0,0,0,6,6,6,6,5,5,6,6,6,6,6,4,0,0,0,1,2,2,1,0,0,4,6,6,6,6,6,0,0,0,0,0,0,0,0,0,3,6,6,6,6,6,0,0,0,0,0,0,0,0,0,6,6,6,6,6,4,0,0,0,0,0,0,0,0,1,6,6,6,6,6,0,0,1,2,2,2,0,0,1,5,6,6,6,6,5,0,0,6,6,6,6,6,6,6,6,6,6,6,5,1,0,0,3,4,6,6,6,6,6,6,6,6,3,0,0,0,0,0,0,1,3,4,4,4,4,3,1,0,0,0,0,0,4,"mfeat-pixel","att60",0.9
0,2,6,6,5,4,4,4,4,3,2,4,5,6,5,0,2,6,6,6,6,6,6,6,6,6,6,6,6,6,0,0,1,5,6,6,6,6,6,6,6,6,6,4,1,0,0,0,0,0,0,0,1,6,6,6,6,3,0,-1.18,0,0,0,0,0,0,0,1,6,6,6,6,1,0,0,0,0,0,0,0,0,0,5,6,6,6,6,0,0,0,0,0,0,0,0,3,5,6,6,6,6,6,5,0,0,0,0,0,0,0,6,6,6,6,6,6,6,6,5,0,0,0,0,0,0,1,2,1,0,4,6,6,6,6,3,0,0,0,0,0,0,0,0,0,4,6,6,6,6,1,0,0,0,0,0,0,0,0,0,6,6,6,6,3,0,0,3,4,4,1,0,0,0,0,6,6,6,6,3,0,5,6,6,6,6,3,1,1,5,6,6,6,6,2,0,1,5,6,6,6,6,6,6,6,6,6,6,4,0,0,0,0,3,6,6,6,6,6,6,6,6,5,1,0,0,0,0,0,1,4,4,4,4,4,4,2,0,0,0,0,4,"mfeat-pixel","att60",0.9
5,6,6,4,4,4,6,6,6,6,6,3,0,0,0,3,4,5,6,6,6,6,6,6,6,6,4,0,0,0,0,0,0,1,3,6,6,6,6,6,4,0,0,0,0,0,0,0,0,0,6,6,6,6,6,0,0,0,0,1.14,0,0,0,0,2,6,6,6,6,6,5,2,2,0,0,0,0,0,1,6,6,6,6,6,6,6,6,6,5,1,0,0,1,6,6,6,6,6,6,6,6,5,4,6,5,0,0,6,6,6,6,6,1,0,3,6,1,0,0,0,0,0,5,6,6,5,1,0,0,0,3,6,5,0,0,0,0,0,0,0,0,0,0,0,0,0,5,6,3,0,0,0,0,0,0,0,0,0,0,0,0,4,6,2,0,0,0,0,0,0,1,2,2,2,4,5,6,6,0,0,0,0,0,0,3,6,6,6,6,6,6,6,6,4,0,0,0,0,2,6,6,6,6,6,6,6,6,6,6,0,0,0,0,1,4,5,6,6,6,6,6,6,5,1,0,0,0,0,0,0,0,3,4,4,4,4,3,0,0,0,4,"mfeat-pixel","att60",0.9
1,4,4,6,6,4,6,4,6,4,4,1,0,0,0,3,6,6,6,6,6,6,6,6,6,6,2,0,0,0,1,4,3,3,6,6,6,6,6,4,0,0,0,0,0,0,0,0,1,6,6,6,6,6,5,1,0,0,0,2.58,0,0,0,5,6,6,6,6,6,6,6,6,4,3,0,0,0,0,5,6,5,4,5,6,6,6,6,6,6,4,0,0,0,0,0,0,0,0,0,3,6,6,6,6,6,0,0,0,0,0,0,0,0,0,1,6,6,6,6,6,0,0,0,0,0,0,0,0,1,5,6,6,6,6,4,0,0,0,0,0,0,0,1,5,6,6,6,6,4,0,0,0,0,0,0,0,1,5,6,6,6,6,4,0,0,0,0,0,0,0,1,5,6,6,6,6,4,0,0,0,0,0,0,0,1,5,6,6,6,6,3,0,0,0,0,0,0,0,3,6,6,6,6,5,1,0,0,0,0,0,0,0,5,6,6,6,6,4,0,0,0,0,0,0,0,0,0,3,4,4,4,4,0,0,0,0,0,0,0,0,4,"mfeat-pixel","att60",0.9
3,4,4,4,4,4,4,4,4,4,4,5,5,4,1,6,6,6,6,6,6,6,6,6,6,6,6,6,6,3,5,6,6,6,6,6,6,6,6,6,6,6,6,4,0,0,0,0,0,4,6,6,6,6,6,6,6,4,0,3.23,0,0,0,0,5,6,6,6,6,6,6,6,5,0,0,0,0,0,3,6,6,6,6,6,6,6,6,6,5,1,0,0,0,3,6,6,6,6,6,6,6,6,6,6,6,0,0,0,0,2,2,2,2,0,4,6,6,6,6,6,0,0,0,0,0,0,0,0,0,6,6,6,6,6,6,0,0,0,0,0,0,0,0,1,6,6,6,6,6,4,0,0,0,0,0,0,0,1,6,6,6,6,6,3,0,0,0,0,0,0,0,3,6,6,6,6,6,1,0,0,0,0,0,0,0,3,6,6,6,6,5,1,0,0,0,0,0,0,0,0,5,6,6,6,4,0,0,0,0,0,0,0,0,0,5,6,6,6,6,2,0,0,0,0,0,0,0,0,2,4,4,4,4,4,0,0,0,0,0,0,4,"mfeat-pixel","att60",0.9
1,4,4,4,4,4,4,4,4,4,4,4,3,0,0,2,6,6,6,6,6,6,6,6,6,6,6,6,5,0,0,1,4,4,4,4,5,6,6,6,6,6,6,2,0,0,0,0,0,0,0,4,6,6,6,6,6,2,0,0.07,0,0,0,0,3,5,6,6,6,6,6,4,0,0,0,0,0,0,0,5,6,6,6,6,6,6,6,5,1,0,0,0,0,0,1,5,6,6,6,6,6,6,6,5,1,0,0,0,0,0,0,0,0,2,3,6,6,6,6,2,0,0,0,0,0,0,0,0,0,1,6,6,6,6,0,0,0,0,0,0,0,0,0,0,5,6,6,6,4,0,0,0,0,0,0,0,0,0,3,6,6,6,6,2,0,0,0,0,0,0,0,1,5,6,6,6,6,1,0,0,0,0,0,0,0,0,5,6,6,6,6,3,0,0,0,0,0,0,0,1,3,6,6,6,5,1,0,0,0,0,0,0,0,0,6,6,6,6,5,1,0,0,0,0,0,0,0,0,0,3,4,4,4,1,0,0,0,0,0,0,4,"mfeat-pixel","att60",0.9
0,3,6,6,6,4,6,6,6,6,6,5,1,0,0,2,6,6,6,6,6,6,6,6,6,6,6,5,0,0,0,0,2,0,2,0,1,6,6,6,6,6,5,0,0,0,0,0,0,0,0,4,6,6,6,6,6,1,0,-0.2,0,0,0,0,0,4,6,6,6,6,6,6,3,0,0,0,0,0,0,0,6,6,6,6,6,6,6,6,5,0,0,0,0,0,0,1,5,5,3,3,6,6,6,6,1,0,0,0,0,0,0,0,0,0,0,4,6,6,6,3,0,0,0,0,0,0,0,0,0,1,6,6,6,6,1,0,0,0,0,0,0,0,1,5,6,6,6,6,4,0,0,0,0,0,0,0,1,5,6,6,6,6,3,0,0,0,0,0,0,0,0,5,6,6,6,5,1,0,0,0,0,0,0,0,0,0,6,6,6,6,3,0,0,0,0,0,0,0,0,0,2,6,6,6,6,5,0,0,0,0,0,0,0,0,0,6,6,6,6,5,1,0,0,0,0,0,0,0,0,0,3,4,4,3,0,0,0,0,0,0,4,"mfeat-pixel","att60",0.9
2,6,6,6,6,6,6,5,4,4,4,4,4,3,0,0,2,3,5,6,6,6,6,6,6,6,6,6,5,0,0,0,0,0,0,0,0,0,4,6,6,6,5,0,0,0,0,0,0,0,0,0,1,5,6,6,6,1,0,1.4,0,0,0,0,0,0,3,6,6,6,6,6,6,1,0,0,0,0,0,1,5,6,6,6,6,6,6,6,6,0,0,0,0,0,6,6,6,6,4,4,5,6,6,6,0,0,0,0,0,1,2,2,0,0,0,0,6,6,6,4,0,0,0,0,0,0,0,0,0,0,0,6,6,6,6,0,0,0,0,0,0,0,0,0,0,0,6,6,6,6,0,0,0,0,0,0,0,0,0,0,0,6,6,6,6,0,0,0,0,0,0,0,0,0,0,0,6,6,6,6,0,0,0,0,3,5,5,1,0,1,5,6,6,6,2,0,0,0,1,6,6,6,6,4,6,6,6,6,6,0,0,0,0,3,6,6,6,6,6,6,6,6,6,6,0,0,0,0,0,3,4,4,4,4,4,4,4,4,3,0,4,"mfeat-pixel","att60",0.9
5,6,6,6,6,6,6,6,4,4,4,4,4,3,0,1,5,6,6,6,6,6,6,6,6,6,6,6,6,3,0,0,0,0,0,1,3,6,6,6,6,6,6,5,1,0,0,0,0,0,0,1,6,6,6,6,1,0,0,-0.39,0,0,0,0,0,3,6,6,6,6,6,5,3,0,0,0,0,3,4,5,6,6,6,6,6,6,6,6,0,0,0,5,6,6,6,6,6,6,6,6,6,6,6,5,0,0,5,6,6,6,3,0,0,0,4,6,6,6,6,3,0,0,0,0,0,0,0,0,0,1,6,6,6,6,5,0,0,0,0,0,0,0,0,0,0,3,6,6,6,6,0,0,0,0,0,0,0,0,0,0,3,6,6,6,6,0,0,0,0,0,0,0,0,0,1,5,6,6,6,5,1,5,6,6,3,0,0,0,5,6,6,6,6,5,0,6,6,6,6,6,5,2,3,6,6,6,6,3,0,0,4,6,6,6,6,6,6,6,6,6,6,2,0,0,0,0,3,4,4,4,4,4,4,4,4,1,0,0,0,0,4,"mfeat-pixel","att60",0.9
0,2,4,4,4,4,4,4,4,5,6,3,0,0,0,2,6,6,6,6,6,6,6,6,6,6,6,0,0,0,0,3,4,6,4,5,6,6,6,6,6,6,0,0,0,0,0,0,0,0,1,6,6,6,6,2,1,0,0,-2.53,0,0,0,0,3,6,6,6,6,6,3,0,0,0,0,0,0,0,3,6,6,6,6,6,6,6,5,1,0,0,0,0,0,5,6,6,6,4,5,6,6,6,6,1,0,0,0,0,0,3,3,1,0,0,1,5,6,6,3,0,0,0,0,0,0,0,0,0,0,0,1,6,6,3,0,0,0,0,0,0,0,0,0,0,0,5,6,6,6,0,0,0,0,0,0,0,0,0,0,1,5,6,6,3,0,0,0,1,4,2,2,1,0,0,2,6,6,6,4,0,0,2,6,6,6,6,6,4,1,1,6,6,6,6,2,0,2,6,6,6,6,6,6,6,6,6,6,6,6,1,0,0,2,6,6,6,6,6,6,6,6,6,6,2,0,0,0,0,1,4,4,4,4,4,4,4,4,3,0,0,4,"mfeat-pixel","att60",0.9
0,3,6,6,4,4,4,4,4,4,4,4,4,3,0,0,5,6,6,6,6,6,6,6,6,6,6,6,6,5,0,0,2,2,2,5,6,6,6,6,6,6,6,5,1,0,0,0,0,1,5,6,6,6,6,6,3,2,0,-0.21,0,0,1,5,6,6,6,6,6,6,6,3,1,0,0,0,0,5,6,6,6,6,6,6,6,6,6,6,2,0,0,0,1,5,6,6,6,6,6,6,6,6,6,5,0,0,0,0,0,0,0,0,1,6,6,6,6,6,5,0,0,0,0,0,0,0,0,2,6,6,6,6,5,1,0,0,0,0,0,0,2,3,6,6,6,6,5,0,0,0,0,0,0,3,5,6,6,6,6,6,3,0,0,0,0,0,1,5,6,6,6,6,6,3,1,0,0,0,0,0,0,5,6,6,6,6,5,1,0,0,0,0,0,0,0,1,6,6,6,6,4,0,0,0,0,0,0,0,0,0,5,6,6,6,6,0,0,0,0,0,0,0,0,0,0,4,4,4,4,3,0,0,0,0,0,0,0,0,0,0,4,"mfeat-pixel","att60",0.9
0,0,2,0,0,0,0,0,0,0,0,0,0,0,0,0,5,6,5,1,0,0,0,0,0,0,0,0,0,0,1,6,6,6,6,3,0,0,0,0,0,0,0,0,0,3,6,6,6,6,6,1,0,0,0,0,0,0,0,-2.21,3,6,6,6,6,6,5,2,2,2,0,0,0,0,0,6,6,6,2,6,6,6,6,6,6,5,1,0,0,0,6,6,6,0,4,6,6,6,6,6,6,5,1,0,0,6,6,4,0,0,6,6,6,6,6,6,6,6,2,0,1,3,0,0,0,3,6,6,3,0,1,5,6,6,5,0,0,0,0,0,1,5,3,0,0,0,0,5,6,6,0,0,0,0,0,0,0,0,0,0,0,0,3,6,6,0,0,0,0,0,0,0,0,0,0,3,3,4,6,5,0,0,0,0,0,0,0,0,0,5,6,6,6,6,5,0,0,0,0,0,0,0,0,0,3,6,6,6,6,4,0,0,0,0,0,0,0,0,0,0,1,5,6,5,0,0,0,0,0,0,0,0,0,0,0,0,0,2,0,0,4,"mfeat-pixel","att60",0.9
0,1,3,4,4,4,4,6,6,5,5,5,3,0,0,2,6,6,6,6,6,6,6,6,6,6,6,6,5,0,0,3,4,4,4,6,6,6,6,6,6,6,6,6,0,0,0,0,0,0,0,4,6,6,6,6,6,6,5,0.99,0,0,0,0,0,2,6,6,6,6,6,6,6,1,0,0,0,0,0,1,6,6,6,6,6,6,5,1,0,0,0,0,0,0,3,6,6,6,6,6,6,3,0,0,0,0,0,0,1,6,6,6,6,6,6,6,3,0,0,0,0,0,0,4,6,6,6,6,6,6,6,5,2,0,0,0,0,3,6,6,6,6,6,6,6,6,6,6,5,0,0,0,0,2,5,6,6,6,6,6,6,6,6,4,0,0,0,0,0,0,0,0,1,6,6,6,6,6,5,0,0,0,0,0,0,0,0,2,6,6,6,6,6,6,0,0,0,0,1,2,2,3,6,6,6,6,6,6,6,1,0,0,5,6,6,6,6,6,6,6,6,6,6,6,2,0,0,3,4,4,4,4,4,4,4,4,4,3,1,0,4,"mfeat-pixel","att60",0.9
0,0,3,4,5,6,6,6,6,6,6,6,6,2,0,0,0,3,5,6,5,4,6,6,6,6,6,3,0,0,0,0,0,0,0,0,0,3,6,6,6,3,0,0,0,0,0,0,0,0,0,0,3,6,6,6,3,0,0,2.22,0,0,0,0,0,0,0,4,6,6,5,0,0,0,0,0,0,0,0,0,0,1,6,6,6,2,0,0,0,0,0,0,0,0,0,3,6,6,6,6,1,0,0,0,0,0,0,0,0,3,6,6,6,6,6,6,3,0,0,0,0,0,1,5,6,6,6,6,6,6,6,6,5,0,0,0,0,5,6,6,5,3,1,0,4,6,6,6,0,0,0,0,0,0,0,0,0,0,0,1,6,6,6,2,0,1,1,0,0,0,0,0,0,0,0,3,6,6,6,2,6,6,1,0,0,0,0,0,0,0,3,6,6,6,5,5,6,6,3,0,0,0,0,0,0,4,6,6,6,3,1,6,6,6,5,4,4,6,4,5,6,6,6,6,2,0,3,4,4,4,4,4,4,4,4,4,4,4,3,0,4,"mfeat-pixel","att60",0.9
3,6,4,4,3,2,3,4,4,4,3,1,0,0,0,3,6,6,6,6,6,6,6,6,6,6,6,4,1,0,0,1,2,2,4,4,6,6,6,6,6,6,5,1,0,0,0,0,0,0,0,3,6,6,6,6,4,0,0,1.59,0,0,0,0,0,0,6,6,6,6,6,4,0,0,0,0,0,0,0,0,4,6,6,6,6,6,6,4,0,0,0,0,0,0,3,6,6,6,6,6,6,6,6,2,0,0,0,0,5,6,6,6,6,1,1,6,6,6,6,0,0,0,0,5,6,6,6,2,0,0,3,6,6,6,0,0,0,0,0,2,2,1,0,0,0,5,6,6,6,4,0,0,0,0,0,0,0,0,0,0,5,6,6,6,6,1,5,5,1,0,0,0,0,0,0,3,6,6,6,5,5,6,6,5,0,0,0,0,0,0,6,6,6,6,3,6,6,6,6,5,4,1,0,1,3,6,6,6,6,1,2,6,6,6,6,6,6,6,6,6,6,6,5,1,0,0,3,4,4,4,4,4,4,4,4,4,3,0,0,0,4,"mfeat-pixel","att60",0.9
0,3,4,5,5,4,4,4,6,6,5,4,4,3,0,2,6,6,6,6,6,6,6,6,6,6,6,6,6,5,0,0,0,1,2,2,2,0,0,1,5,6,6,6,5,0,0,0,0,0,0,0,0,0,0,3,6,6,4,1.08,0,0,0,0,0,0,0,0,1,3,6,6,6,3,0,0,0,0,0,0,0,2,5,6,6,6,6,6,0,0,0,0,0,0,1,5,6,6,6,6,6,6,6,2,0,0,0,0,3,6,6,6,6,5,4,6,6,6,6,2,0,0,0,3,6,6,6,3,0,0,3,6,6,6,6,0,0,0,0,0,2,1,0,0,0,0,5,6,6,6,0,0,0,0,0,0,0,0,0,0,0,3,6,6,6,0,0,3,4,4,4,3,0,0,0,0,3,6,6,6,0,0,5,6,6,6,5,0,0,0,0,5,6,6,6,0,0,0,4,6,6,4,0,0,1,5,6,6,6,3,0,0,0,2,6,6,6,6,6,6,6,6,6,1,0,0,0,0,0,1,4,4,4,4,4,4,4,3,0,0,4,"mfeat-pixel","att60",0.9
0,3,4,6,4,4,4,4,4,4,4,4,4,3,0,3,6,6,6,6,6,6,6,6,6,6,6,6,5,0,0,2,2,2,2,3,6,6,6,6,6,6,3,0,0,0,0,0,0,0,1,6,6,6,6,6,1,0,0,1.97,0,0,0,0,0,5,6,6,6,6,6,4,0,0,0,0,0,0,0,2,6,6,6,6,6,6,6,5,1,0,0,0,0,0,2,6,6,5,4,5,6,6,6,6,2,0,0,0,0,0,1,1,0,0,0,6,6,6,6,6,0,0,0,0,0,0,0,0,0,2,6,6,6,6,2,0,0,0,0,0,0,0,0,0,6,6,6,6,2,0,0,0,0,0,0,0,0,0,0,6,6,6,2,0,0,0,0,0,0,0,0,0,0,5,6,6,6,0,0,0,0,0,0,0,0,0,1,5,6,6,6,4,0,0,0,0,0,0,0,0,1,6,6,6,6,4,0,0,0,0,0,0,0,0,0,6,6,6,6,3,0,0,0,0,0,0,0,0,0,0,3,4,3,1,0,0,0,0,0,0,4,"mfeat-pixel","att60",0.9
0,0,0,3,4,4,4,5,5,4,4,4,4,3,0,0,0,5,6,6,6,6,6,6,6,6,6,6,6,2,0,0,3,4,4,4,6,6,6,6,6,6,6,1,0,0,0,0,0,0,0,4,6,6,6,6,6,4,0,0.5,0,0,0,0,0,3,6,6,6,6,6,6,0,0,0,0,0,0,0,3,6,6,6,6,6,6,6,1,0,0,0,0,0,1,6,6,6,6,6,6,6,6,6,1,0,0,0,0,2,6,6,5,3,0,4,6,6,6,6,2,0,0,0,0,1,2,0,0,0,3,6,6,6,6,6,0,0,0,0,0,0,0,0,0,0,4,6,6,6,6,0,0,0,0,0,0,0,0,0,0,6,6,6,6,6,0,0,0,0,0,0,0,0,0,0,4,6,6,6,6,0,0,0,0,0,0,0,0,1,5,6,6,6,5,1,0,1,3,4,4,4,2,3,6,6,6,6,6,3,0,3,6,6,6,6,6,6,6,6,6,6,6,5,1,0,3,4,4,4,4,4,4,4,4,4,4,3,0,0,0,4,"mfeat-pixel","att60",0.9
5,6,6,6,6,6,6,6,6,6,6,5,0,0,0,6,6,6,6,6,6,6,6,6,6,6,6,0,0,0,1,2,2,2,2,2,6,6,6,6,6,5,0,0,0,0,0,0,0,0,1,6,6,6,6,6,1,0,0,1.16,0,0,0,0,0,5,6,6,6,6,6,0,0,0,0,0,0,0,0,3,6,6,6,6,6,6,5,2,1,0,0,0,0,0,3,6,6,6,6,6,6,6,6,6,3,0,0,0,0,1,5,6,6,6,4,6,6,6,6,6,0,0,0,0,0,0,2,2,0,0,6,6,6,6,6,0,0,0,0,0,0,0,0,0,1,6,6,6,6,6,0,0,0,0,0,0,0,0,1,6,6,6,6,6,3,0,0,0,0,0,0,0,2,6,6,6,6,5,1,0,0,0,0,0,0,0,0,6,6,6,6,6,1,0,0,0,0,0,0,0,0,1,6,6,6,6,6,0,0,0,0,0,0,0,0,0,5,6,6,6,6,6,1,0,0,0,0,0,0,0,0,3,4,4,4,4,4,2,0,0,4,"mfeat-pixel","att60",0.9
0,3,4,4,4,4,4,4,4,4,5,5,3,0,0,2,6,6,6,6,6,6,6,6,6,6,6,6,3,0,0,0,2,2,5,6,6,6,6,6,6,6,5,1,0,0,0,0,0,4,6,6,6,6,6,6,1,0,0,0.66,0,0,0,3,6,6,6,6,6,6,6,3,0,0,0,0,0,2,6,6,6,6,6,6,6,6,6,6,5,0,0,0,0,1,4,4,4,5,6,6,6,6,6,6,1,0,0,0,0,0,0,0,0,6,6,6,6,6,6,3,0,0,0,0,0,0,0,1,6,6,6,6,6,5,1,0,0,0,0,0,0,3,6,6,6,6,6,5,1,0,0,0,0,0,0,4,6,6,6,6,6,3,0,0,0,0,0,0,0,4,6,6,6,6,6,2,0,0,0,0,0,0,1,5,6,6,6,6,4,1,0,0,0,0,0,0,1,6,6,6,6,6,1,0,0,0,0,0,0,0,0,3,6,6,6,6,6,0,0,0,0,0,0,0,0,0,1,4,4,4,4,3,0,0,0,0,0,0,0,0,4,"mfeat-pixel","att60",0.9
3,6,6,6,6,6,6,6,6,6,6,6,6,6,2,6,6,6,6,6,6,6,6,6,6,6,6,6,6,3,1,2,2,2,0,0,2,2,5,6,6,6,6,6,3,0,0,0,0,0,0,0,0,4,6,6,6,6,6,0.26,0,0,0,0,0,0,0,4,6,6,6,6,6,5,0,0,0,0,0,0,0,3,6,6,6,6,6,3,0,0,0,0,0,0,0,4,6,6,6,6,6,3,0,0,0,0,0,0,1,5,6,6,6,6,6,6,5,1,0,0,0,3,6,6,6,6,6,6,6,6,6,6,6,3,0,3,6,6,6,6,6,6,6,6,6,6,6,6,6,3,1,5,6,6,6,6,5,3,0,4,6,6,6,6,5,0,0,0,0,0,0,0,0,1,5,6,6,6,6,3,0,0,0,0,0,0,0,0,6,6,6,6,6,6,3,3,4,4,4,4,3,2,3,6,6,6,6,6,6,2,3,6,6,6,6,6,6,6,6,6,6,6,6,3,0,0,1,3,4,4,4,4,4,4,4,4,4,3,0,0,4,"mfeat-pixel","att60",0.9
0,3,4,4,4,3,1,0,0,1,3,4,6,3,0,5,6,6,6,6,6,6,6,6,6,6,6,6,6,3,1,5,6,6,6,6,6,6,6,6,6,6,5,3,0,0,0,0,0,0,4,6,6,6,6,5,1,0,0,-0.91,0,0,0,0,1,5,6,6,6,6,1,0,0,0,0,0,0,0,3,6,6,6,6,6,4,0,0,0,0,0,0,0,0,6,6,6,6,6,6,6,5,1,0,0,0,0,0,0,3,4,5,6,6,6,6,6,5,1,0,0,0,0,0,0,0,0,1,5,6,6,6,6,5,1,0,0,0,0,0,0,0,0,1,6,6,6,6,6,3,0,0,0,0,0,0,0,0,0,6,6,6,6,6,0,0,5,6,6,5,1,0,0,1,6,6,6,6,6,0,0,6,6,6,6,5,1,0,4,6,6,6,6,6,0,0,4,6,6,6,6,6,6,6,6,6,6,6,4,0,0,0,3,6,6,6,6,6,6,6,6,6,3,0,0,0,0,0,1,3,4,4,4,4,4,3,1,0,0,0,0,4,"mfeat-pixel","att60",0.9
0,0,0,0,5,6,6,6,6,6,5,3,2,2,1,0,0,0,0,3,6,6,6,6,6,6,6,6,6,6,0,0,0,0,0,0,2,2,5,6,6,6,6,6,5,0,0,0,0,0,0,0,0,4,6,6,6,6,3,-0.14,0,0,0,0,0,0,1,5,6,6,6,4,0,0,0,0,0,0,0,0,1,6,6,6,6,4,0,0,0,0,0,0,0,0,3,6,6,6,6,6,4,0,0,0,0,0,0,0,3,6,6,6,6,6,6,6,2,0,0,0,0,0,0,2,6,6,6,6,6,6,6,3,0,0,0,0,0,0,0,1,2,4,6,6,6,6,3,0,0,0,0,0,0,0,0,0,3,6,6,6,6,2,0,0,0,0,1,2,0,0,0,6,6,6,6,6,0,0,0,0,3,6,6,5,0,1,6,6,6,6,6,0,0,0,0,6,6,6,6,6,6,6,6,6,6,4,0,0,0,0,6,6,6,6,6,6,6,6,6,5,0,0,0,0,0,3,4,4,4,4,4,4,4,3,0,0,0,0,0,0,4,"mfeat-pixel","att60",0.9
5,6,6,6,6,6,5,4,4,4,4,4,1,0,0,1,4,6,6,6,6,6,6,6,6,6,6,6,2,0,0,0,0,0,0,0,1,2,3,6,6,6,6,3,0,0,0,0,0,0,0,0,0,3,6,6,6,3,0,1.94,0,0,0,0,0,0,3,5,6,6,3,1,0,0,0,0,0,0,0,0,3,6,6,6,6,1,0,0,0,0,0,0,0,3,4,6,6,6,6,6,6,1,0,0,0,0,0,0,5,6,6,6,6,6,6,6,6,3,0,0,0,0,0,0,2,0,0,0,0,3,6,6,6,5,0,0,0,0,0,0,0,0,0,0,0,3,6,6,6,3,0,0,1,4,3,0,0,0,0,0,0,5,6,6,3,0,0,4,6,6,2,0,0,0,0,0,4,6,6,3,0,2,6,6,4,0,0,0,0,0,2,6,6,4,0,0,2,6,6,5,2,1,0,0,1,5,6,6,3,0,0,0,3,6,6,6,6,6,6,6,6,6,6,2,0,0,0,0,1,4,4,4,4,4,4,4,4,1,0,0,4,"mfeat-pixel","att60",0.9
0,2,4,4,2,2,4,4,5,5,5,6,6,5,0,5,6,6,6,6,6,6,6,6,6,6,6,6,3,0,5,6,6,6,6,6,6,6,6,6,6,4,0,0,0,0,0,0,3,4,4,6,6,6,6,6,3,0,0,0.26,0,0,0,0,0,1,6,6,6,6,6,4,0,0,0,0,0,0,0,1,6,6,6,6,6,6,6,4,0,0,0,0,0,0,0,1,5,6,6,6,6,6,6,3,0,0,0,0,0,0,0,0,2,5,6,6,6,6,6,1,0,0,0,0,0,0,0,0,0,5,6,6,6,6,3,0,0,0,0,0,0,0,0,0,0,6,6,6,6,4,0,0,0,0,0,0,0,0,0,2,6,6,6,6,4,0,0,0,0,0,0,0,0,0,0,6,6,6,6,3,0,0,0,0,1,4,2,0,2,5,6,6,6,6,2,0,0,0,2,6,6,6,6,6,6,6,6,6,3,0,0,0,0,1,6,6,6,6,6,6,6,5,1,0,0,0,0,0,0,4,4,4,4,4,4,2,0,0,0,0,4,"mfeat-pixel","att60",0.9
1,4,5,6,6,5,4,4,5,5,4,4,4,4,1,2,6,6,6,6,6,6,6,6,6,6,6,6,6,3,0,1,1,0,0,0,0,0,0,6,6,6,6,4,0,0,0,0,0,0,0,1,5,6,6,6,6,3,0,-1.73,0,0,0,0,3,4,6,6,6,6,6,6,1,0,0,0,0,1,5,6,6,6,6,6,6,6,6,6,1,0,0,3,6,6,6,6,6,6,4,6,6,6,6,5,0,3,6,6,6,6,3,2,0,0,1,5,6,6,6,3,0,3,3,2,0,0,0,0,0,0,3,6,6,6,5,0,0,0,0,0,0,0,0,0,0,3,6,6,6,6,0,0,0,0,0,0,0,0,0,0,3,6,6,6,6,0,0,0,0,2,2,1,0,0,0,2,6,6,6,4,0,0,0,4,6,6,6,2,0,0,0,6,6,6,5,0,0,2,6,6,6,6,5,1,1,5,6,6,6,2,0,0,1,5,6,6,6,6,6,6,6,6,6,3,0,0,0,0,0,2,4,4,4,4,4,4,4,1,0,0,4,"mfeat-pixel","att60",0.9
3,6,4,4,4,4,4,4,4,4,4,3,0,0,0,4,6,6,6,6,6,6,6,6,6,6,6,5,1,0,0,3,4,5,6,5,4,6,6,6,6,6,6,3,0,0,0,0,0,0,0,0,4,6,6,6,6,6,0,-0.21,0,0,0,0,0,0,3,6,6,6,6,6,3,0,0,0,0,0,0,0,4,6,6,6,6,6,6,5,0,0,0,0,0,0,2,6,6,6,6,6,6,6,6,5,1,0,0,0,0,6,6,6,6,5,2,5,6,6,6,5,0,0,0,0,1,5,6,5,0,0,0,6,6,6,6,0,0,0,0,0,0,0,0,0,0,5,6,6,6,6,0,0,0,0,0,0,0,0,1,5,6,6,6,6,3,0,0,0,0,0,0,0,1,6,6,6,6,5,1,0,0,0,0,0,0,0,3,6,6,6,6,6,0,0,0,0,2,1,1,3,5,6,6,6,6,6,2,0,0,0,3,6,6,6,6,6,6,6,6,5,1,0,0,0,0,0,3,4,4,4,4,4,3,1,0,0,0,0,0,0,4,"mfeat-pixel","att60",0.9
0,0,3,4,4,4,5,6,6,5,4,4,3,0,0,0,0,3,6,6,6,6,6,6,6,6,6,6,0,0,0,0,0,1,2,2,3,6,6,6,6,6,3,0,0,0,0,0,0,0,0,2,6,6,6,6,5,0,0,-0.24,0,0,0,0,0,1,6,6,6,6,6,1,0,0,0,0,0,0,0,3,6,6,6,6,6,6,6,3,0,0,0,0,0,2,6,6,6,6,6,6,6,6,6,2,0,0,0,0,5,6,6,6,3,0,3,6,6,6,6,0,0,0,0,0,2,2,1,0,0,0,3,6,6,6,3,0,0,0,0,0,0,0,0,0,0,2,6,6,6,1,0,0,0,0,0,0,0,0,0,0,0,6,6,6,2,0,0,2,0,0,0,0,0,0,0,3,6,6,6,1,2,6,6,5,1,0,0,0,0,3,6,6,6,6,0,2,6,6,6,6,2,0,0,0,3,6,6,6,2,0,0,1,5,6,6,6,3,3,4,6,6,6,5,0,0,0,0,0,3,4,4,4,4,4,4,4,3,0,0,0,4,"mfeat-pixel","att60",0.9
2,6,6,6,5,4,4,4,4,4,4,4,3,0,0,0,3,6,6,6,6,6,6,6,6,6,6,6,5,0,0,0,0,0,2,5,6,6,6,6,6,6,6,3,0,0,0,0,0,0,3,6,6,6,6,6,4,0,0,1.31,0,0,0,0,3,6,6,6,6,6,6,1,0,0,0,0,0,0,4,6,6,6,6,6,6,6,6,4,3,0,0,0,5,6,6,6,6,6,6,6,6,6,6,6,1,0,0,1,4,6,6,5,3,2,5,6,6,6,6,5,0,0,0,0,0,0,0,0,0,3,6,6,6,6,5,0,0,0,0,0,0,0,0,0,4,6,6,6,6,1,0,0,0,0,0,0,0,0,5,6,6,6,6,6,0,0,0,0,0,0,0,0,4,6,6,6,6,4,1,0,0,0,0,0,0,0,1,6,6,6,6,2,0,0,0,0,0,0,0,0,3,6,6,6,6,4,0,0,0,0,0,0,0,0,2,6,6,6,6,3,0,0,0,0,0,0,0,0,0,1,4,4,4,1,0,0,0,0,0,0,4,"mfeat-pixel","att60",0.9
0,3,6,6,6,5,5,6,6,6,6,6,6,3,0,5,6,6,6,6,6,6,6,6,6,6,6,6,6,0,1,2,2,2,2,2,2,5,6,6,6,6,6,2,0,0,0,0,0,0,0,0,4,6,6,6,6,6,0,-0.82,0,0,0,0,0,1,5,6,6,6,6,6,3,0,0,0,0,0,0,3,6,6,6,6,6,6,6,0,0,0,0,0,0,4,6,6,6,6,6,6,6,6,3,0,0,0,0,0,6,6,6,6,6,6,6,6,6,6,5,1,0,0,0,1,4,4,4,3,2,5,6,6,6,6,6,0,0,0,0,0,0,0,0,0,5,6,6,6,6,2,0,0,0,0,0,0,0,0,3,6,6,6,6,6,0,0,0,0,0,0,0,1,3,6,6,6,6,6,3,0,0,0,0,0,0,3,6,6,6,6,6,5,1,0,0,0,0,0,0,5,6,6,6,6,6,3,0,0,0,0,0,0,0,2,6,6,6,6,5,1,0,0,0,0,0,0,0,0,1,4,4,4,3,0,0,0,0,0,0,0,4,"mfeat-pixel","att60",0.9
0,0,2,6,6,6,6,5,5,6,6,6,5,0,0,0,0,0,3,6,6,4,6,6,6,6,6,6,2,0,0,0,0,0,0,0,0,1,6,6,6,6,6,2,0,0,0,0,0,0,0,0,3,6,6,6,3,1,0,-1.71,0,0,0,0,0,0,0,5,6,6,6,0,0,0,0,0,0,0,0,0,0,3,6,6,6,6,0,0,0,0,0,0,0,0,3,4,6,6,6,6,6,1,0,0,0,0,0,0,4,6,6,6,6,6,6,6,6,3,0,0,0,0,0,6,6,6,5,2,3,6,6,6,6,2,0,0,0,0,3,4,2,0,0,0,4,6,6,6,6,2,0,0,0,0,0,0,0,0,0,2,6,6,6,6,6,0,0,0,0,0,0,0,0,0,0,1,6,6,6,3,0,0,0,0,0,0,0,0,0,0,3,6,6,6,5,1,2,2,2,2,3,3,3,4,6,6,6,6,6,3,6,6,6,6,6,6,6,6,6,6,6,6,6,6,5,3,4,4,4,4,4,4,4,4,4,4,4,3,1,0,4,"mfeat-pixel","att60",0.9
0,3,4,4,4,4,4,6,6,6,6,6,5,0,0,2,6,6,6,6,6,6,6,6,6,6,6,3,0,0,0,1,5,6,6,6,6,6,6,6,5,1,0,0,0,0,0,0,0,0,4,6,6,6,6,2,0,0,0,3.03,0,0,0,0,0,5,6,6,6,6,1,0,0,0,0,0,0,0,0,1,6,6,6,6,6,6,4,3,0,0,0,0,0,2,6,6,6,6,6,6,6,6,6,5,1,0,0,0,1,5,6,6,1,0,3,6,6,6,6,5,0,0,0,0,0,2,1,0,0,0,2,6,6,6,6,0,0,0,0,0,0,0,0,0,0,0,4,6,6,6,0,0,0,0,0,0,0,0,0,0,0,3,6,6,6,0,0,0,0,2,0,0,0,0,0,0,3,6,6,6,0,0,0,4,6,6,5,1,0,0,0,5,6,6,6,0,0,2,6,6,6,6,6,3,2,5,6,6,6,3,0,0,0,1,3,6,6,6,6,6,6,6,6,3,0,0,0,0,0,0,0,1,3,4,4,4,4,4,0,0,4,"mfeat-pixel","att60",0.9
0,3,6,6,5,5,6,4,4,4,5,6,6,4,1,0,3,5,6,6,6,6,6,6,6,6,6,6,5,1,0,0,0,0,0,1,6,6,6,6,6,5,2,0,0,0,0,0,0,0,1,6,6,6,6,5,0,0,0,-1.42,0,0,0,0,0,5,6,6,6,6,5,1,0,0,0,0,0,0,0,3,6,6,6,6,6,6,6,3,0,0,0,0,0,0,6,6,6,6,6,6,6,6,6,0,0,0,0,0,0,1,3,4,5,6,6,6,6,6,4,0,0,0,0,0,0,0,0,0,3,6,6,6,6,6,3,0,0,0,0,0,0,0,0,0,3,6,6,6,6,0,0,0,0,0,0,0,0,0,0,3,6,6,6,6,0,0,0,0,0,0,0,0,0,0,3,6,6,6,6,0,1,5,6,4,2,0,0,0,0,4,6,6,6,4,0,1,6,6,6,6,5,2,3,5,6,6,6,5,0,0,0,4,6,6,6,6,6,6,6,6,6,3,0,0,0,0,0,3,4,4,4,4,4,4,2,0,0,0,0,0,4,"mfeat-pixel","att60",0.9
3,6,4,5,6,6,6,6,6,6,6,6,6,2,0,6,6,6,6,6,6,6,6,6,6,6,6,6,1,0,1,3,4,4,4,6,6,6,6,6,6,5,1,0,0,0,0,0,0,0,3,6,6,6,6,6,3,0,0,3.74,0,0,0,0,1,6,6,6,6,6,6,4,0,0,0,0,0,1,4,6,6,6,6,6,6,6,6,6,5,0,0,3,6,6,6,6,6,6,6,6,6,6,6,6,1,0,3,4,6,6,5,4,4,5,6,6,6,6,6,5,0,0,0,0,0,0,0,0,0,6,6,6,6,6,6,0,0,0,0,0,0,0,0,0,6,6,6,6,6,6,0,0,0,0,0,0,0,0,0,3,6,6,6,6,6,0,0,0,0,0,0,0,0,0,5,6,6,6,6,6,0,1,3,4,3,1,0,2,5,6,6,6,6,6,5,5,6,6,6,6,6,6,6,6,6,6,6,6,3,0,2,6,6,6,6,6,6,6,6,6,6,4,1,0,0,0,3,4,4,4,4,4,4,4,3,1,0,0,0,0,4,"mfeat-pixel","att60",0.9
2,6,6,5,2,0,0,0,0,0,0,0,0,0,0,5,6,6,6,6,6,4,2,0,0,0,0,2,4,3,2,6,6,6,6,6,6,6,6,4,4,6,6,6,6,0,0,0,2,4,4,6,6,6,6,6,6,6,6,3.19,0,0,0,0,0,0,0,3,6,6,6,6,6,4,0,0,0,0,0,0,0,0,2,6,6,6,6,6,3,0,0,0,0,0,0,0,1,5,6,6,6,6,6,6,2,0,0,0,0,0,1,6,6,6,6,6,6,6,6,3,0,0,0,0,0,5,6,6,4,0,3,6,6,6,6,0,0,0,0,0,0,2,2,0,0,0,3,6,6,6,0,0,0,0,0,0,0,0,0,0,0,3,6,6,6,0,0,2,2,0,0,0,0,0,0,0,5,6,6,3,1,5,6,6,4,0,0,0,0,0,4,6,6,6,3,3,6,6,6,6,6,4,2,2,5,6,6,6,6,3,0,2,5,6,6,6,6,6,6,6,6,6,6,3,0,0,0,0,1,4,4,4,4,4,4,4,4,1,0,0,4,"mfeat-pixel","att60",0.9
6,6,6,6,6,6,6,6,6,6,6,5,1,0,0,6,6,6,6,6,6,6,6,6,6,6,6,6,0,0,3,4,4,4,4,4,4,5,6,6,6,6,4,0,0,0,0,0,0,0,0,0,5,6,6,6,5,0,0,-0.38,0,0,0,0,0,0,3,6,6,6,6,1,0,0,0,0,0,0,0,1,5,6,6,6,6,6,6,6,5,1,0,0,0,1,6,6,6,6,6,6,6,6,6,6,6,0,0,0,1,5,6,6,5,4,5,6,6,6,6,6,0,0,0,0,0,2,1,0,0,3,6,6,6,6,4,0,0,0,0,0,0,0,0,1,6,6,6,6,4,0,0,0,0,0,0,0,1,5,6,6,6,6,3,0,0,0,0,0,0,0,1,6,6,6,6,5,1,0,0,0,0,0,0,1,5,6,6,6,6,3,0,0,0,0,0,0,0,3,6,6,6,6,5,1,0,0,0,0,0,0,0,5,6,6,6,6,5,0,0,0,0,0,0,0,0,0,4,4,4,4,4,1,0,0,0,0,0,0,0,0,4,"mfeat-pixel","att60",0.9
0,0,0,0,2,4,4,6,6,5,1,0,0,0,0,5,6,6,6,6,6,6,6,6,6,3,0,0,0,0,6,6,6,6,6,6,6,6,6,6,2,0,0,0,0,1,2,2,2,2,4,6,6,6,4,0,0,0,0,0.37,0,0,0,0,1,6,6,6,6,6,4,1,0,0,0,0,0,0,0,5,6,6,6,6,6,6,6,3,0,0,0,0,0,0,6,6,6,6,6,6,6,6,6,3,0,0,0,1,5,6,6,5,2,2,3,6,6,6,6,1,0,0,3,6,6,3,0,0,0,0,3,6,6,6,4,0,0,0,2,0,0,0,0,0,0,1,6,6,6,6,0,0,0,0,0,0,0,0,0,0,0,6,6,6,4,0,0,0,0,0,0,0,0,0,0,1,6,6,6,2,0,0,0,0,2,2,2,0,1,4,6,6,6,3,0,0,0,2,6,6,6,6,6,6,6,6,6,3,0,0,0,0,3,6,6,6,6,6,6,6,5,1,0,0,0,0,0,0,3,4,4,4,4,4,2,0,0,0,0,0,4,"mfeat-pixel","att60",0.9
3,6,4,4,4,4,4,4,4,4,4,3,0,0,0,5,6,5,3,2,2,3,6,6,6,6,6,3,0,0,0,0,0,0,0,0,1,6,6,6,6,3,0,0,0,0,0,0,0,1,3,6,6,6,6,5,0,0,0,-0.09,0,0,0,3,6,6,6,6,6,6,5,2,1,0,0,0,0,3,6,6,6,6,6,6,6,6,6,6,3,0,0,0,1,4,4,4,4,2,5,6,6,6,6,6,3,0,0,0,0,0,0,0,0,0,4,6,6,6,6,4,0,0,0,0,0,0,0,0,1,5,6,6,6,4,0,0,0,0,0,0,0,1,5,6,6,6,6,3,0,0,0,0,0,0,0,3,6,6,6,6,5,1,0,0,0,0,0,0,2,5,6,6,6,4,1,0,0,0,0,0,0,0,5,6,6,6,5,1,0,0,0,0,0,0,0,0,1,6,6,6,5,0,0,0,0,0,0,0,0,0,1,6,6,6,6,0,0,0,0,0,0,0,0,0,0,2,4,4,4,3,0,0,0,0,0,0,0,0,0,0,4,"mfeat-pixel","att60",0.9
5,6,6,6,6,6,6,6,6,6,2,0,0,0,0,1,2,2,5,6,6,6,6,6,5,1,0,0,0,0,0,0,0,0,4,6,6,6,6,4,0,0,0,0,0,0,0,0,0,4,6,6,6,6,6,5,2,2,0,-0.83,0,0,0,2,6,6,6,6,6,6,6,6,6,5,0,0,0,0,3,6,6,6,6,4,4,6,6,6,6,0,0,0,0,3,6,6,6,2,0,0,3,6,6,6,2,0,0,0,0,2,2,1,0,0,0,3,6,6,6,2,0,0,0,0,0,0,0,0,0,0,3,6,6,6,2,0,0,0,0,0,0,0,0,0,0,6,6,6,6,2,0,0,0,0,0,0,0,0,0,1,6,6,6,5,0,0,0,0,0,0,0,0,0,0,2,6,6,6,1,0,0,0,3,5,5,1,0,0,0,1,6,6,6,3,0,0,0,6,6,6,6,3,1,0,4,6,6,6,3,0,0,0,5,6,6,6,6,6,6,6,6,6,6,3,0,0,0,0,2,4,4,4,4,4,4,4,4,3,0,0,4,"mfeat-pixel","att60",0.9
2,6,6,6,6,6,6,5,4,5,6,6,5,0,0,0,2,2,2,2,2,5,6,6,6,6,6,5,0,0,0,0,0,0,0,0,4,6,6,5,2,2,0,0,0,0,0,0,0,1,5,6,6,6,4,0,0,0,0,-0.8,0,0,0,1,5,6,6,6,6,6,6,6,3,0,0,0,0,2,6,6,6,6,6,6,6,6,6,6,0,0,0,0,1,5,6,6,6,4,2,5,6,6,6,4,0,0,0,0,0,0,0,0,0,0,3,6,6,6,6,4,0,0,0,0,0,0,0,0,0,2,6,6,6,6,4,0,0,0,0,0,0,0,0,0,0,4,6,6,6,1,0,0,0,0,0,0,0,0,0,3,6,6,6,6,3,0,0,0,0,0,0,0,0,0,5,6,6,6,6,1,0,0,0,0,0,0,0,0,1,6,6,6,6,4,0,1,5,5,1,0,0,0,3,6,6,6,6,5,0,0,5,6,6,6,6,6,6,6,6,6,6,3,0,0,0,1,4,4,4,4,4,4,4,4,2,0,0,0,0,0,4,"mfeat-pixel","att60",0.9
0,0,0,3,6,6,6,4,4,2,2,4,4,1,0,0,0,2,6,6,6,6,6,6,6,6,6,6,5,1,0,0,0,5,6,6,6,6,6,6,6,6,6,6,3,0,0,0,0,0,0,0,1,5,6,6,6,6,5,1.22,0,0,0,0,0,0,0,1,5,6,6,6,5,1,0,0,0,0,0,0,0,1,5,6,6,6,6,0,0,0,0,0,0,0,1,4,6,6,6,6,6,6,1,0,0,0,0,0,1,6,6,6,6,6,6,6,6,3,0,0,0,0,0,5,6,6,6,6,6,6,6,6,5,0,0,0,0,0,5,6,6,5,4,6,6,6,6,6,2,0,0,0,0,0,2,2,0,0,3,6,6,6,6,0,0,0,2,1,0,0,0,0,0,4,6,6,6,4,0,0,5,6,6,5,4,4,4,5,6,6,6,5,1,0,0,6,6,6,6,6,6,6,6,6,6,4,0,0,0,0,6,6,6,6,6,6,6,6,5,2,0,0,0,0,0,1,4,4,4,4,4,4,4,1,0,0,0,0,0,0,4,"mfeat-pixel","att60",0.9
0,3,4,4,4,4,4,4,5,5,4,3,0,0,0,5,6,6,6,6,6,6,6,6,6,6,6,3,0,0,1,2,2,3,5,6,6,6,6,6,6,3,0,0,0,0,0,0,0,1,6,6,6,6,5,1,0,0,0,1.65,0,0,0,3,6,6,6,6,4,0,0,0,0,0,0,0,0,4,6,6,6,6,6,6,4,4,1,0,0,0,0,0,6,6,6,6,6,6,6,6,6,6,5,1,0,0,3,6,6,6,6,6,4,6,6,6,6,6,6,0,0,0,2,4,4,3,0,0,1,6,6,6,6,6,2,0,0,0,0,0,0,0,0,0,3,6,6,6,6,2,0,0,0,0,0,0,0,0,0,1,6,6,6,6,0,0,0,0,0,0,0,0,0,0,3,6,6,6,6,0,0,0,0,0,0,0,0,0,0,4,6,6,6,6,0,0,0,0,1,2,2,2,4,6,6,6,6,6,5,0,0,0,0,6,6,6,6,6,6,6,6,6,6,3,0,0,0,0,3,4,4,4,4,4,4,4,4,3,0,0,4,"mfeat-pixel","att60",0.9
2,6,6,6,6,6,6,6,6,6,4,3,0,0,0,6,6,6,6,6,6,6,6,6,6,6,6,0,0,0,1,4,4,4,4,4,6,6,6,6,6,6,0,0,0,0,0,0,0,0,0,3,6,6,6,6,6,0,0,3.65,0,0,0,0,2,2,5,6,6,6,6,6,5,1,0,0,0,0,5,6,6,6,6,6,6,6,6,6,6,3,0,0,0,3,6,6,6,6,3,2,5,6,6,6,6,0,0,0,0,1,2,2,0,0,0,0,6,6,6,6,0,0,0,0,0,0,0,0,0,0,2,6,6,6,4,0,0,0,0,0,0,0,0,0,1,5,6,6,6,3,0,0,0,0,0,0,0,0,0,6,6,6,6,6,2,0,0,0,0,0,0,0,0,2,6,6,6,6,3,0,0,0,0,0,0,0,0,1,6,6,6,5,1,0,0,0,0,0,0,0,0,1,6,6,6,5,1,0,0,0,0,0,0,0,0,0,4,6,6,6,1,0,0,0,0,0,0,0,0,0,0,3,4,4,3,0,0,0,0,0,4,"mfeat-pixel","att60",0.9
0,0,5,6,6,6,6,6,4,4,5,6,5,4,1,0,0,3,6,6,6,6,6,6,6,6,6,6,6,2,0,0,0,0,1,3,6,6,6,6,6,5,2,0,0,0,0,0,0,0,1,6,6,6,6,4,0,0,0,-3.36,0,0,0,0,3,6,6,6,6,6,6,4,1,0,0,0,0,0,4,6,6,6,6,6,6,6,6,4,0,0,0,0,0,5,6,5,3,2,3,5,6,6,6,3,0,0,0,0,0,2,0,0,0,0,0,4,6,6,6,2,0,0,0,0,0,0,0,0,0,0,1,6,6,6,3,0,0,0,0,0,0,0,0,0,0,2,6,6,6,3,1,4,4,2,0,0,0,0,0,0,3,6,6,6,6,3,6,6,6,4,0,0,0,0,0,4,6,6,6,6,3,6,6,6,6,4,0,0,0,1,6,6,6,6,4,2,6,6,6,6,6,5,4,4,6,6,6,6,6,3,0,1,5,6,6,6,6,6,6,6,6,6,6,3,0,0,0,0,1,4,4,4,4,4,4,4,4,1,0,0,4,"mfeat-pixel","att60",0.9
1,5,6,6,6,6,6,6,6,6,6,6,6,2,0,2,6,6,6,6,6,6,6,6,6,6,6,5,1,0,0,1,2,4,6,6,6,6,6,6,6,4,0,0,0,0,0,0,0,0,6,6,6,6,6,6,6,3,1,-1.9,0,0,0,0,2,6,6,6,6,6,6,6,6,6,3,0,0,0,0,6,6,6,6,6,6,6,6,6,6,5,0,0,0,0,5,6,6,5,4,6,6,6,6,6,3,0,0,0,0,0,3,3,0,0,6,6,6,6,6,2,0,0,0,0,0,0,0,0,3,6,6,6,6,3,0,0,0,0,0,0,0,2,5,6,6,6,5,1,0,0,0,0,0,0,0,5,6,6,6,6,6,3,0,0,0,0,0,0,0,4,6,6,6,6,6,6,3,0,0,0,0,0,0,0,5,6,6,6,6,6,5,0,0,0,0,0,0,0,0,0,3,4,4,4,3,0,0,0,0,0,0,0,0,0,0,3,6,3,0,0,0,0,0,0,0,0,0,0,0,0,4,4,4,0,0,0,0,0,0,0,4,"mfeat-pixel","att60",0.9
2,6,6,5,4,5,6,6,4,4,3,0,0,0,0,0,2,4,4,4,4,6,6,6,6,5,0,0,0,0,0,0,0,0,0,0,4,6,6,6,3,0,0,0,0,0,0,0,0,0,1,6,6,6,5,0,0,0,0,1.73,0,0,0,0,1,5,6,6,6,5,0,0,0,0,0,0,0,0,0,4,6,6,6,6,6,5,0,0,0,0,0,0,0,2,6,6,6,6,6,6,6,5,1,0,0,0,0,1,5,6,6,6,1,0,3,6,6,6,0,0,0,0,5,6,6,6,5,0,0,0,4,6,6,4,0,0,0,0,1,2,1,0,0,0,0,3,6,6,6,0,0,0,0,0,0,0,0,0,0,0,0,6,6,6,1,0,1,4,3,0,0,0,0,0,0,1,6,6,6,2,0,6,6,6,5,1,0,0,0,0,3,6,6,6,0,0,4,6,6,6,3,0,0,0,1,5,6,6,6,0,0,0,5,6,6,5,2,4,4,6,6,6,6,2,0,0,0,0,2,4,4,4,4,4,4,4,4,3,0,0,4,"mfeat-pixel","att60",0.9
1,5,6,4,2,2,2,2,2,2,4,6,5,0,0,6,6,6,6,6,6,6,6,6,6,6,6,5,0,0,3,4,4,4,4,4,5,6,6,6,6,4,0,0,0,0,0,0,0,0,0,0,4,6,6,6,0,0,0,-0.55,0,0,0,0,0,0,3,6,6,6,6,2,0,0,0,0,0,0,0,2,5,6,6,6,6,6,4,0,0,0,0,0,1,5,6,6,6,6,6,6,6,6,6,5,1,0,0,1,5,6,6,5,3,2,2,5,6,6,6,5,0,0,0,1,4,2,0,0,0,0,0,4,6,6,3,0,0,0,0,0,0,0,0,0,0,0,6,6,6,5,0,0,0,0,0,0,0,0,0,0,0,6,6,6,1,0,0,0,0,0,0,0,0,0,0,4,6,6,6,0,0,0,0,0,0,0,0,0,1,5,6,6,6,4,0,3,5,6,6,4,2,2,4,6,6,6,6,5,0,0,6,6,6,6,6,6,6,6,6,6,4,2,0,0,0,1,2,2,2,4,4,4,3,2,0,0,0,0,0,0,4,"mfeat-pixel","att60",0.9
2,6,6,6,4,2,2,2,1,0,0,0,0,0,0,1,5,6,6,6,6,6,6,6,6,6,6,6,2,0,0,0,0,0,2,1,0,4,6,6,6,6,4,0,0,0,0,0,0,0,0,0,5,6,6,6,3,0,0,-0.54,0,0,0,0,0,1,5,6,6,6,6,0,0,0,0,0,0,0,0,2,6,6,6,6,6,6,5,4,3,0,0,0,0,0,5,6,6,6,6,6,6,6,6,6,4,0,0,0,2,6,6,5,3,0,1,3,6,6,6,6,0,0,0,0,3,3,0,0,0,0,0,6,6,6,6,0,0,0,0,0,0,0,0,0,0,0,5,6,6,6,0,0,0,0,0,0,0,0,0,0,0,1,6,6,6,5,6,6,5,1,0,0,0,0,0,1,6,6,6,6,6,6,6,6,6,2,0,0,0,2,6,6,6,6,4,4,6,6,6,6,5,2,0,0,4,6,6,6,6,0,0,3,6,6,6,6,6,6,6,6,6,6,6,5,0,0,0,1,4,4,4,4,4,4,4,4,4,3,0,0,4,"mfeat-pixel","att60",0.9
0,3,4,4,6,6,5,4,5,6,6,6,5,0,0,5,6,6,6,6,6,6,6,6,6,6,6,3,0,0,6,6,6,6,6,6,6,6,6,6,6,3,0,0,0,1,2,0,0,0,4,6,6,6,6,6,1,0,0,-0.66,0,0,0,0,1,5,6,6,6,6,6,5,0,0,0,0,0,0,3,6,6,6,6,6,6,6,6,4,0,0,0,0,1,6,6,6,6,6,6,6,6,6,6,4,0,0,0,1,5,6,6,4,4,4,6,6,6,6,6,2,0,0,0,0,0,0,0,0,0,3,6,6,6,6,3,0,0,0,0,0,0,0,0,0,3,6,6,6,6,3,0,0,0,0,0,0,0,0,0,3,6,6,6,6,1,0,0,0,0,0,0,0,0,1,6,6,6,6,2,0,0,1,2,2,2,0,0,1,5,6,6,6,6,0,0,0,6,6,6,6,5,4,6,6,6,6,6,1,0,0,0,1,5,6,6,6,6,6,6,6,6,5,0,0,0,0,0,0,1,4,4,4,4,4,2,0,0,0,0,0,4,"mfeat-pixel","att60",0.9
3,4,4,5,5,4,4,4,4,4,4,4,4,4,3,5,6,6,6,6,6,6,6,6,6,6,6,6,6,6,0,2,2,2,2,2,2,5,6,6,6,6,6,5,1,0,0,0,0,0,0,0,4,6,6,6,5,2,0,-1.65,0,0,0,0,0,3,5,6,6,6,3,0,0,0,0,0,0,0,0,3,6,6,6,6,3,0,0,0,0,0,0,0,0,1,6,6,6,6,6,6,3,0,0,0,0,0,0,3,6,6,6,6,6,6,6,6,6,3,0,0,0,0,3,4,4,4,5,6,6,6,6,6,6,2,0,0,0,0,0,0,0,0,3,6,6,6,6,6,3,0,0,0,0,0,0,0,0,0,6,6,6,6,6,4,0,0,2,0,0,0,0,0,0,6,6,6,6,6,6,0,5,6,6,3,0,0,0,1,6,6,6,6,6,6,0,6,6,6,6,5,2,3,6,6,6,6,6,6,5,0,4,6,6,6,6,6,6,6,6,6,6,5,3,0,0,0,3,4,4,4,4,4,4,4,4,2,0,0,0,0,4,"mfeat-pixel","att60",0.9
0,0,3,6,6,4,4,4,6,6,4,4,6,3,0,0,0,5,6,6,6,6,6,6,6,6,6,6,5,0,0,0,0,0,0,0,1,6,6,6,6,6,3,0,0,0,0,0,0,0,1,5,6,6,6,5,1,0,0,0.71,0,0,0,0,3,6,6,6,6,6,4,0,0,0,0,0,0,0,1,6,6,6,6,6,6,6,6,6,3,0,0,0,0,2,6,6,6,6,6,6,6,6,6,6,0,0,0,0,0,1,2,2,0,0,1,6,6,6,6,1,0,0,0,0,0,0,0,0,0,1,6,6,6,6,3,0,0,0,0,0,0,0,3,5,6,6,6,6,3,0,0,0,0,0,0,1,5,6,6,6,6,5,1,0,0,0,0,0,0,3,6,6,6,6,3,1,0,0,0,0,0,0,1,5,6,6,6,5,1,0,0,0,0,0,0,0,3,6,6,6,6,3,0,0,0,0,0,0,0,0,5,6,6,6,5,1,0,0,0,0,0,0,0,0,0,4,4,4,3,0,0,0,0,0,0,0,0,0,0,0,4,"mfeat-pixel","att60",0.9
3,4,5,6,5,5,6,6,6,6,6,6,2,0,0,3,4,6,6,6,6,6,6,6,6,6,5,1,0,0,0,0,0,0,0,0,3,6,6,6,6,0,0,0,0,0,0,0,0,0,0,0,6,6,6,6,0,0,0,-0.66,0,0,0,0,0,0,0,6,6,6,6,3,0,0,0,0,0,0,0,0,0,3,6,6,6,6,6,5,1,0,0,0,0,0,0,0,5,6,6,6,6,6,6,6,2,0,0,0,0,0,0,4,6,6,6,6,6,6,6,6,0,0,0,0,0,0,1,4,4,2,3,6,6,6,6,0,0,0,0,0,0,0,0,0,0,0,5,6,6,6,0,0,0,0,0,0,0,0,0,0,0,3,6,6,6,0,0,0,0,0,0,0,0,0,0,0,2,6,6,6,0,0,0,0,0,0,0,0,0,0,0,2,6,6,6,0,0,0,0,1,4,4,4,1,0,0,6,6,6,4,0,0,0,0,2,6,6,6,6,4,5,6,6,6,3,0,0,0,0,0,1,4,4,4,4,4,4,4,4,1,4,"mfeat-pixel","att60",0.9
0,5,6,6,6,6,6,6,6,6,6,6,6,6,2,0,3,5,6,6,6,6,6,6,6,6,6,6,5,1,0,0,0,0,0,3,6,6,6,6,6,3,0,0,0,0,0,0,0,3,6,6,6,6,6,3,0,0,0,-0.79,0,0,1,5,6,6,6,6,6,0,1,1,0,0,0,0,2,6,6,6,6,6,6,6,6,6,6,5,1,0,2,6,6,6,6,6,6,6,6,6,6,6,6,6,2,2,6,6,6,6,4,4,4,4,4,6,6,6,6,6,0,1,2,2,0,0,0,0,0,0,3,6,6,6,6,0,0,0,0,0,0,0,0,0,1,6,6,6,6,2,0,0,0,0,0,0,0,1,3,6,6,6,6,5,0,0,0,0,0,0,1,4,6,6,6,5,2,2,0,0,0,0,0,0,1,6,6,6,6,6,2,0,0,0,0,0,0,0,1,6,6,6,6,6,3,0,0,0,0,0,0,0,0,5,6,6,6,6,1,0,0,0,0,0,0,0,0,0,3,4,4,4,4,0,0,0,0,0,0,0,4,"mfeat-pixel","att60",0.9
0,5,6,6,6,6,6,6,6,6,6,2,0,0,0,0,3,4,4,4,6,6,6,6,6,3,0,0,0,0,0,0,0,0,0,4,6,6,6,5,0,0,0,0,0,0,0,0,2,6,6,6,6,6,3,0,0,0,0,1.45,0,0,0,4,6,6,6,6,6,6,3,1,0,0,0,0,0,5,6,6,6,6,6,6,6,6,6,5,1,0,0,0,6,6,6,6,6,6,6,6,6,6,6,5,0,0,0,6,6,6,6,6,5,2,3,6,6,6,6,0,0,0,5,5,4,4,2,0,0,1,6,6,6,6,0,0,0,0,0,0,0,0,0,0,3,6,6,6,6,0,0,0,0,0,0,0,0,0,0,1,6,6,6,6,2,0,0,0,0,0,0,0,0,0,2,6,6,6,6,3,2,6,6,3,0,0,0,0,0,1,6,6,6,6,5,2,6,6,6,5,0,0,0,0,5,6,6,6,6,2,0,3,6,6,6,5,2,2,3,6,6,6,4,3,0,0,0,0,0,1,4,4,4,4,4,4,1,0,0,0,4,"mfeat-pixel","att60",0.9
0,2,6,6,6,6,6,6,6,6,6,6,6,3,0,0,0,2,4,4,4,4,6,6,6,6,6,6,3,0,0,0,0,0,0,0,0,4,6,6,6,5,1,0,0,0,0,0,0,0,1,5,6,6,6,6,1,0,0,1.54,0,0,0,0,3,6,6,6,6,6,6,5,1,0,0,0,0,1,5,6,6,6,6,6,6,6,6,6,3,0,0,2,6,6,6,6,6,5,3,3,6,6,6,6,1,0,2,6,6,6,5,2,0,0,0,2,6,6,6,5,0,0,1,4,1,0,0,0,0,0,0,6,6,6,6,0,0,0,0,0,0,0,0,0,0,0,6,6,6,6,0,0,0,0,0,0,0,0,0,0,0,6,6,6,6,1,2,0,0,0,0,0,0,0,0,4,6,6,6,4,6,6,6,5,1,0,0,0,0,0,6,6,6,6,0,5,6,6,6,5,1,0,0,0,1,6,6,6,6,0,0,3,6,6,6,6,4,4,4,6,6,6,6,6,0,0,0,1,4,4,4,4,4,4,4,4,4,4,1,0,4,"mfeat-pixel","att60",0.9
0,0,3,6,6,6,4,4,4,4,3,0,0,0,0,1,5,6,6,6,6,6,6,6,6,6,5,0,0,0,2,6,6,6,6,6,6,6,6,6,6,6,0,0,0,0,3,4,4,4,5,6,6,6,6,6,6,0,0,-3.51,0,0,0,0,0,0,6,6,6,6,6,6,0,0,0,0,0,0,0,0,1,6,6,6,6,6,6,5,1,0,0,0,0,0,2,6,6,6,6,6,6,6,6,5,1,0,0,0,3,6,6,6,6,6,6,6,6,6,6,6,0,0,2,6,6,6,6,6,4,2,5,6,6,6,6,0,0,5,6,6,6,3,1,0,0,4,6,6,6,6,0,0,0,3,3,0,0,0,0,0,4,6,6,6,5,0,0,0,0,0,0,0,0,0,3,6,6,6,6,1,0,0,0,1,3,3,2,3,5,6,6,6,6,6,0,0,0,5,6,6,6,6,6,6,6,6,6,6,3,0,0,0,5,6,6,6,6,6,6,6,6,3,1,0,0,0,0,0,3,4,4,4,4,4,3,0,0,0,0,0,4,"mfeat-pixel","att60",0.9
0,0,0,1,4,5,5,4,4,2,2,2,2,4,1,0,0,0,5,6,6,6,6,6,6,6,6,6,6,6,0,0,2,6,6,6,6,6,6,6,6,6,6,6,3,0,0,0,0,0,0,1,5,6,6,6,6,3,0,-0.01,0,0,0,0,0,0,2,5,6,6,6,6,0,0,0,0,0,0,0,1,5,6,6,6,6,6,6,4,0,0,0,0,0,1,6,6,6,6,6,6,6,6,6,2,0,0,0,0,1,5,6,6,4,6,6,6,6,6,5,0,0,0,0,0,0,2,0,0,0,3,6,6,6,6,3,0,0,0,0,0,0,0,0,0,2,6,6,6,6,3,0,0,0,0,0,0,0,0,0,3,6,6,6,6,1,0,0,0,0,0,0,0,0,2,6,6,6,6,2,0,2,6,4,2,0,0,0,3,6,6,6,6,2,0,0,3,6,6,6,5,4,6,6,6,6,6,3,0,0,0,0,3,6,6,6,6,6,6,6,6,2,0,0,0,0,0,0,1,4,4,4,4,4,4,1,0,0,0,0,0,4,"mfeat-pixel","att60",0.9
0,0,5,6,6,6,6,6,6,6,5,0,0,0,0,0,0,1,4,4,5,6,6,6,6,6,0,0,0,0,0,0,0,0,0,0,6,6,6,6,6,3,0,0,0,0,0,0,0,0,4,6,6,6,6,6,5,1,0,0.55,0,0,0,0,5,6,6,6,6,6,6,6,6,0,0,0,0,0,0,6,6,6,6,6,6,6,6,6,5,1,0,0,0,5,6,6,6,3,2,5,6,6,6,6,2,0,0,0,3,6,5,1,0,0,3,6,6,6,6,0,0,0,0,0,0,0,0,0,0,3,6,6,6,6,0,0,0,0,0,0,0,0,0,0,6,6,6,6,4,0,0,0,0,0,0,0,0,0,1,6,6,6,6,0,0,0,0,0,0,0,0,0,0,3,6,6,6,6,0,0,0,3,4,6,4,1,0,0,6,6,6,6,5,0,0,2,6,6,6,6,6,4,5,6,6,6,6,1,0,0,5,6,6,6,6,6,6,6,6,6,5,1,0,0,0,0,1,3,4,4,4,4,4,2,0,0,0,0,0,0,4,"mfeat-pixel","att60",0.9
5,6,6,4,6,5,4,4,3,0,0,0,0,0,0,5,6,6,6,6,6,6,6,6,5,1,0,0,0,0,0,0,1,6,6,6,6,6,6,6,6,0,0,0,0,0,0,0,4,6,6,6,6,6,6,6,4,0,0,-2.5,0,0,5,6,6,6,6,6,6,6,6,6,4,0,0,1,5,6,6,6,6,6,6,6,6,6,6,6,0,0,1,5,6,6,6,6,6,6,6,6,6,6,6,0,0,0,0,2,2,2,2,2,5,6,6,6,6,6,0,0,0,0,0,0,0,0,0,1,6,6,6,6,6,2,0,0,0,0,0,0,0,0,0,3,6,6,6,6,6,0,0,0,0,0,0,0,0,1,6,6,6,6,6,6,0,0,0,0,0,0,0,0,2,6,6,6,6,6,6,0,0,3,4,4,4,3,1,1,6,6,6,6,6,6,1,0,6,6,6,6,6,6,6,6,6,6,6,6,6,2,0,1,5,6,6,6,6,6,6,6,6,6,4,1,0,0,0,0,1,4,4,4,4,4,4,4,1,0,0,0,4,"mfeat-pixel","att60",0.9
0,5,6,5,4,4,3,2,3,4,4,1,0,0,0,0,1,4,6,6,6,6,6,6,6,6,2,0,0,0,0,0,0,0,2,5,6,6,6,6,3,0,0,0,0,0,0,0,0,0,5,6,6,6,6,1,0,0,0,-1.69,0,0,0,0,5,6,6,6,6,6,3,2,1,0,0,0,0,0,0,6,6,6,6,6,6,6,6,6,2,0,0,0,0,4,6,6,6,5,2,5,6,6,6,6,1,0,0,2,6,6,5,3,0,0,2,6,6,6,6,5,0,0,0,0,0,0,0,0,0,0,6,6,6,6,3,0,0,0,0,0,0,0,0,0,0,6,6,6,6,5,0,0,0,0,0,0,0,0,0,0,4,6,6,6,3,1,4,4,3,0,0,0,0,0,1,6,6,6,6,2,6,6,6,6,3,0,0,0,0,3,6,6,6,6,0,4,6,6,6,5,2,2,2,2,5,6,6,6,4,0,0,3,6,6,6,6,6,6,6,6,6,6,5,0,0,0,0,0,0,2,4,4,4,4,4,4,2,0,0,0,4,"mfeat-pixel","att60",0.9
3,6,6,4,4,5,6,6,5,4,3,0,0,0,0,5,6,6,5,3,3,6,6,6,6,6,3,0,0,0,0,0,0,0,0,3,6,6,6,5,2,0,0,0,0,0,0,0,0,5,6,6,6,6,1,0,0,0,0,-1.54,0,0,0,5,6,6,6,6,6,6,6,4,3,0,0,0,0,5,6,6,6,6,6,6,6,6,6,6,4,0,0,0,6,6,6,6,5,2,2,5,6,6,6,6,1,0,0,6,6,6,3,0,0,0,0,4,6,6,6,3,0,0,1,1,0,0,0,0,0,2,6,6,6,6,1,0,0,0,0,0,0,0,0,0,3,6,6,6,6,0,0,0,0,0,0,0,0,0,0,5,6,6,6,5,0,0,0,0,0,0,0,0,0,3,6,6,6,6,1,0,0,0,0,0,0,0,0,0,4,6,6,6,6,0,0,0,0,0,2,2,2,2,5,6,6,6,6,4,0,0,0,0,3,6,6,6,6,6,6,6,6,4,0,0,0,0,0,1,4,4,4,4,4,4,4,3,0,0,0,0,4,"mfeat-pixel","att60",0.9
1,5,6,6,4,4,5,6,6,5,4,4,3,0,0,2,6,6,6,6,6,6,6,6,6,6,6,6,5,0,0,0,0,1,2,2,0,3,6,6,6,6,6,4,0,0,0,0,0,0,0,0,0,6,6,6,6,6,0,-2.44,0,0,0,0,0,0,0,5,6,6,6,6,3,0,0,0,0,0,0,0,0,4,6,6,6,6,3,0,0,0,0,0,0,0,0,3,6,6,6,6,1,0,0,0,0,0,0,0,0,5,6,6,6,6,6,3,1,0,0,0,0,0,0,0,3,5,6,6,6,6,6,6,5,3,0,0,0,0,0,0,0,0,2,4,6,6,6,6,6,5,0,0,0,0,0,0,0,0,0,3,6,6,6,6,6,0,0,0,0,0,0,0,0,0,0,4,6,6,6,6,0,0,0,0,0,0,0,0,0,1,5,6,6,6,5,0,0,0,0,0,2,2,0,3,6,6,6,6,6,1,0,2,6,6,6,6,6,6,6,6,6,6,6,5,0,0,1,4,4,4,4,4,4,4,4,4,4,3,0,0,4,"mfeat-pixel","att60",0.9
0,3,3,2,2,2,2,4,6,6,5,1,0,0,0,4,6,6,6,6,6,6,6,6,6,6,5,0,0,0,3,6,6,6,6,6,6,6,6,4,0,0,0,0,0,0,1,2,3,6,6,6,6,6,4,0,0,0,0,-0.02,0,0,0,0,6,6,6,6,6,6,6,6,5,0,0,0,0,0,4,6,6,6,6,6,6,6,6,6,4,0,0,0,2,6,6,6,6,6,6,6,6,6,6,6,2,0,0,6,6,6,6,6,4,4,6,6,6,6,6,6,0,0,3,4,4,2,0,0,0,0,1,6,6,6,6,0,0,0,0,0,0,0,0,0,0,0,6,6,6,6,0,0,0,0,0,0,0,0,0,0,0,6,6,6,6,0,0,0,3,4,1,0,0,0,1,5,6,6,6,2,0,1,5,6,6,6,5,2,5,6,6,6,6,6,0,0,5,6,6,6,6,6,6,6,6,6,6,5,1,0,0,0,3,6,6,6,6,6,6,6,6,3,0,0,0,0,0,0,1,2,4,4,2,2,2,1,0,0,0,0,4,"mfeat-pixel","att60",0.9
3,6,6,6,6,6,6,6,6,6,6,3,0,0,0,5,6,6,6,6,6,6,6,6,6,6,6,0,0,0,0,3,4,3,2,2,5,6,6,6,6,2,0,0,0,0,0,0,0,0,0,3,6,6,6,6,0,0,0,3.31,0,0,0,0,0,0,4,6,6,6,6,0,0,0,0,0,0,0,0,0,3,6,6,6,6,6,5,0,0,0,0,0,0,0,5,6,6,6,6,6,6,6,5,1,0,0,0,0,0,6,6,6,6,6,6,6,6,6,5,0,0,0,0,0,6,6,6,6,3,2,5,6,6,6,2,0,0,0,0,3,5,5,1,0,0,0,6,6,6,6,0,0,0,0,0,0,0,0,0,0,0,5,6,6,6,0,0,0,0,0,0,0,0,0,0,0,3,6,6,6,0,0,0,0,0,0,0,0,0,0,1,6,6,6,5,0,1,5,5,3,2,2,2,2,4,6,6,6,5,1,0,5,6,6,6,6,6,6,6,6,6,6,5,1,0,0,0,1,3,4,4,4,4,4,4,3,1,0,0,0,4,"mfeat-pixel","att60",0.9
6,6,3,2,2,2,2,2,2,2,1,0,0,0,0,6,6,6,6,6,6,6,6,6,6,6,6,6,5,1,3,6,6,6,6,6,6,6,6,6,6,6,6,5,1,0,0,0,0,0,1,6,6,6,6,6,6,3,0,2.57,0,0,0,0,2,6,6,6,6,6,6,4,2,1,0,0,0,0,0,5,6,6,6,6,6,6,6,6,6,2,0,0,0,0,0,3,6,6,6,6,6,6,6,6,5,0,0,0,0,0,0,0,0,2,6,6,6,6,6,6,0,0,0,0,0,0,0,3,5,6,6,6,6,5,1,0,0,0,0,0,3,6,6,6,6,6,5,1,0,0,0,0,0,0,5,6,6,6,6,6,3,0,0,0,0,0,0,0,5,6,6,6,6,5,1,0,0,0,0,0,0,1,5,6,6,6,6,3,0,0,0,0,0,0,0,1,6,6,6,6,6,0,0,0,0,0,0,0,0,0,6,6,6,6,5,1,0,0,0,0,0,0,0,0,0,4,4,4,3,0,0,0,0,0,0,0,0,0,0,0,4,"mfeat-pixel","att60",0.9
0,3,5,5,1,0,0,0,0,0,0,0,0,0,0,5,6,6,6,5,0,0,0,0,0,0,0,0,0,0,6,6,6,6,6,2,0,0,0,0,0,0,0,0,0,1,4,5,6,6,3,0,0,0,0,0,0,0,0,-0.65,0,0,3,6,6,5,4,3,2,0,0,0,0,0,0,0,0,0,6,6,6,6,6,6,5,1,0,0,0,0,0,0,0,4,6,6,6,6,6,6,6,3,0,0,0,0,0,0,0,5,6,6,6,6,6,6,6,4,0,0,0,0,0,0,1,6,6,6,0,4,6,6,6,3,0,0,0,0,0,0,6,6,6,0,0,3,6,6,6,2,0,0,0,0,0,1,4,1,0,0,0,6,6,6,5,0,0,0,0,0,0,0,0,0,0,0,2,6,6,6,0,0,0,0,0,0,0,0,0,0,0,0,6,6,6,0,0,0,0,0,0,0,0,0,0,3,4,6,6,6,0,0,0,0,0,0,0,0,0,3,6,6,6,6,6,0,0,0,0,0,0,0,0,0,0,3,4,4,4,4,4,"mfeat-pixel","att60",0.9
0,2,4,4,5,6,6,6,6,6,5,1,0,0,0,5,6,6,6,6,6,6,6,6,6,6,5,0,0,0,3,4,5,5,5,6,6,6,6,6,6,3,0,0,0,0,0,0,0,0,1,6,6,6,6,6,3,0,0,2.52,0,0,0,0,0,3,6,6,6,6,6,2,0,0,0,0,0,0,0,0,3,6,6,6,6,4,0,0,0,0,0,0,0,0,1,6,6,6,6,6,3,0,0,0,0,0,0,0,0,3,6,6,6,6,6,6,1,0,0,0,0,0,0,0,3,6,6,6,6,6,6,6,3,0,0,0,0,0,0,3,6,6,6,6,6,6,6,6,3,0,0,0,0,0,2,6,6,6,6,6,6,6,6,4,0,0,0,0,0,0,0,1,1,1,5,6,6,6,6,2,0,0,0,0,0,0,0,0,0,4,6,6,6,6,3,0,0,0,0,0,0,0,2,5,6,6,6,6,6,5,0,0,0,0,0,3,6,6,6,6,6,6,6,6,5,0,0,0,0,0,4,4,4,4,4,4,4,4,2,0,4,"mfeat-pixel","att60",0.9
5,6,6,6,6,6,6,6,6,6,6,6,5,1,0,1,5,6,6,6,6,6,6,6,6,6,6,6,2,0,0,0,1,2,2,2,2,2,4,6,6,6,4,0,0,0,0,0,0,0,0,0,3,6,6,6,5,0,0,0.82,0,0,0,0,0,0,0,6,6,6,6,3,0,0,0,0,0,0,0,0,0,4,6,6,6,6,6,5,1,0,0,0,0,0,0,1,6,6,6,6,6,6,6,6,1,0,0,0,0,0,5,6,6,6,6,6,6,6,6,4,0,0,0,0,0,3,6,4,2,2,3,6,6,6,6,0,0,0,0,0,0,0,0,0,0,0,4,6,6,6,0,0,0,0,0,0,0,0,0,0,0,3,6,6,6,0,0,0,0,0,0,0,0,0,0,0,3,6,6,6,0,0,0,1,4,6,5,1,0,0,0,5,6,6,6,0,0,2,6,6,6,6,6,1,0,4,6,6,6,4,0,0,1,5,6,6,6,6,6,6,6,6,6,6,2,0,0,0,0,2,4,4,4,4,4,4,4,3,1,0,4,"mfeat-pixel","att60",0.9
0,1,5,6,6,4,2,2,2,2,1,0,0,0,0,1,6,6,6,6,6,6,6,6,6,6,5,3,0,0,1,5,6,6,6,6,6,6,6,6,6,5,3,0,0,0,0,0,0,1,5,6,6,6,6,6,0,0,0,0.15,0,0,0,0,0,3,6,6,6,6,3,0,0,0,0,0,0,0,0,1,5,6,6,6,6,1,0,0,0,0,0,0,0,3,6,6,6,6,6,6,6,5,3,0,0,0,0,0,6,6,6,6,6,6,6,6,6,6,2,0,0,0,0,5,6,6,6,6,6,6,6,6,6,6,1,0,0,0,0,2,2,0,0,0,4,6,6,6,6,3,0,0,0,0,0,0,0,0,0,3,6,6,6,6,3,0,0,0,0,0,0,0,0,1,6,6,6,6,6,2,0,1,2,1,0,0,0,0,3,6,6,6,6,3,0,0,6,6,6,5,4,4,4,6,6,6,6,3,0,0,0,6,6,6,6,6,6,6,6,6,6,4,0,0,0,0,1,2,2,2,4,4,4,4,4,4,0,0,0,0,4,"mfeat-pixel","att60",0.9
0,0,0,0,0,2,6,6,6,4,2,0,0,0,0,0,0,0,0,0,4,6,6,6,6,6,5,4,4,1,0,0,0,0,0,6,6,6,4,6,6,6,6,6,4,0,0,0,0,0,1,4,1,0,4,6,6,6,6,6.1,0,0,0,0,0,0,0,0,5,6,6,6,5,2,0,0,0,0,0,0,0,2,5,6,6,6,3,0,0,0,0,0,0,0,1,5,6,6,6,6,6,1,0,0,0,0,0,0,1,5,6,6,6,6,6,6,6,1,0,0,0,0,0,3,6,5,2,2,3,6,6,6,4,0,0,0,0,0,0,2,0,0,0,0,6,6,6,4,0,0,0,0,0,0,0,0,0,0,0,6,6,6,3,0,0,1,4,4,3,0,0,0,0,1,6,6,5,0,0,0,6,6,6,6,1,0,0,3,6,6,6,1,0,0,0,6,6,6,6,6,6,6,6,6,6,4,0,0,0,0,1,4,4,5,6,6,6,6,6,4,1,0,0,0,0,0,0,0,0,2,4,4,4,1,0,0,0,0,0,0,4,"mfeat-pixel","att60",0.9
0,0,0,1,2,2,3,4,4,4,6,4,3,0,0,1,4,6,6,6,6,6,6,6,6,6,6,6,5,0,3,6,6,6,6,5,5,6,6,6,6,6,6,2,0,0,2,2,0,0,0,0,6,6,6,6,6,2,0,-2,0,0,0,0,0,0,4,6,6,6,6,6,1,0,0,0,0,0,0,0,4,6,6,6,6,6,6,6,6,3,0,0,0,0,0,5,6,6,6,6,6,6,6,6,6,0,0,0,0,0,0,0,0,0,0,4,6,6,6,6,0,0,0,0,0,0,0,0,0,0,4,6,6,6,5,0,0,0,0,0,0,0,0,0,1,5,6,6,6,1,0,0,0,0,0,0,0,0,0,5,6,6,6,4,0,0,0,0,0,0,0,0,0,0,6,6,6,4,0,0,0,0,0,0,0,0,0,0,2,6,6,5,0,0,0,0,0,0,0,0,0,0,1,6,6,6,1,0,0,0,0,0,0,0,0,0,1,5,6,6,6,1,0,0,0,0,0,0,0,0,0,2,4,4,4,4,1,0,0,0,4,"mfeat-pixel","att60",0.9
0,0,0,0,0,1,3,6,6,6,6,6,6,6,5,1,5,6,6,6,6,6,6,6,6,6,6,6,6,5,1,5,6,6,4,4,5,6,6,6,6,6,6,5,0,0,0,2,0,0,0,0,6,6,6,6,6,3,0,-2.24,0,0,0,0,0,0,3,6,6,6,6,1,0,0,0,0,0,0,0,2,6,6,6,6,6,4,0,0,0,0,0,0,0,0,3,6,6,6,6,6,6,3,0,0,0,0,0,0,0,0,3,4,5,6,6,6,6,4,0,0,0,0,0,0,0,0,0,0,5,6,6,6,6,3,0,0,0,0,0,0,0,0,0,1,5,6,6,6,4,0,0,0,0,0,0,0,0,0,0,1,6,6,6,6,0,0,0,0,0,0,0,0,0,0,3,6,6,6,6,0,0,0,0,0,0,0,0,0,1,5,6,6,6,3,0,5,6,4,3,2,2,2,3,6,6,6,6,5,1,0,5,6,6,6,6,6,6,6,6,6,6,3,0,0,0,0,0,2,4,4,4,4,4,4,4,1,0,0,0,0,4,"mfeat-pixel","att60",0.9
2,6,6,5,5,6,6,6,6,6,3,0,0,0,0,3,6,6,6,6,6,6,6,6,6,4,0,0,0,0,0,2,3,4,4,6,6,6,6,6,1,0,0,0,0,0,0,0,0,0,4,6,6,6,6,0,0,0,0,0.13,0,0,0,0,3,6,6,6,6,6,3,2,0,0,0,0,0,0,5,6,6,6,6,6,6,6,6,5,0,0,0,0,0,6,6,6,4,4,6,6,6,6,6,5,0,0,0,0,3,3,1,0,0,1,6,6,6,6,6,3,0,0,0,0,0,0,0,0,0,2,6,6,6,6,6,0,0,0,0,0,0,0,0,0,0,6,6,6,6,6,0,0,0,0,0,0,0,0,0,0,3,6,6,6,6,0,0,0,0,0,0,0,0,0,0,3,6,6,6,6,0,0,0,0,2,1,0,0,0,0,3,6,6,6,5,0,0,0,3,6,6,5,4,2,2,5,6,6,6,3,0,0,0,1,5,6,6,6,6,6,6,6,4,3,0,0,0,0,0,0,3,4,4,4,4,4,1,0,0,0,4,"mfeat-pixel","att60",0.9
0,1,4,4,4,5,6,6,6,6,5,1,0,0,0,0,1,5,6,6,6,6,6,6,6,6,2,0,0,0,0,0,0,0,0,4,6,6,6,6,4,0,0,0,0,0,0,0,0,0,3,6,6,6,6,4,0,0,0,-1.65,0,0,0,0,1,6,6,6,6,6,6,3,0,0,0,0,0,0,1,6,6,6,6,6,6,6,6,6,3,0,0,0,2,6,6,6,6,3,2,5,6,6,6,6,0,0,0,1,4,6,4,1,0,0,0,5,6,6,6,0,0,0,0,0,0,0,0,0,0,0,3,6,6,6,0,0,0,0,0,0,0,0,0,0,0,3,6,6,6,1,0,0,0,0,0,0,0,0,0,0,3,6,6,6,5,0,0,0,0,0,0,0,0,0,0,3,6,6,6,6,1,5,6,6,2,0,0,0,0,0,3,6,6,6,6,1,6,6,6,4,0,0,0,0,0,5,6,6,6,5,0,3,6,6,6,5,2,2,2,5,6,6,6,5,1,0,0,0,2,4,4,4,4,4,4,4,4,3,0,0,4,"mfeat-pixel","att60",0.9
0,3,6,5,4,4,4,4,4,4,4,4,3,0,0,0,3,4,6,6,6,6,6,6,6,6,6,3,0,0,0,0,0,0,2,2,5,6,6,6,6,3,0,0,0,0,0,0,0,0,1,5,6,6,6,5,0,0,0,-1.12,0,0,0,0,0,4,6,6,6,6,3,0,0,0,0,0,0,0,2,6,6,6,6,6,6,5,1,0,0,0,0,0,0,4,6,6,6,6,6,6,6,6,3,0,0,0,0,2,6,6,6,6,6,6,6,6,6,6,4,0,0,0,0,0,0,0,0,1,5,6,6,6,6,6,0,0,0,0,0,0,0,0,0,0,4,6,6,6,6,0,0,0,0,0,0,0,0,0,2,6,6,6,6,6,4,0,0,0,0,0,0,0,0,0,4,6,6,6,6,5,0,0,1,2,0,0,0,0,0,3,6,6,6,6,3,0,3,6,6,5,1,0,1,4,6,6,6,6,6,2,0,6,6,6,6,6,6,6,6,6,6,6,5,1,0,0,3,4,4,4,4,4,4,4,4,4,3,0,0,0,4,"mfeat-pixel","att60",0.9
0,3,4,4,4,5,5,4,4,4,3,0,0,0,0,2,6,6,6,6,6,6,6,6,6,6,5,0,0,0,0,1,2,2,2,5,6,6,6,6,6,6,0,0,0,0,0,0,0,0,3,6,6,6,6,6,2,0,0,1.86,0,0,0,0,2,6,6,6,6,6,6,0,0,0,0,0,0,0,0,4,6,6,6,6,6,1,0,0,0,0,0,0,0,3,6,6,6,6,6,6,5,0,0,0,0,0,0,0,1,6,6,6,6,6,6,6,4,0,0,0,0,0,0,0,5,6,6,6,6,6,6,6,2,0,0,0,0,0,0,0,0,0,3,6,6,6,6,6,2,0,0,0,0,0,0,0,0,0,2,6,6,6,6,6,0,0,0,0,0,0,0,0,0,0,4,6,6,6,6,2,0,0,0,0,0,0,0,0,0,3,6,6,6,6,6,0,0,0,0,0,0,2,2,4,6,6,6,6,6,6,0,0,0,0,0,3,6,6,6,6,6,6,6,6,6,0,0,0,0,0,2,4,4,4,4,4,4,4,4,3,4,"mfeat-pixel","att60",0.9
0,0,1,5,6,6,5,0,0,0,0,0,0,0,0,0,1,6,6,6,6,6,0,0,0,0,0,0,0,0,3,6,6,6,6,6,6,0,0,0,0,0,0,0,0,6,6,6,6,6,6,6,1,0,0,0,0,0,0,-1.54,1,4,3,0,6,6,6,6,6,6,3,0,0,0,0,0,0,0,0,6,6,6,6,6,6,6,3,0,0,0,0,0,0,0,5,6,6,6,6,6,6,6,2,0,0,0,0,0,0,0,4,6,6,4,4,6,6,6,0,0,0,0,0,0,0,3,6,6,5,1,6,6,6,3,0,0,0,0,0,0,3,6,6,6,2,3,6,6,6,2,0,0,0,0,0,2,6,6,5,0,0,4,6,6,3,0,0,0,0,0,0,1,2,0,0,0,3,6,6,6,0,0,0,0,0,0,0,0,0,0,0,1,6,6,6,0,0,0,0,0,0,0,0,1,4,4,2,6,6,6,0,0,0,0,0,0,0,0,6,6,6,6,6,6,6,0,0,0,0,0,0,0,0,3,4,4,4,4,4,4,4,"mfeat-pixel","att60",0.9
3,6,6,6,6,6,6,6,6,6,5,1,0,0,0,5,6,6,6,6,6,6,6,6,6,6,3,0,0,0,0,3,4,4,4,5,6,6,6,6,4,0,0,0,0,0,0,0,0,0,3,6,6,6,6,6,4,1,0,0.4,0,0,0,0,1,6,6,6,6,6,6,6,6,2,0,0,0,0,0,5,6,6,6,6,6,6,6,6,4,0,0,0,0,0,5,6,6,6,3,2,6,6,6,6,0,0,0,0,0,0,3,4,1,0,0,2,6,6,6,2,0,0,0,0,0,0,0,0,0,0,0,6,6,6,2,0,0,0,0,0,0,0,0,0,0,0,6,6,6,3,0,0,0,0,0,0,0,0,0,0,0,4,6,6,3,0,0,0,0,0,3,6,3,0,0,0,4,6,6,1,0,0,0,0,3,6,6,6,2,0,1,6,6,6,6,0,0,0,0,2,6,6,6,6,4,6,6,6,6,5,0,0,0,0,0,4,6,6,6,6,6,6,6,5,1,0,0,0,0,0,0,3,4,4,4,4,4,3,0,0,4,"mfeat-pixel","att60",0.9
0,0,0,0,2,6,6,6,6,6,6,5,4,4,1,0,0,0,0,0,3,4,4,6,6,6,6,6,6,5,0,0,0,0,0,0,0,0,1,6,6,6,6,3,0,0,0,0,0,0,0,0,0,3,6,6,6,3,0,1.9,0,0,0,0,0,0,1,5,6,6,6,5,0,0,0,0,0,0,0,0,1,6,6,6,6,6,3,0,0,0,0,0,0,0,3,6,6,6,6,6,6,6,1,0,0,0,0,0,2,6,6,6,6,6,6,6,6,3,0,0,0,0,0,2,6,6,3,1,1,5,6,6,3,0,0,0,0,0,0,0,0,0,0,0,1,6,6,5,0,0,0,2,0,0,0,0,0,0,0,2,6,6,6,3,0,4,6,5,1,0,0,0,0,0,6,6,6,6,1,0,6,6,6,3,0,0,0,0,4,6,6,6,2,0,0,6,6,6,4,0,0,0,1,6,6,6,4,0,0,0,5,6,6,6,6,6,4,6,6,6,5,0,0,0,0,0,2,4,4,4,4,4,4,4,4,2,0,0,0,0,4,"mfeat-pixel","att60",0.9
1,4,4,2,2,4,4,4,5,6,5,0,0,0,0,4,6,6,6,6,6,6,6,6,6,4,0,0,0,0,5,6,6,6,6,6,6,6,6,6,2,0,0,0,0,0,0,0,1,6,6,6,6,6,3,0,0,0,0,0.77,0,0,0,2,6,6,6,6,4,0,0,0,0,0,0,0,0,0,3,6,6,6,6,1,0,0,0,0,0,0,0,0,3,6,6,6,6,6,6,6,6,3,0,0,0,2,6,6,6,6,6,6,6,6,6,6,6,6,2,0,3,6,6,6,4,2,4,6,6,6,6,6,6,6,1,0,2,2,0,0,0,0,0,3,6,6,6,6,6,4,0,0,0,0,0,0,0,0,0,1,5,6,6,6,5,0,0,0,0,0,0,0,0,0,0,1,5,6,6,3,0,0,1,2,1,0,0,0,0,0,1,5,6,6,1,2,6,6,6,6,6,4,2,2,4,6,6,6,3,0,2,6,6,6,6,6,6,6,6,6,6,6,3,0,0,0,1,4,4,4,4,4,4,4,4,2,0,0,0,0,4,"mfeat-pixel","att60",0.9
0,3,6,6,6,6,6,4,4,4,3,0,0,0,0,0,3,4,6,6,6,6,6,6,6,6,0,0,0,0,0,0,0,0,0,4,6,6,6,6,5,0,0,0,0,0,0,0,0,0,4,6,6,6,6,3,0,0,0,-3.31,0,0,0,0,0,6,6,6,6,6,5,1,0,0,0,0,0,0,0,2,6,6,6,6,6,6,6,6,3,0,0,0,0,0,4,6,6,6,6,6,6,6,6,6,0,0,0,0,2,6,6,6,6,6,6,6,6,6,6,2,0,0,0,0,3,4,4,2,2,0,4,6,6,6,6,0,0,0,0,0,0,0,0,0,0,3,6,6,6,6,0,0,0,0,0,0,0,0,0,0,3,6,6,6,6,0,0,2,1,0,0,0,0,0,0,0,6,6,6,6,0,5,6,6,3,0,0,0,0,0,2,6,6,6,3,3,6,6,6,6,2,0,0,0,1,6,6,6,5,1,0,5,6,6,6,6,4,4,4,6,6,6,3,0,0,0,0,3,4,4,4,4,4,4,4,4,1,0,0,0,4,"mfeat-pixel","att60",0.9
6,6,6,6,6,6,6,6,6,6,5,0,0,0,0,3,6,6,6,6,6,6,6,6,6,5,0,0,0,0,0,1,1,1,2,4,6,6,6,6,3,0,0,0,0,0,0,0,0,0,3,6,6,6,6,4,0,0,0,-1.84,0,0,0,0,0,4,6,6,6,6,6,5,1,0,0,0,0,0,0,2,6,6,6,6,6,6,6,6,3,0,0,0,0,0,3,6,6,6,6,6,6,6,6,6,0,0,0,0,0,5,6,6,6,6,5,6,6,6,6,2,0,0,0,0,0,3,4,4,3,0,5,6,6,6,6,0,0,0,0,0,0,0,0,0,0,1,6,6,6,6,0,0,0,0,0,0,0,0,0,0,0,6,6,6,6,0,0,0,0,0,0,0,0,0,0,0,6,6,6,6,0,0,0,0,0,0,0,0,0,0,0,4,6,6,6,0,0,0,0,0,0,1,2,2,2,2,5,6,6,6,0,0,0,0,0,2,6,6,6,6,6,6,6,6,6,0,0,0,0,0,1,4,4,4,4,4,4,4,4,3,4,"mfeat-pixel","att60",0.9
0,3,6,6,6,6,6,6,6,6,6,6,5,1,0,0,5,6,6,6,6,6,6,6,6,6,6,6,1,0,0,0,3,4,2,2,2,2,4,6,6,6,4,0,0,0,0,0,0,0,0,0,3,5,6,6,5,0,0,1.21,0,0,0,0,0,1,5,6,6,6,6,4,0,0,0,0,0,0,0,2,6,6,6,6,6,6,6,5,0,0,0,0,0,2,6,6,6,6,4,5,6,6,6,3,0,0,0,0,2,6,6,3,1,0,0,2,6,6,6,0,0,0,0,0,1,1,0,0,0,0,0,6,6,6,4,0,0,0,0,0,0,0,0,0,0,0,2,6,6,6,0,0,0,0,0,0,0,0,0,0,0,0,6,6,6,0,2,0,0,0,0,0,0,0,0,0,1,6,6,6,5,6,5,0,0,0,0,0,0,0,0,3,6,6,6,6,6,6,5,5,5,3,2,2,2,2,5,6,6,5,6,6,6,6,6,6,6,6,6,6,6,6,6,6,1,1,4,4,4,4,4,4,4,4,4,4,4,4,1,0,4,"mfeat-pixel","att60",0.9
0,5,6,6,6,6,6,4,4,1,0,0,0,0,0,0,3,4,4,5,6,6,6,6,3,0,0,0,0,0,0,0,0,0,0,6,6,6,6,2,0,0,0,0,0,0,0,0,0,4,6,6,6,6,3,0,0,0,0,-1.24,0,0,0,2,6,6,6,6,6,6,3,0,0,0,0,0,0,0,3,6,6,6,6,6,6,6,5,1,0,0,0,0,3,6,6,6,5,2,5,6,6,6,6,0,0,0,2,6,6,6,4,0,0,0,4,6,6,6,2,0,0,0,2,3,3,0,0,0,0,3,6,6,6,6,2,0,0,0,0,0,0,0,0,0,3,6,6,6,6,6,0,0,0,0,0,0,0,0,0,3,6,6,6,6,4,0,0,0,0,0,0,0,0,0,3,6,6,6,5,0,0,0,1,2,4,1,0,0,0,5,6,6,6,3,0,0,2,6,6,6,6,3,2,5,6,6,6,6,1,0,0,0,3,6,6,6,6,6,6,6,6,5,1,0,0,0,0,0,1,4,4,4,4,4,4,3,0,0,0,0,4,"mfeat-pixel","att60",0.9
1,5,6,6,4,4,4,4,4,4,4,3,0,0,0,6,6,6,6,6,6,6,6,6,6,6,6,4,0,0,6,6,6,6,6,6,6,6,6,6,6,6,6,2,0,1,2,2,2,2,0,4,6,6,6,6,6,5,0,-0.75,0,0,0,0,0,3,6,6,6,6,6,6,0,0,0,0,0,0,0,4,6,6,6,6,6,6,6,3,0,0,0,0,0,4,6,6,6,6,6,6,6,6,6,5,1,0,0,0,5,6,6,6,6,6,6,6,6,6,6,3,0,0,0,0,1,3,4,2,2,5,6,6,6,6,5,0,0,0,0,0,0,0,0,0,4,6,6,6,6,2,0,0,0,0,0,0,0,2,5,6,6,6,6,3,0,0,0,0,0,0,0,4,6,6,6,6,6,3,0,0,0,0,0,0,2,3,6,6,6,6,3,1,0,0,0,0,0,0,5,6,6,6,6,3,1,0,0,0,0,0,0,0,0,6,6,6,6,1,0,0,0,0,0,0,0,0,0,0,3,4,4,4,0,0,0,0,0,0,0,0,4,"mfeat-pixel","att60",0.9
0,0,5,6,6,6,6,6,6,6,6,6,6,6,5,0,0,1,5,6,6,6,6,6,6,6,6,6,6,3,0,0,0,0,0,1,3,6,6,6,6,6,6,6,2,0,0,0,0,0,0,1,6,6,6,6,6,6,1,0.94,0,0,0,0,0,0,4,6,6,6,6,6,1,0,0,0,0,0,3,6,6,6,6,6,6,6,6,4,0,0,0,0,4,6,6,5,2,2,5,6,6,6,6,5,0,0,0,5,6,6,2,0,0,0,3,6,6,6,6,5,0,0,0,0,0,0,0,0,0,0,1,6,6,6,6,0,0,0,0,0,0,0,0,0,0,0,6,6,6,5,0,0,0,0,0,0,0,0,0,0,1,6,6,6,3,0,0,0,0,0,0,0,0,0,3,6,6,6,5,0,1,5,5,3,0,0,0,0,4,6,6,6,6,0,0,5,6,6,6,6,6,4,5,6,6,6,6,3,0,0,0,3,6,6,6,6,6,6,6,6,5,1,0,0,0,0,0,1,3,4,4,4,4,2,0,0,0,0,0,0,4,"mfeat-pixel","att60",0.9
5,6,6,4,2,2,2,2,2,2,1,0,0,0,0,6,6,6,6,6,6,6,6,6,6,6,2,0,0,0,1,3,5,6,6,6,6,6,6,6,6,1,0,0,0,0,0,0,0,0,1,6,6,6,6,4,0,0,0,1.4,0,0,0,0,2,6,6,6,6,6,4,0,0,0,0,0,0,0,2,6,6,6,6,6,6,6,6,3,0,0,0,0,0,6,6,6,6,6,6,6,6,6,6,5,1,0,0,0,6,6,6,6,3,2,3,6,6,6,6,6,0,0,0,1,4,2,0,0,0,0,2,6,6,6,6,0,0,0,0,0,0,0,0,0,0,0,6,6,6,6,0,0,0,0,0,0,0,0,0,0,1,6,6,6,6,0,0,0,0,0,0,0,0,0,0,5,6,6,6,3,0,0,0,0,0,0,0,0,2,5,6,6,6,4,0,0,0,0,0,2,4,6,6,6,6,6,6,3,0,0,0,0,3,6,6,6,6,6,6,6,5,1,0,0,0,0,0,3,4,4,4,4,4,4,3,0,0,0,0,0,4,"mfeat-pixel","att60",0.9
0,1,5,6,6,6,6,5,4,4,4,4,1,0,0,0,2,6,6,6,6,6,6,6,6,6,6,6,2,0,0,0,1,2,2,2,2,2,2,5,6,6,6,4,0,0,0,0,0,0,0,0,0,0,0,6,6,6,6,1.2,0,0,0,0,0,0,0,0,0,1,6,6,6,6,3,0,0,0,0,0,2,2,2,3,6,6,6,6,6,3,0,0,0,0,3,6,6,6,6,6,6,6,6,5,0,0,0,0,0,5,6,6,6,6,6,6,6,6,5,0,0,0,0,0,0,2,2,2,3,6,6,6,6,6,3,0,0,0,0,0,0,0,0,0,1,5,6,6,6,4,0,0,0,0,0,0,0,0,0,0,3,6,6,6,6,0,0,0,0,0,0,0,0,0,0,3,6,6,6,6,0,0,0,0,0,0,0,0,0,1,5,6,6,6,2,3,4,4,4,2,2,2,2,4,6,6,6,6,4,0,6,6,6,6,6,6,6,6,6,6,6,6,6,1,0,1,4,4,4,4,4,4,4,4,4,4,4,1,0,0,4,"mfeat-pixel","att60",0.9
0,1,4,4,4,6,5,4,4,4,4,6,6,6,5,0,2,6,6,6,6,6,6,6,6,6,6,6,6,6,0,0,1,4,4,4,2,0,3,6,6,6,6,6,1,0,0,0,0,0,0,0,0,1,6,6,6,6,1,-0.63,0,0,0,0,0,0,1,2,5,6,6,6,3,0,0,0,0,0,0,1,3,6,6,6,6,6,6,3,0,0,0,0,0,0,6,6,6,6,6,6,6,6,6,3,0,0,0,0,0,3,4,3,2,0,0,3,6,6,6,5,0,0,0,0,0,0,0,0,0,0,0,2,6,6,5,0,0,0,0,0,0,0,0,0,0,0,0,6,6,5,0,0,0,0,0,0,0,0,0,0,0,1,6,6,6,2,6,6,2,0,0,0,0,0,0,0,3,6,6,6,3,6,6,5,1,0,0,0,0,0,3,6,6,6,4,2,6,6,6,6,3,1,0,2,3,6,6,6,6,2,0,3,6,6,6,6,6,6,6,6,6,6,6,3,0,0,0,3,4,4,4,4,4,4,4,4,4,1,0,0,4,"mfeat-pixel","att60",0.9
0,0,2,6,6,6,6,6,6,6,6,6,6,4,1,0,0,0,2,2,2,2,2,5,6,6,6,6,5,1,0,0,0,0,0,0,0,0,4,6,6,6,6,1,0,0,0,0,0,0,0,0,3,6,6,6,3,1,0,0.47,0,0,0,0,0,0,3,6,6,6,6,1,0,0,0,0,0,0,0,3,5,6,6,6,6,6,6,3,0,0,0,0,0,0,5,6,6,6,4,6,6,6,6,3,0,0,0,0,0,0,1,2,1,0,3,6,6,6,4,0,0,0,0,0,0,0,0,0,0,3,6,6,6,6,0,0,0,0,0,0,0,0,0,0,3,6,6,6,6,0,1,5,6,5,3,0,0,0,0,1,6,6,6,4,0,6,6,6,6,5,0,0,0,0,2,6,6,6,5,0,5,6,6,6,0,0,0,0,0,4,6,6,6,4,0,1,6,6,6,3,1,1,2,5,6,6,6,5,0,0,0,4,6,6,6,6,6,6,6,6,6,5,1,0,0,0,0,3,4,4,4,4,4,4,4,3,0,0,0,0,4,"mfeat-pixel","att60",0.9
3,5,6,6,6,6,6,4,6,4,5,5,1,0,0,6,6,6,6,6,6,6,6,6,6,6,6,3,0,0,1,2,2,2,2,3,6,6,6,6,5,2,0,0,0,0,0,0,0,0,0,4,6,6,6,2,0,0,0,-1.4,0,0,0,0,0,3,6,6,6,6,0,0,0,0,0,0,0,0,0,0,6,6,6,6,6,5,4,1,0,0,0,0,0,0,0,6,6,6,6,6,6,6,5,0,0,0,0,0,0,2,6,6,6,6,6,6,6,6,3,0,0,0,0,0,1,4,3,1,0,1,5,6,6,5,0,0,0,0,0,0,0,0,0,0,0,3,6,6,6,3,0,0,0,0,0,0,0,0,0,0,2,6,6,6,4,0,0,0,0,0,0,0,0,0,0,0,6,6,6,5,0,0,0,0,0,0,0,0,0,0,4,6,6,6,3,0,0,0,0,0,0,0,1,3,5,6,6,6,4,1,0,0,0,0,1,4,5,6,6,6,6,4,1,0,0,0,0,0,0,2,4,4,4,4,4,1,0,0,0,0,4,"mfeat-pixel","att60",0.9
0,5,6,6,6,6,5,4,4,4,4,4,4,4,3,0,3,6,6,6,6,6,6,6,6,6,6,6,6,5,0,0,0,2,2,3,4,6,6,6,6,6,6,3,0,0,0,0,0,0,0,0,4,6,6,6,6,2,0,3.56,0,0,0,0,0,2,6,6,6,6,6,6,0,0,0,0,0,0,0,0,3,6,6,6,6,6,6,3,0,0,0,0,0,0,0,1,4,6,6,6,6,6,6,2,0,0,0,0,0,0,0,0,1,2,5,6,6,6,5,0,0,0,0,0,0,0,0,0,0,2,6,6,6,6,4,0,0,0,0,0,0,0,0,0,0,6,6,6,6,6,0,0,0,0,0,0,0,0,0,0,6,6,6,6,6,0,0,0,0,0,0,0,0,0,1,6,6,6,6,6,0,2,2,0,0,0,0,0,1,6,6,6,6,6,2,5,6,6,5,3,2,3,4,6,6,6,6,5,1,0,3,4,5,6,6,6,6,6,6,6,5,3,0,0,0,0,0,0,2,4,4,4,4,4,2,0,0,0,0,0,4,"mfeat-pixel","att60",0.9
5,6,6,6,6,5,5,6,6,6,6,6,3,0,0,3,6,6,6,6,6,6,6,6,6,6,6,4,0,0,0,0,0,1,2,5,6,6,6,6,6,4,0,0,0,0,0,0,0,0,4,6,6,6,6,5,0,0,0,3.88,0,0,0,0,5,6,6,6,6,6,0,0,0,0,0,0,0,0,2,6,6,6,6,6,6,5,3,1,0,0,0,0,1,6,6,6,6,6,6,6,6,6,6,1,0,0,0,1,5,6,4,2,1,1,5,6,6,6,5,0,0,0,0,0,0,0,0,0,0,1,6,6,6,6,1,0,0,0,0,0,0,0,0,0,2,6,6,6,6,3,0,0,0,0,0,0,0,0,0,3,6,6,6,6,0,0,0,0,0,0,0,0,0,0,4,6,6,6,2,0,0,0,0,5,6,6,6,4,5,6,6,6,4,0,0,0,0,3,6,6,6,6,6,6,6,6,6,0,0,0,0,0,0,3,6,6,6,6,6,6,6,5,0,0,0,0,0,0,0,3,4,4,4,4,4,3,0,0,0,0,4,"mfeat-pixel","att60",0.9
0,1,4,5,5,4,6,6,6,6,4,1,0,0,0,0,5,6,6,6,6,6,6,6,6,6,5,0,0,0,2,6,6,6,6,6,6,6,6,6,6,5,0,0,0,0,0,0,0,0,1,6,6,6,6,6,1,0,0,2.31,0,0,0,0,0,1,6,6,6,6,1,0,0,0,0,0,0,0,0,3,6,6,6,6,6,5,1,0,0,0,0,0,3,6,6,6,6,6,6,6,6,6,2,0,0,0,3,6,6,6,6,6,6,6,6,6,6,6,2,0,0,1,5,6,6,6,4,1,1,5,6,6,6,6,2,0,0,0,2,2,1,0,0,0,0,6,6,6,5,0,0,0,0,0,0,0,0,0,0,0,6,6,6,3,0,0,0,0,0,0,0,0,0,0,2,6,6,6,5,0,1,4,4,2,0,0,0,0,1,6,6,6,6,4,0,6,6,6,6,5,3,3,5,6,6,6,6,4,0,0,4,6,6,6,6,6,6,6,6,6,6,3,0,0,0,1,4,4,4,4,4,4,4,4,3,1,0,0,0,0,4,"mfeat-pixel","att60",0.9
0,3,4,4,4,4,6,4,4,4,4,4,6,3,0,5,6,6,6,6,6,6,6,6,6,6,6,6,5,0,1,2,2,2,2,3,5,6,6,6,6,6,5,1,0,0,0,0,0,0,0,0,6,6,6,6,5,1,0,-2.19,0,0,0,0,0,0,3,6,6,6,3,0,0,0,0,0,0,0,0,0,3,6,6,6,6,3,0,0,0,0,0,0,0,0,4,6,6,6,6,6,6,5,1,0,0,0,0,0,0,3,5,6,6,6,6,6,6,6,3,0,0,0,0,0,0,0,1,2,4,5,6,6,6,6,0,0,0,0,0,0,0,0,0,0,0,6,6,6,6,3,0,0,0,0,0,0,0,0,0,0,6,6,6,6,3,0,0,0,0,0,0,0,0,0,1,6,6,6,6,2,0,0,0,0,0,0,0,0,0,5,6,6,6,5,0,0,0,0,0,0,0,0,0,3,6,6,6,5,1,0,0,0,0,0,5,6,6,6,6,6,6,5,1,0,0,0,0,0,0,3,4,4,4,4,4,3,0,0,0,0,4,"mfeat-pixel","att60",0.9
3,6,6,6,6,6,6,6,6,6,6,6,4,3,0,3,6,6,6,6,6,6,6,6,6,6,6,6,5,0,0,0,0,0,0,0,4,6,6,6,6,6,5,0,0,0,0,0,0,0,0,5,6,6,6,6,6,0,0,-3.3,0,0,0,0,0,3,6,6,6,6,6,3,0,0,0,0,0,0,0,3,6,6,6,6,6,6,5,1,0,0,0,0,0,0,6,6,6,6,6,6,6,6,6,3,0,0,0,0,0,1,4,6,4,2,5,6,6,6,6,5,0,0,0,0,0,0,0,0,0,1,6,6,6,6,6,0,0,0,0,0,0,0,0,0,3,6,6,6,6,3,0,0,0,0,0,0,0,0,2,6,6,6,5,1,0,0,0,0,0,0,0,0,1,6,6,6,6,0,0,0,0,0,0,0,0,0,2,6,6,6,6,2,0,0,0,0,0,0,0,0,2,6,6,6,6,5,0,0,0,0,0,0,0,0,3,6,6,6,5,1,0,0,0,0,0,0,0,0,0,3,4,4,4,2,0,0,0,0,0,0,4,"mfeat-pixel","att60",0.9
0,0,3,6,6,4,4,4,4,4,4,3,0,0,0,0,3,6,6,6,6,6,6,6,6,6,6,3,0,0,5,6,6,6,6,6,6,6,6,6,6,6,3,0,0,6,6,6,6,6,6,6,6,6,6,6,6,3,0,1.29,2,6,5,2,2,4,4,6,6,6,6,6,2,0,0,0,0,0,0,0,0,0,4,6,6,6,4,0,0,0,0,0,0,0,0,0,0,6,6,6,6,6,4,0,0,0,0,0,0,0,0,4,6,6,6,6,6,6,4,0,0,0,0,0,0,3,6,6,6,5,5,6,6,6,0,0,0,0,0,0,6,6,6,4,0,0,4,6,6,1,0,0,0,0,0,6,6,6,0,0,0,3,6,6,3,0,0,0,0,0,3,3,1,0,0,0,3,6,6,1,0,0,0,0,0,0,0,0,0,0,1,5,6,6,0,0,0,0,0,0,0,1,4,4,4,6,6,6,4,0,0,0,0,0,0,2,6,6,6,6,6,6,6,0,0,0,0,0,0,0,0,3,4,4,4,4,4,1,0,0,4,"mfeat-pixel","att60",0.9
3,4,6,4,4,5,6,6,5,4,4,4,4,3,0,3,6,6,6,6,6,6,6,6,5,2,5,6,6,2,0,1,2,2,2,2,5,6,6,1,0,2,5,1,0,0,0,0,0,0,0,5,6,3,0,0,0,0,0,-1.44,0,0,0,0,0,3,6,6,6,3,2,2,0,0,0,0,0,0,0,0,3,6,6,6,6,6,6,5,3,0,0,0,0,0,0,3,6,6,6,6,6,6,6,6,5,0,0,0,0,0,1,5,5,2,3,6,6,6,6,6,0,0,0,0,0,0,0,0,0,0,1,6,6,6,6,0,0,0,0,0,0,0,0,0,0,0,6,6,6,5,0,0,0,0,0,0,0,0,0,0,0,6,6,6,3,0,0,0,5,6,6,2,0,0,1,5,6,6,6,1,0,0,0,6,6,6,3,0,0,3,6,6,6,6,0,0,0,0,6,6,6,5,1,1,6,6,6,6,2,0,0,0,0,4,6,6,6,6,6,6,6,6,2,0,0,0,0,0,0,3,4,4,4,4,4,4,4,0,0,0,4,"mfeat-pixel","att60",0.9
0,0,3,4,4,4,4,4,6,5,4,4,4,6,2,0,0,6,6,6,6,6,6,6,6,6,6,6,6,1,0,0,1,2,2,2,2,5,6,6,6,6,6,5,0,0,0,0,0,0,0,0,5,6,6,6,6,6,1,-0.6,0,0,0,0,0,2,5,6,6,6,6,6,6,0,0,0,0,0,2,5,6,6,6,6,6,6,6,6,1,0,0,5,6,6,6,6,6,5,4,6,6,6,6,5,0,0,5,6,6,4,2,1,0,0,2,6,6,6,6,0,0,0,0,0,0,0,0,0,0,0,6,6,6,6,0,0,0,0,0,0,0,0,0,0,0,5,6,6,6,0,0,0,0,0,0,0,0,0,0,0,4,6,6,6,0,0,5,6,6,3,0,0,0,0,2,6,6,6,4,0,4,6,6,6,5,0,0,0,0,4,6,6,6,0,0,4,6,6,6,5,2,2,3,5,6,6,6,3,0,0,0,5,6,6,6,6,6,6,6,6,3,1,0,0,0,0,0,3,4,4,4,4,4,1,0,0,0,0,0,0,4,"mfeat-pixel","att60",0.9
3,5,5,5,5,4,4,4,6,6,3,0,0,0,0,6,6,6,6,6,6,6,6,6,6,6,2,0,0,0,1,3,4,4,4,4,6,6,6,6,6,1,0,0,0,0,0,0,0,0,0,3,6,6,6,3,0,0,0,0.42,0,0,0,0,0,1,6,6,6,6,5,1,0,0,0,0,0,0,0,0,3,6,6,6,6,6,6,2,0,0,0,0,0,0,2,6,6,6,6,6,6,6,6,1,0,0,0,0,0,6,6,6,6,5,2,5,6,6,6,1,0,0,0,0,2,6,6,3,0,0,0,6,6,6,3,0,0,0,0,0,0,0,0,0,0,0,6,6,6,5,0,0,0,0,0,2,1,0,0,0,0,6,6,6,3,0,0,0,0,5,6,6,0,0,0,3,6,6,6,3,0,0,0,0,6,6,6,0,0,0,3,6,6,6,3,0,0,0,0,4,6,6,5,4,4,6,6,6,5,0,0,0,0,0,3,6,6,6,6,6,6,6,5,0,0,0,0,0,0,1,4,4,4,4,4,4,4,1,0,0,4,"mfeat-pixel","att60",0.9
5,6,6,6,6,6,6,6,6,6,4,4,6,4,1,1,4,3,0,2,2,3,5,6,6,6,6,6,6,2,0,0,0,0,0,0,0,0,4,6,6,6,6,5,0,0,0,0,0,0,0,0,0,5,6,6,6,1,0,-1.16,0,0,0,0,0,0,0,4,6,6,6,2,0,0,0,0,0,0,0,0,0,4,6,6,6,3,0,0,0,0,0,0,0,0,1,5,6,6,6,6,5,2,1,0,0,0,0,0,2,6,6,6,6,6,6,6,6,6,2,0,0,0,0,2,6,6,6,6,6,6,6,6,6,6,0,0,0,0,0,1,2,2,2,5,6,6,6,6,6,0,0,0,0,0,0,0,0,0,0,6,6,6,6,6,0,0,0,0,0,0,0,0,0,0,4,6,6,6,6,2,0,0,5,6,6,5,1,0,0,5,6,6,6,5,0,0,0,5,6,6,6,6,3,3,6,6,6,6,3,0,0,0,1,6,6,6,6,6,6,6,6,6,6,2,0,0,0,0,3,4,4,4,4,4,4,4,3,1,0,0,4,"mfeat-pixel","att60",0.9
5,6,6,6,6,6,6,4,6,6,6,5,1,0,0,5,6,6,6,6,6,6,6,6,6,6,6,5,0,0,0,2,2,2,2,0,1,6,6,6,6,6,5,0,0,0,0,0,0,0,0,4,6,6,6,6,6,3,0,-2.26,0,0,0,0,0,5,6,6,6,6,6,6,5,1,0,0,0,0,0,5,6,6,6,6,6,6,6,6,5,0,0,0,0,0,5,6,5,3,2,3,6,6,6,6,3,0,0,0,0,0,0,0,0,0,1,6,6,6,6,2,0,0,0,0,0,0,0,0,1,5,6,6,6,5,0,0,0,0,0,0,0,0,3,6,6,6,6,3,0,0,0,0,0,0,0,1,5,6,6,6,5,1,0,0,0,0,0,0,0,3,6,6,6,6,3,0,0,0,0,0,0,0,1,5,6,6,6,6,1,0,0,0,0,0,0,0,2,6,6,6,6,6,3,0,0,0,0,0,0,0,0,6,6,6,6,6,6,0,0,0,0,0,0,0,0,0,4,4,4,4,4,3,0,0,0,0,0,0,0,0,4,"mfeat-pixel","att60",0.9
3,6,6,6,6,5,4,5,6,6,6,4,3,1,0,6,6,6,6,6,6,6,6,6,6,6,6,6,6,2,1,2,3,5,6,6,6,4,6,6,6,6,6,6,1,0,0,0,0,0,0,0,0,4,6,6,6,6,2,-1.5,0,0,0,0,0,0,1,5,6,6,6,6,6,0,0,0,0,0,0,0,3,6,6,6,6,6,5,1,0,0,0,0,0,0,5,6,6,6,6,6,3,0,0,0,0,0,0,0,5,6,6,6,6,6,6,6,6,6,5,1,0,0,3,6,6,6,6,6,6,6,6,6,6,6,3,0,0,0,3,6,6,6,5,5,6,6,6,6,6,3,0,0,0,0,0,0,0,0,0,6,6,6,6,6,3,0,0,0,0,0,0,1,2,5,6,6,6,6,4,0,0,0,0,0,0,1,6,6,6,6,6,6,5,0,0,0,0,0,1,5,6,6,6,6,5,4,3,0,0,0,0,0,0,5,6,6,6,6,4,0,0,0,0,0,0,0,0,0,3,4,4,4,4,1,0,0,0,0,0,0,4,"mfeat-pixel","att60",0.9
2,6,6,6,6,6,6,6,4,1,0,0,0,0,0,1,5,6,4,5,6,6,6,6,6,2,0,0,0,0,0,0,0,0,0,5,6,6,6,5,0,0,0,0,0,0,0,0,0,0,4,6,6,6,3,0,0,0,0,2.8,0,0,0,0,2,6,6,6,6,6,2,0,0,0,0,0,0,0,3,6,6,6,6,6,6,6,2,0,0,0,0,0,5,6,6,6,6,6,6,6,6,6,3,0,0,0,1,6,6,6,5,2,0,2,5,6,6,6,1,0,0,5,6,6,6,3,0,0,0,3,6,6,6,5,0,0,5,6,6,6,2,0,0,0,3,6,6,6,6,0,0,0,2,2,0,0,0,0,0,2,6,6,6,6,2,0,0,0,0,0,0,0,0,0,0,6,6,6,6,3,0,0,0,0,0,0,0,0,1,5,6,6,6,4,0,0,3,5,6,4,2,2,3,6,6,6,6,5,0,0,2,6,6,6,6,6,6,6,6,6,6,3,0,0,0,0,0,0,0,0,2,4,4,4,4,1,0,0,0,0,4,"mfeat-pixel","att60",0.9
0,0,0,3,6,6,4,4,4,4,4,4,4,1,0,0,0,3,6,6,6,6,6,6,6,6,6,6,6,0,0,0,0,3,5,6,4,4,6,6,6,6,6,4,0,0,0,0,0,0,0,0,2,6,6,6,6,5,0,1.73,0,0,0,0,0,0,2,6,6,6,6,6,0,0,0,0,0,0,0,0,3,6,6,6,6,6,6,5,4,1,0,0,0,0,5,6,6,6,6,6,6,6,6,6,3,0,0,0,5,6,6,6,5,2,3,6,6,6,6,6,0,0,2,6,6,4,1,0,0,0,1,6,6,6,6,0,0,0,0,0,0,0,0,0,0,0,6,6,6,6,0,0,0,0,0,0,0,0,0,0,0,6,6,6,6,0,0,0,0,0,0,0,0,0,0,1,6,6,6,3,0,2,2,2,2,2,0,0,0,3,6,6,6,5,1,3,6,6,6,6,6,5,4,6,6,6,6,3,0,0,5,6,6,6,6,6,6,6,6,6,5,1,0,0,0,0,0,3,4,4,4,4,4,2,0,0,0,0,0,0,4,"mfeat-pixel","att60",0.9
2,6,5,4,4,4,4,4,4,4,4,4,1,0,0,6,6,6,6,6,6,6,6,6,6,6,6,5,0,0,3,4,4,6,4,4,5,6,6,6,6,6,4,0,0,0,0,0,0,0,0,0,4,6,6,6,6,0,0,-1.94,0,0,0,0,0,0,0,3,6,6,6,6,3,0,0,0,0,0,0,0,0,3,6,6,6,6,6,6,5,1,0,0,0,0,3,6,6,6,6,6,6,6,6,6,3,0,0,0,4,6,6,6,6,3,0,0,4,6,6,6,0,0,0,6,6,6,5,1,0,0,0,5,6,6,6,0,0,0,3,4,3,0,0,0,0,2,6,6,6,5,0,0,0,0,0,0,0,0,0,3,6,6,6,6,3,0,0,0,0,0,0,0,1,5,6,6,6,3,2,0,0,0,0,0,0,0,0,4,6,6,6,5,0,0,0,0,0,0,0,0,0,0,6,6,6,3,0,0,0,0,0,0,0,0,0,0,2,6,6,6,0,0,0,0,0,0,0,0,0,0,0,2,4,4,3,0,0,0,0,0,4,"mfeat-pixel","att60",0.9
0,0,0,0,0,2,6,6,6,6,6,5,4,2,0,0,0,0,0,0,0,3,6,6,6,6,6,6,6,5,0,0,0,0,0,0,0,0,4,6,6,6,6,6,2,0,0,0,0,0,0,0,2,6,6,6,6,6,3,-1.54,0,0,0,0,0,0,3,6,6,6,6,6,3,0,0,0,0,0,1,4,5,6,6,6,6,5,1,0,0,0,0,0,0,3,6,6,6,6,6,6,2,0,0,0,0,0,0,0,2,6,6,6,6,6,6,1,0,0,0,0,0,0,0,0,0,3,6,6,6,6,4,0,0,0,0,0,0,0,0,0,0,6,6,6,6,6,0,0,0,0,0,0,0,0,0,0,6,6,6,6,3,0,0,0,0,0,0,0,0,0,0,4,6,6,6,3,0,0,0,0,1,2,2,2,2,5,6,6,6,6,3,0,0,0,0,6,6,6,6,6,6,6,6,6,6,1,0,0,0,0,5,6,6,6,6,6,6,6,6,1,0,0,0,0,0,0,2,4,4,4,4,4,4,1,0,0,0,0,0,0,4,"mfeat-pixel","att60",0.9
0,3,6,3,2,2,1,0,1,3,4,4,4,3,0,2,6,6,6,6,6,6,6,6,6,6,6,6,6,3,0,1,3,4,4,6,6,6,6,6,6,6,6,5,0,0,0,0,0,0,1,6,6,6,6,6,6,6,1,-0.84,0,0,0,0,0,4,6,6,6,6,6,6,1,0,0,0,0,0,1,5,6,6,6,6,6,6,6,3,1,0,0,3,4,6,6,6,6,6,6,6,6,6,6,6,5,3,6,6,6,6,6,6,6,5,3,2,4,6,6,6,2,6,6,5,4,3,1,0,0,0,0,0,3,6,6,0,0,0,0,0,0,0,0,0,0,0,2,6,6,6,0,0,0,0,0,0,0,0,0,0,0,3,6,6,6,0,0,0,0,0,0,0,0,0,0,0,3,6,6,6,0,0,0,0,0,0,0,0,0,0,3,6,6,6,5,5,6,6,5,3,1,0,0,1,5,6,6,6,3,0,5,6,6,6,6,6,6,6,6,6,6,6,6,0,0,1,4,4,4,4,4,4,4,4,4,4,4,3,0,0,4,"mfeat-pixel","att60",0.9
0,1,3,4,4,4,4,6,6,5,4,4,4,6,5,5,6,6,6,6,6,6,6,6,6,6,6,6,6,3,5,6,4,2,0,0,1,6,6,6,6,6,6,1,0,0,0,0,0,0,0,0,6,6,6,6,6,6,0,0.84,0,0,0,0,0,3,5,6,6,6,6,6,6,2,0,0,0,0,3,5,6,6,6,3,2,3,6,6,6,1,0,2,6,6,6,6,5,1,0,0,2,6,6,6,2,0,1,5,6,4,1,0,0,0,0,3,6,6,6,0,0,0,0,0,0,0,0,0,0,0,3,6,6,6,0,0,0,0,0,0,0,0,0,0,0,3,6,6,6,0,0,0,0,0,0,0,0,0,0,0,3,6,6,6,0,0,0,0,0,0,0,0,0,0,0,5,6,6,4,0,0,0,0,0,0,0,0,0,0,0,6,6,6,1,0,0,0,3,4,4,4,3,1,0,3,6,6,6,3,0,0,0,6,6,6,6,6,6,6,6,6,6,5,1,0,0,0,3,4,4,4,4,4,4,4,2,0,0,0,0,4,"mfeat-pixel","att60",0.9
5,6,6,6,6,6,4,4,6,6,4,3,0,0,0,5,6,6,6,6,6,6,6,6,6,6,5,0,0,0,0,0,0,0,2,3,6,6,6,6,6,1,0,0,0,0,0,0,0,0,1,6,6,6,6,2,0,0,0,-1.26,0,0,0,0,2,6,6,6,6,6,3,1,0,0,0,0,0,0,3,6,6,6,6,6,6,6,6,5,1,0,0,0,0,6,6,6,6,6,6,6,6,6,6,6,3,0,0,0,3,6,5,4,4,2,2,5,6,6,6,6,0,0,0,0,0,0,0,0,0,1,5,6,6,6,4,0,0,0,0,0,0,0,0,3,6,6,6,6,6,2,0,0,0,0,0,0,1,5,6,6,6,6,4,1,0,0,0,0,0,0,0,3,6,6,6,6,2,0,0,0,0,0,0,0,0,2,6,6,6,6,1,0,0,0,0,0,0,0,0,2,6,6,6,6,4,0,0,0,0,0,0,0,0,0,5,6,6,6,5,0,0,0,0,0,0,0,0,0,0,0,3,4,3,0,0,0,0,0,0,0,4,"mfeat-pixel","att60",0.9
3,6,6,6,6,4,4,6,6,6,6,6,6,5,1,5,6,6,5,4,5,6,6,6,6,6,6,6,5,1,0,0,0,0,0,0,0,4,6,6,6,6,3,0,0,0,0,0,0,0,0,1,5,6,6,6,2,0,0,0.18,0,0,0,0,0,0,5,6,6,6,2,0,0,0,0,0,0,0,0,0,1,6,6,6,6,1,0,0,0,0,0,0,0,0,1,5,6,6,6,6,6,3,0,0,0,0,0,0,5,6,6,6,6,6,6,6,6,5,0,0,0,0,0,5,6,6,6,6,6,6,6,6,6,1,0,0,0,0,0,0,0,0,0,1,5,6,6,6,5,0,0,0,0,0,0,0,0,0,0,0,6,6,6,6,0,0,0,0,0,0,0,0,0,0,0,6,6,6,6,0,0,0,0,0,0,0,0,0,0,1,6,6,6,6,0,0,0,0,3,4,3,2,2,3,6,6,6,6,6,0,0,0,3,6,6,6,6,6,6,6,6,6,6,4,0,0,0,0,3,4,4,4,4,4,4,4,4,3,0,0,4,"mfeat-pixel","att60",0.9
3,5,5,4,5,6,6,6,6,6,2,0,0,0,0,6,6,6,6,6,6,6,6,6,6,5,0,0,0,0,1,4,2,2,2,3,6,6,6,6,6,0,0,0,0,0,0,0,0,0,2,6,6,6,6,3,0,0,0,-1.06,0,0,0,0,2,6,6,6,6,6,4,0,0,0,0,0,0,0,0,6,6,6,6,6,6,6,5,4,1,0,0,0,0,0,3,6,6,6,6,6,6,6,6,3,0,0,0,0,0,0,0,0,0,0,1,6,6,6,5,0,0,0,0,0,0,0,0,0,0,0,6,6,6,6,3,0,0,0,0,0,0,0,0,0,0,6,6,6,6,3,0,0,0,0,0,0,0,0,0,0,3,6,6,6,3,0,0,0,0,2,4,0,0,0,0,3,6,6,6,5,0,0,0,3,6,4,0,0,0,0,3,6,6,6,3,0,0,3,6,6,5,1,1,3,4,6,6,6,5,0,0,0,0,5,6,6,6,6,6,6,6,6,6,2,0,0,0,0,1,4,4,4,4,4,4,4,2,0,0,0,4,"mfeat-pixel","att60",0.9
3,4,4,4,6,4,4,4,4,6,6,4,3,0,0,6,6,6,6,6,6,6,6,6,6,6,6,6,0,0,5,6,6,6,6,6,6,6,6,6,6,6,5,0,0,0,0,0,0,3,6,6,6,6,6,6,4,0,0,2.07,0,0,0,2,5,6,6,6,6,6,6,6,4,1,0,0,0,2,6,6,6,6,6,6,6,6,6,6,6,0,0,0,0,6,6,6,6,5,4,5,6,6,6,6,4,0,0,0,1,2,2,1,0,0,0,6,6,6,6,6,0,0,0,0,0,0,0,0,0,3,6,6,6,6,6,0,0,0,0,0,0,0,1,5,6,6,6,6,6,2,0,0,0,0,0,0,0,6,6,6,6,6,5,1,0,0,0,0,0,0,1,5,6,6,6,6,3,0,0,0,0,0,0,0,1,5,6,6,6,6,4,0,0,0,0,0,0,0,3,6,6,6,6,6,3,0,0,0,0,0,0,0,3,6,6,6,6,6,1,0,0,0,0,0,0,0,0,0,3,4,4,4,3,0,0,0,0,0,0,0,4,"mfeat-pixel","att60",0.9
6,6,6,6,6,6,6,6,6,2,0,0,0,0,0,3,4,4,4,6,6,6,6,5,1,0,0,0,0,0,0,0,0,0,3,6,6,6,4,0,0,0,0,0,0,0,0,0,0,6,6,6,6,6,5,3,1,0,0,1.2,0,0,0,0,6,6,6,6,6,6,6,6,3,0,0,0,0,0,0,6,6,6,6,6,6,6,6,6,4,0,0,0,0,0,6,6,6,3,0,1,5,6,6,6,0,0,0,0,0,3,6,3,0,0,0,0,6,6,6,2,0,0,0,0,0,0,0,0,0,0,0,6,6,6,6,0,0,0,0,0,0,0,0,0,0,0,6,6,6,6,0,0,0,0,0,1,4,1,0,0,0,6,6,6,6,0,0,0,0,2,6,6,6,0,0,0,6,6,6,3,0,0,0,0,6,6,6,6,1,0,4,6,6,6,0,0,0,0,0,2,6,6,6,5,2,6,6,6,6,0,0,0,0,0,0,4,6,6,6,6,6,6,6,5,0,0,0,0,0,0,1,4,4,4,4,4,4,4,1,0,4,"mfeat-pixel","att60",0.9
0,0,2,6,6,6,6,5,4,4,4,4,4,4,3,0,0,0,2,5,6,6,6,6,6,6,6,6,6,5,0,0,0,0,0,1,2,3,6,6,6,6,6,3,0,0,0,0,0,0,0,0,1,6,6,6,6,1,0,-2.85,0,0,0,0,0,0,3,6,6,6,6,6,0,0,0,0,0,0,0,0,1,6,6,6,6,6,6,0,0,0,0,0,0,0,0,1,5,6,6,6,6,6,3,0,0,0,0,0,0,0,0,0,2,5,6,6,6,4,0,0,0,0,0,0,0,0,0,0,0,6,6,6,6,3,0,0,0,0,0,0,0,0,0,0,6,6,6,6,6,2,0,0,0,0,0,0,0,0,0,6,6,6,6,5,0,0,0,0,0,0,0,0,0,0,6,6,6,6,3,0,0,2,1,0,0,0,0,0,3,6,6,6,6,1,0,5,6,6,3,2,2,2,5,6,6,6,6,1,0,0,3,6,6,6,6,6,6,6,6,6,4,1,0,0,0,0,0,3,4,4,4,4,4,3,0,0,0,0,0,0,4,"mfeat-pixel","att60",0.9
0,0,0,3,6,6,6,6,6,6,4,2,0,0,0,0,0,0,3,6,6,6,6,6,6,6,6,5,1,0,0,0,0,0,0,0,0,0,3,6,6,6,6,6,0,0,0,0,0,0,0,0,0,1,6,6,6,6,5,1.29,0,0,0,0,0,1,2,4,6,6,6,6,5,0,0,0,0,0,0,2,6,6,6,6,6,6,6,3,0,0,0,0,0,0,2,6,6,6,6,6,6,6,6,3,0,0,0,0,0,0,1,2,2,2,5,6,6,6,6,3,0,0,0,0,0,0,0,0,0,0,4,6,6,6,5,0,0,0,0,0,0,0,0,0,0,5,6,6,6,6,0,0,0,0,0,0,0,0,0,3,6,6,6,6,5,0,0,0,0,0,0,0,0,0,5,6,6,6,6,2,0,0,0,0,0,0,0,1,5,6,6,6,6,3,0,3,6,6,6,6,6,6,6,6,6,6,6,2,0,0,5,6,6,6,6,6,6,6,6,6,6,1,0,0,0,0,2,4,4,4,4,4,4,4,4,1,0,0,0,0,4,"mfeat-pixel","att60",0.9
0,3,4,4,4,4,4,4,4,6,6,6,3,0,0,3,6,6,6,6,6,6,6,6,6,6,6,6,0,0,1,4,3,2,2,2,3,6,6,6,6,6,1,0,0,0,0,0,0,0,0,1,6,6,6,6,1,0,0,2.08,0,0,0,0,0,3,6,6,6,6,6,0,0,0,0,0,0,0,1,5,6,6,6,6,6,6,5,2,1,0,0,0,2,6,6,6,6,6,6,6,6,6,6,6,0,0,0,0,2,4,4,4,2,2,5,6,6,6,6,0,0,0,0,0,0,0,0,0,0,0,6,6,6,6,2,0,0,0,0,0,0,0,0,0,2,6,6,6,6,2,0,0,0,0,0,0,0,0,0,6,6,6,6,6,0,0,0,0,0,0,0,0,1,5,6,6,6,4,1,0,0,0,0,0,0,0,3,6,6,6,5,1,0,0,0,0,0,0,0,1,5,6,6,6,5,0,0,0,0,0,0,0,0,2,6,6,6,6,5,0,0,0,0,0,0,0,0,0,4,4,4,4,3,0,0,0,0,0,0,0,4,"mfeat-pixel","att60",0.9
1,5,6,6,6,6,6,6,6,6,6,6,3,0,0,6,6,6,6,6,6,6,6,6,6,6,6,6,2,0,2,6,6,6,6,6,6,6,6,6,6,6,6,2,0,0,1,5,6,6,6,6,4,5,6,6,6,4,0,-2.67,0,0,0,3,5,6,3,0,5,6,6,6,3,0,0,0,0,0,0,0,0,0,1,6,6,6,4,0,0,0,0,0,0,0,0,0,0,5,6,6,6,3,0,0,0,0,0,0,0,0,0,3,6,6,6,6,5,1,0,0,0,0,0,0,0,0,4,6,6,6,6,6,6,3,0,0,0,0,0,0,4,6,6,6,6,6,6,6,6,2,0,0,0,0,0,6,6,6,6,6,6,6,6,6,3,0,0,0,0,0,6,6,6,4,1,0,6,6,6,3,0,0,0,0,0,1,2,1,0,0,0,5,6,6,3,0,0,0,2,2,1,1,2,2,2,2,5,6,6,6,2,6,6,6,6,6,6,6,6,6,6,6,6,6,3,1,4,4,4,4,4,4,4,4,4,4,4,4,4,1,4,"mfeat-pixel","att60",0.9
0,1,2,1,1,3,4,4,4,4,4,6,6,3,0,5,6,6,6,6,6,6,6,6,6,6,6,6,5,0,1,2,4,4,4,2,2,5,6,6,6,6,5,0,0,0,0,0,0,0,0,0,4,6,6,6,5,1,0,0.3,0,0,0,0,0,0,5,6,6,6,6,1,0,0,0,0,0,0,0,0,2,6,6,6,6,6,0,0,0,0,0,0,0,0,3,6,6,6,6,6,6,5,1,0,0,0,0,0,2,6,6,6,6,6,6,6,6,6,2,0,0,0,0,0,0,0,0,0,3,6,6,6,6,6,1,0,0,0,0,0,0,0,0,0,6,6,6,6,6,2,0,0,0,0,0,0,0,0,0,2,6,6,6,6,0,0,0,0,0,0,0,0,0,0,2,6,6,6,6,2,0,5,6,6,5,0,0,0,1,5,6,6,6,6,1,0,6,6,6,6,5,2,3,6,6,6,6,6,3,0,0,1,5,6,6,6,6,6,6,6,6,5,1,0,0,0,0,0,3,4,4,4,4,4,3,1,0,0,0,0,4,"mfeat-pixel","att60",0.9
0,0,1,3,4,4,4,4,4,5,6,6,5,4,1,0,6,6,6,6,6,6,6,6,6,6,6,6,6,5,0,0,0,0,2,2,2,3,6,6,6,6,6,3,0,0,0,0,0,0,0,0,1,6,6,6,6,6,3,-1.04,0,0,0,0,0,0,1,5,6,6,6,6,6,6,2,0,0,0,0,0,0,3,6,6,6,6,6,6,6,3,0,0,0,0,0,1,6,6,6,6,6,6,6,6,3,0,0,0,0,0,6,6,6,6,2,4,6,6,6,1,0,0,0,0,0,2,6,5,1,0,5,6,6,6,0,0,0,0,0,0,0,0,0,0,3,6,6,6,3,0,0,0,0,0,0,0,0,0,0,4,6,6,5,0,0,0,0,0,0,0,0,0,1,5,6,6,5,1,0,0,0,0,0,0,0,0,0,5,6,6,6,1,0,0,0,1,4,4,4,4,4,5,6,6,6,4,0,0,0,0,4,6,6,6,6,6,6,6,6,5,1,0,0,0,0,4,4,4,4,4,4,4,4,2,0,0,0,0,0,0,4,"mfeat-pixel","att60",0.9
0,0,0,0,3,4,6,6,6,6,6,6,6,6,2,0,0,0,0,3,4,4,4,6,6,6,6,6,6,2,0,0,0,0,0,0,0,0,4,6,6,6,6,1,0,0,0,0,0,0,0,1,5,6,6,6,6,1,0,-2.43,0,0,0,0,0,1,6,6,6,6,6,6,3,0,0,0,0,0,0,3,6,6,6,6,6,6,6,6,5,1,0,0,0,3,6,6,6,5,3,3,6,6,6,6,5,0,0,0,0,3,4,2,0,0,0,3,6,6,6,4,0,0,0,0,0,0,0,0,0,0,0,4,6,6,4,0,0,0,0,0,0,0,0,0,0,0,3,6,6,6,0,0,0,0,0,0,0,0,0,0,1,5,6,6,5,0,0,0,0,0,0,0,0,0,0,5,6,6,6,1,0,3,4,3,1,0,0,0,0,4,6,6,6,2,0,2,6,6,6,6,4,4,2,5,6,6,6,2,0,0,0,1,4,6,6,6,6,6,6,6,6,5,0,0,0,0,0,0,1,3,4,4,4,4,4,3,0,0,0,0,4,"mfeat-pixel","att60",0.9
0,0,0,0,0,2,2,2,3,4,4,5,6,4,1,0,0,5,6,6,6,6,6,6,6,6,6,6,6,1,0,0,1,3,4,5,6,6,6,6,6,6,6,4,0,0,0,0,0,0,0,0,1,6,6,6,6,6,3,1.24,0,0,0,0,0,0,0,3,6,6,6,6,3,0,0,0,0,0,0,2,4,5,6,6,6,6,4,0,0,0,0,0,3,5,6,6,6,6,6,6,6,6,5,1,0,0,4,6,6,6,6,4,2,2,5,6,6,6,5,0,0,3,6,5,3,0,0,0,0,0,5,6,6,6,1,0,0,0,0,0,0,0,0,0,0,3,6,6,6,3,0,0,0,0,0,0,0,0,0,0,3,6,6,6,5,1,4,6,5,3,0,0,0,0,0,3,6,6,6,3,2,6,6,6,6,1,0,0,0,0,3,6,6,6,3,0,6,6,6,6,5,2,1,0,1,6,6,6,6,1,0,1,5,6,6,6,6,6,6,6,6,6,4,3,0,0,0,0,0,2,4,4,4,4,4,4,1,0,0,0,4,"mfeat-pixel","att60",0.9
3,6,6,6,6,6,6,6,6,6,4,6,6,5,0,5,6,6,6,6,6,6,6,6,6,6,6,6,3,0,0,1,2,1,0,0,1,5,6,6,6,6,6,2,0,0,0,0,0,0,0,2,5,6,6,6,5,1,0,-2.42,0,0,0,0,1,5,6,6,6,6,6,4,0,0,0,0,0,0,0,6,6,6,6,6,6,6,6,5,1,0,0,0,0,2,6,6,6,6,6,6,6,6,6,6,0,0,0,0,2,6,5,4,2,2,3,6,6,6,6,4,0,0,0,0,0,0,0,0,0,0,4,6,6,6,6,0,0,0,0,0,0,0,0,0,0,4,6,6,6,6,0,0,0,0,0,0,0,0,0,0,5,6,6,6,6,0,3,4,3,0,0,0,0,0,0,4,6,6,6,6,3,6,6,6,5,0,0,0,0,1,6,6,6,6,5,2,6,6,6,6,1,0,1,3,6,6,6,6,5,1,0,6,6,6,6,6,6,6,6,6,6,6,5,0,0,0,3,4,4,4,4,4,4,4,4,4,3,0,0,0,4,"mfeat-pixel","att60",0.9
3,6,6,6,6,6,6,6,6,6,6,6,6,5,1,6,6,6,6,6,6,6,6,6,6,6,6,6,6,1,1,2,0,0,0,4,6,6,6,6,6,6,5,1,0,0,0,0,0,3,6,6,6,6,6,6,1,0,0,-0.21,0,1,4,5,6,6,6,6,6,6,6,3,0,0,0,0,4,6,6,6,6,6,6,6,6,6,6,6,5,0,0,5,6,6,6,6,6,6,6,6,6,6,6,6,0,0,0,0,0,0,0,0,4,6,6,6,6,6,5,0,0,0,0,0,0,0,3,6,6,6,6,6,6,1,0,0,0,0,0,0,4,6,6,6,6,6,5,3,0,0,0,0,0,0,2,6,6,6,6,6,3,0,0,0,0,0,0,0,0,5,6,6,6,5,1,0,0,0,0,0,0,0,2,5,6,6,6,5,0,0,0,0,0,0,0,0,3,6,6,6,6,6,1,0,0,0,0,0,0,0,1,6,6,6,6,5,3,0,0,0,0,0,0,0,0,2,4,4,4,3,0,0,0,0,0,0,0,0,0,0,4,"mfeat-pixel","att60",0.9
2,6,6,6,6,6,6,6,6,6,5,0,0,0,0,5,6,6,6,6,6,6,6,6,6,5,0,0,0,0,0,0,0,1,2,3,6,6,6,6,3,0,0,0,0,0,0,0,0,0,2,6,6,6,6,4,0,0,0,3.04,0,0,0,0,3,6,6,6,6,6,6,5,1,0,0,0,0,0,5,6,6,6,6,5,4,6,6,6,2,0,0,0,0,5,6,6,6,3,0,0,2,6,6,6,1,0,0,0,1,6,6,5,0,0,0,0,1,6,6,4,0,0,0,0,3,3,0,0,0,0,0,0,6,6,6,0,0,0,0,0,0,0,0,0,0,0,0,6,6,5,0,0,0,0,0,0,0,0,0,0,0,0,6,6,3,0,0,0,0,0,0,0,1,0,0,0,0,6,6,5,0,0,0,0,0,0,3,4,1,0,1,5,6,6,5,0,0,0,0,0,2,6,6,6,6,6,6,6,5,1,0,0,0,0,0,3,6,6,6,6,6,6,5,1,0,0,0,0,0,0,1,4,4,4,4,4,4,1,0,0,4,"mfeat-pixel","att60",0.9
3,4,6,6,4,4,4,4,4,4,4,6,4,3,0,5,6,6,6,6,6,6,6,6,6,6,6,6,4,0,0,3,3,1,0,4,6,6,6,6,6,5,3,0,0,0,0,0,0,0,6,6,6,6,6,1,0,0,0,0.63,0,0,0,0,1,6,6,6,6,6,3,0,0,0,0,0,0,0,3,6,6,6,6,6,6,6,5,1,0,0,0,0,0,5,6,6,6,6,6,6,6,6,5,1,0,0,0,0,0,2,1,0,1,3,5,6,6,6,6,0,0,0,0,0,0,0,0,0,0,1,6,6,6,6,1,0,0,0,0,0,0,0,0,0,3,6,6,6,6,2,0,0,0,0,0,0,0,0,0,3,6,6,6,6,0,0,0,0,0,0,0,0,0,0,5,6,6,6,6,0,0,0,0,0,0,0,0,0,3,6,6,6,6,4,0,0,0,3,4,4,4,4,5,6,6,6,6,5,0,0,0,2,6,6,6,6,6,6,6,6,6,3,0,0,0,0,0,3,4,4,4,4,4,4,3,0,0,0,0,0,4,"mfeat-pixel","att60",0.9
0,0,0,1,5,6,6,4,6,6,5,5,6,5,1,0,0,0,1,5,6,6,6,6,6,6,6,6,5,1,0,0,0,0,0,2,2,3,6,6,6,6,6,0,0,0,0,0,0,0,0,0,0,6,6,6,5,1,0,-1.24,0,0,0,0,0,1,4,5,6,6,5,0,0,0,0,0,0,0,0,2,6,6,6,6,6,3,0,0,0,0,0,0,0,0,5,6,6,6,6,6,6,4,1,0,0,0,0,0,4,6,6,6,4,4,6,6,6,6,2,0,0,0,0,3,6,3,0,0,0,1,5,6,6,6,0,0,0,0,0,0,0,0,0,0,0,3,6,6,6,1,0,0,0,0,0,0,0,0,0,0,3,6,6,6,3,0,0,0,0,0,0,0,0,0,1,6,6,6,5,0,0,0,0,0,0,0,0,0,1,5,6,6,6,3,0,1,4,4,1,0,0,0,2,6,6,6,6,6,0,0,5,6,6,6,3,2,3,6,6,6,6,3,1,0,0,0,3,4,4,4,4,4,4,4,4,1,0,0,0,0,4,"mfeat-pixel","att60",0.9
3,6,6,6,6,6,6,6,6,6,6,6,6,6,3,3,4,4,5,6,6,6,6,6,6,6,6,6,6,3,0,0,0,0,0,0,6,6,6,6,6,6,5,1,0,0,0,0,0,3,6,6,6,6,6,6,3,0,0,-1.21,0,0,1,3,6,6,6,6,6,6,6,3,1,0,0,0,5,6,6,6,6,6,6,6,6,6,6,6,5,1,4,6,6,6,6,6,6,6,6,6,6,6,6,6,5,5,6,6,6,6,3,0,4,6,6,6,6,6,6,3,0,0,0,0,0,0,0,5,6,6,6,6,6,6,1,0,0,0,0,1,2,3,6,6,6,6,6,6,3,0,0,0,0,0,6,6,6,6,6,6,6,6,2,0,0,0,0,0,1,6,6,6,6,6,5,2,0,0,0,0,0,1,4,6,6,6,6,6,5,1,0,0,0,0,0,0,6,6,6,6,6,6,4,0,0,0,0,0,0,0,0,6,6,6,6,6,6,2,0,0,0,0,0,0,0,0,3,4,4,4,4,3,0,0,0,0,0,0,0,0,4,"mfeat-pixel","att60",0.9
5,6,6,6,5,5,6,6,6,6,6,3,0,0,0,6,6,6,6,6,6,6,6,6,6,6,5,0,0,0,1,2,2,1,0,4,6,6,6,6,3,0,0,0,0,0,0,0,0,0,3,6,6,6,6,1,0,0,0,-2.49,0,0,0,0,2,6,6,6,6,6,6,5,2,0,0,0,0,0,0,3,6,6,6,6,6,6,6,6,5,1,0,0,0,3,6,6,6,6,5,4,5,6,6,6,3,0,0,3,6,6,6,6,3,0,0,0,6,6,6,3,0,0,3,6,6,6,2,0,0,0,3,6,6,6,5,0,0,2,6,3,0,0,0,1,5,6,6,6,6,2,0,0,0,0,0,0,0,1,5,6,6,6,3,0,0,0,0,0,0,0,0,0,6,6,6,5,1,0,0,0,0,0,0,0,0,0,1,6,6,6,3,0,0,0,0,0,0,0,0,0,0,3,6,6,6,3,0,0,0,0,0,0,0,0,0,0,3,6,6,6,2,0,0,0,0,0,0,0,0,0,0,1,4,4,1,0,0,0,0,0,4,"mfeat-pixel","att60",0.9
0,0,0,3,6,6,6,6,4,4,4,4,6,3,0,0,0,0,3,6,6,6,6,6,6,6,6,6,6,5,0,0,0,0,1,2,3,6,6,6,6,6,6,6,5,0,0,0,0,0,0,1,6,6,6,6,6,5,1,-0.36,0,0,0,0,0,2,6,6,6,6,6,1,0,0,0,0,0,0,0,3,6,6,6,6,6,6,1,0,0,0,0,0,0,5,6,6,6,6,6,6,6,6,3,0,0,0,0,0,5,6,6,5,4,4,5,6,6,6,5,0,0,0,0,0,1,1,0,0,0,0,4,6,6,6,0,0,0,0,0,0,0,0,0,0,0,3,6,6,6,2,0,0,0,0,0,0,0,0,0,0,0,4,6,6,6,0,0,0,0,0,0,0,0,0,0,0,6,6,6,6,1,5,6,5,3,0,0,0,0,0,1,6,6,6,4,1,5,6,6,6,5,2,2,2,3,6,6,6,6,3,0,0,3,5,6,6,6,6,6,6,6,6,6,5,0,0,0,0,0,3,4,4,4,4,4,4,4,4,1,0,4,"mfeat-pixel","att60",0.9
0,0,0,2,6,6,6,6,6,4,2,2,0,0,0,0,0,0,0,3,6,6,6,6,6,6,6,6,6,3,0,0,0,0,0,1,4,6,6,6,6,6,6,6,6,0,0,0,0,0,0,1,6,6,6,6,6,5,4,1.64,0,0,0,0,0,3,6,6,6,6,6,6,1,0,0,0,0,0,0,3,6,6,6,6,6,6,6,6,2,0,0,0,0,0,2,6,6,5,4,5,6,6,6,5,0,0,0,0,0,0,1,1,0,0,2,6,6,6,3,0,0,0,0,0,0,0,0,0,0,0,6,6,6,3,0,0,0,0,0,0,0,0,0,0,4,6,6,6,6,0,0,0,0,0,0,0,0,0,5,6,6,6,6,2,0,0,0,0,0,0,1,2,5,6,6,6,6,3,0,0,0,0,0,1,5,6,6,6,6,6,5,1,0,0,0,0,2,4,6,6,6,6,6,6,3,0,0,0,0,0,5,6,6,6,6,6,6,3,0,0,0,0,0,0,0,4,4,4,4,4,4,1,0,0,0,0,0,0,0,0,4,"mfeat-pixel","att60",0.9
0,0,1,2,4,4,4,4,5,5,3,0,0,0,0,3,5,6,6,6,6,6,6,6,6,6,2,0,0,0,3,4,4,4,6,6,6,6,6,3,0,0,0,0,0,0,0,0,0,4,6,6,6,1,0,0,0,0,0,-0.09,0,0,0,3,6,6,6,6,1,0,0,0,0,0,0,0,0,5,6,6,6,6,6,6,3,1,0,0,0,0,0,0,3,5,6,6,6,6,6,6,6,3,0,0,0,0,0,0,0,0,0,0,1,5,6,6,6,5,0,0,0,0,0,0,0,0,0,0,0,3,6,6,6,5,0,0,0,0,0,0,0,0,0,0,0,4,6,6,6,5,0,0,0,0,0,0,0,0,0,3,6,6,6,6,6,0,0,0,0,0,0,0,0,0,0,6,6,6,6,4,0,0,0,0,0,0,0,0,0,4,6,6,6,6,0,0,1,3,6,6,6,3,2,5,6,6,6,6,5,0,5,6,6,6,6,6,6,6,6,6,6,6,3,0,0,3,4,4,4,4,4,4,4,4,4,4,3,0,0,0,4,"mfeat-pixel","att60",0.9
0,1,3,4,4,4,3,2,3,4,6,3,0,0,0,5,6,6,6,6,6,6,6,6,6,6,6,0,0,0,1,5,6,6,6,6,6,6,6,6,3,1,0,0,0,0,0,0,0,1,6,6,6,6,1,0,0,0,0,1.97,0,0,0,0,3,6,6,6,6,5,3,0,0,0,0,0,0,0,0,3,6,6,6,6,6,6,5,0,0,0,0,0,0,1,6,6,6,6,6,6,6,6,5,3,0,0,0,5,6,6,6,6,5,5,6,6,6,6,6,0,0,0,1,5,6,6,3,0,0,6,6,6,6,6,0,0,0,0,0,1,1,0,0,0,4,6,6,6,6,2,0,0,0,0,0,0,0,0,0,4,6,6,6,6,6,0,0,0,0,0,0,0,0,0,4,6,6,6,6,6,0,0,0,0,0,0,0,0,0,1,6,6,6,6,2,0,0,5,6,6,6,5,4,5,6,6,6,6,4,0,0,0,1,3,6,6,6,6,6,6,6,6,5,0,0,0,0,0,0,3,4,4,4,4,4,4,3,0,0,0,4,"mfeat-pixel","att60",0.9
0,0,3,5,6,6,5,5,6,3,0,0,0,0,0,0,0,5,6,6,6,6,6,6,6,5,0,0,0,0,0,0,0,1,5,6,6,6,6,6,6,0,0,0,0,0,0,0,0,0,6,6,6,6,6,6,0,0,0,-0.38,0,0,0,0,1,6,6,6,6,6,6,1,0,0,0,0,0,0,1,6,6,6,6,6,6,6,6,3,0,0,0,0,0,3,6,6,6,6,6,6,6,6,6,3,0,0,0,0,2,6,6,6,6,6,6,6,6,6,6,2,0,0,0,0,1,5,5,4,1,1,6,6,6,6,3,0,0,0,0,0,0,0,0,0,0,3,6,6,6,6,0,0,0,0,0,0,0,0,0,0,3,6,6,6,6,0,1,2,2,1,0,0,0,0,0,3,6,6,6,6,2,6,6,6,6,3,0,0,0,0,3,6,6,6,6,6,6,6,6,6,6,5,2,4,4,6,6,6,6,6,2,6,6,6,6,6,6,6,6,6,6,6,6,6,5,0,0,0,2,4,4,4,4,4,4,4,4,4,4,1,4,"mfeat-pixel","att60",0.9
1,4,5,5,4,5,5,5,5,4,4,4,4,4,1,6,6,6,6,6,6,6,6,6,6,6,6,6,6,6,1,2,4,4,2,2,2,5,6,6,6,6,6,6,2,0,0,0,0,0,0,0,4,6,6,6,6,6,3,1.51,0,0,0,0,0,0,4,6,6,6,6,6,4,0,0,0,0,0,0,0,5,6,6,6,6,6,5,0,0,0,0,0,0,0,3,6,6,6,6,6,6,3,0,0,0,0,0,0,0,3,6,6,6,6,6,6,6,4,1,0,0,0,0,0,5,6,6,6,6,6,6,6,6,3,0,0,0,0,0,0,3,4,4,4,6,6,6,6,5,1,0,0,0,0,0,0,0,0,0,3,6,6,6,6,6,0,0,0,0,0,0,0,0,0,0,6,6,6,6,6,0,0,0,0,0,0,0,0,0,0,6,6,6,6,3,0,0,0,0,1,2,2,4,4,5,6,6,6,6,3,0,0,0,0,6,6,6,6,6,6,6,6,6,5,1,0,0,0,0,2,4,4,4,4,4,4,4,2,0,0,4,"mfeat-pixel","att60",0.9
5,6,6,4,6,5,4,4,3,0,0,0,0,0,0,5,6,6,6,6,6,6,6,6,3,0,0,0,0,0,0,0,1,6,6,6,6,6,6,6,3,0,0,0,0,0,0,1,6,6,6,6,6,6,6,6,3,0,0,0.83,0,0,5,6,6,6,6,6,6,6,6,6,3,0,0,1,5,6,6,6,6,6,6,6,6,6,6,6,0,0,1,5,6,6,6,6,6,6,6,6,6,6,6,0,0,0,0,2,2,2,2,2,5,6,6,6,6,6,0,0,0,0,0,0,0,0,0,1,6,6,6,6,6,2,0,0,0,0,0,0,0,0,0,3,6,6,6,6,6,0,0,0,0,0,0,0,0,0,6,6,6,6,6,6,0,0,0,0,0,0,0,0,0,4,6,6,6,6,6,0,0,1,4,4,4,3,1,1,5,6,6,6,6,6,2,0,6,6,6,6,6,6,6,6,6,6,6,6,6,2,0,1,5,6,6,6,6,6,6,6,6,6,4,1,0,0,0,0,1,4,4,4,4,4,4,4,1,0,0,0,4,"mfeat-pixel","att60",0.9
3,6,4,4,4,4,4,4,4,4,4,4,3,0,0,6,6,6,6,6,6,6,6,6,6,6,6,6,0,0,1,2,2,2,2,2,5,6,6,6,6,6,1,0,0,0,0,0,0,0,0,4,6,6,6,6,1,0,0,-1.1,0,0,0,0,1,5,6,6,6,6,6,3,0,0,0,0,0,0,0,6,6,6,6,6,6,6,6,5,3,0,0,0,0,0,1,3,4,4,6,6,6,6,6,6,0,0,0,0,0,0,0,0,0,1,6,6,6,6,6,3,0,0,0,0,0,0,0,0,1,6,6,6,6,6,0,0,0,0,0,0,0,0,0,5,6,6,6,6,3,0,0,0,0,0,0,0,0,3,6,6,6,6,3,0,0,0,0,0,0,0,0,3,6,6,6,6,4,0,0,0,0,0,0,0,1,5,6,6,6,6,3,0,0,0,0,0,0,0,2,6,6,6,6,6,1,0,0,0,0,0,0,0,0,6,6,6,6,6,2,0,0,0,0,0,0,0,0,0,3,4,4,4,1,0,0,0,0,0,0,0,4,"mfeat-pixel","att60",0.9
2,6,6,6,6,6,6,5,4,4,4,4,4,4,3,0,3,5,6,6,6,6,6,6,6,6,6,6,6,5,0,0,0,0,0,0,0,1,6,6,6,6,6,1,0,0,0,0,0,0,0,1,5,6,6,6,6,2,0,0.62,0,1,4,4,4,4,6,6,6,6,4,1,0,0,0,2,6,6,6,6,6,6,6,6,6,5,2,1,0,0,1,4,4,4,4,3,2,3,6,6,6,6,6,0,0,0,0,0,0,0,0,0,0,1,6,6,6,6,2,0,0,0,0,0,0,0,0,0,0,3,6,6,6,6,0,0,0,0,0,0,0,0,0,0,3,6,6,6,6,0,3,4,1,0,0,0,0,0,0,3,6,6,6,6,0,6,6,6,2,0,0,0,0,0,3,6,6,6,2,0,6,6,6,6,3,0,0,0,0,4,6,6,6,0,0,3,6,6,6,6,4,0,0,3,6,6,6,4,0,0,0,1,5,6,6,6,6,6,6,6,6,5,0,0,0,0,0,0,3,4,4,4,4,4,4,3,0,0,0,0,4,"mfeat-pixel","att60",0.9
3,5,6,6,5,4,4,4,4,4,4,4,4,1,0,3,6,6,6,6,6,6,6,6,6,6,6,6,2,0,0,1,2,2,2,5,6,6,6,6,6,6,4,0,0,0,0,0,0,0,0,4,6,6,6,6,6,2,0,1.63,0,0,0,0,0,1,6,6,6,6,5,1,0,0,0,0,0,0,0,1,6,6,6,6,6,4,0,0,0,0,0,0,0,1,6,6,6,6,6,6,6,6,3,0,0,0,0,1,6,6,6,6,6,4,6,6,6,6,3,0,0,0,6,6,6,6,3,0,0,3,6,6,6,6,3,0,0,3,4,3,0,0,0,0,0,5,6,6,6,5,0,0,0,0,0,0,0,0,0,0,3,6,6,6,3,0,0,0,0,0,0,0,0,0,0,4,6,6,6,3,0,0,0,0,0,0,0,0,0,3,6,6,6,6,1,0,0,0,1,2,2,2,2,5,6,6,6,6,1,0,0,0,2,6,6,6,6,6,6,6,6,5,1,0,0,0,0,1,4,4,4,4,4,4,2,0,0,0,0,0,4,"mfeat-pixel","att60",0.9
0,0,0,0,0,2,4,4,4,4,5,5,4,3,0,0,0,0,1,5,6,6,5,4,6,6,6,6,6,5,0,0,3,6,6,5,1,0,0,0,2,5,6,6,6,0,2,6,6,5,0,0,0,0,0,0,3,6,6,8.1,0,6,6,6,3,0,0,0,0,0,0,3,6,6,6,0,6,6,6,3,0,0,0,0,0,0,1,4,6,3,0,6,6,6,5,0,0,0,0,0,0,0,0,0,0,0,3,6,6,6,4,0,0,0,0,0,0,0,0,0,0,0,1,5,6,6,6,4,4,4,4,5,5,1,0,0,0,0,2,6,6,6,6,6,6,6,6,6,3,0,0,0,0,0,4,6,6,6,6,6,5,2,2,0,0,0,0,1,3,6,6,6,5,4,1,0,0,0,0,0,0,2,6,6,6,5,1,0,0,0,0,0,0,0,0,0,6,6,6,6,1,0,0,0,0,0,0,0,0,0,4,6,6,6,6,6,6,6,5,4,4,4,4,3,0,3,4,4,4,4,4,4,4,4,4,4,4,4,3,0,4,"mfeat-pixel","att60",0.9
0,4,4,4,4,4,4,4,4,4,4,1,0,0,0,0,0,2,3,4,4,5,6,6,6,6,1,0,0,0,0,0,0,0,0,0,0,6,6,6,3,0,0,0,0,0,0,0,0,0,0,3,6,6,6,4,0,0,0,-1.71,0,0,0,0,0,4,6,6,6,6,6,6,5,1,0,0,0,0,1,5,6,6,6,6,6,6,6,6,5,0,0,0,0,4,6,6,5,2,0,3,6,6,6,6,1,0,0,2,6,6,4,0,0,0,0,2,6,6,6,3,0,0,0,0,2,0,0,0,0,0,0,3,6,6,4,0,0,0,0,0,0,0,0,0,0,0,3,6,6,6,0,0,0,0,0,0,0,0,0,0,0,5,6,6,6,0,2,2,1,0,0,0,0,0,0,3,6,6,6,6,2,6,6,6,2,0,0,0,0,0,3,6,6,6,6,0,4,6,6,6,3,1,0,1,3,6,6,6,6,2,0,0,3,5,6,6,6,6,6,6,6,6,6,3,0,0,0,0,0,2,4,4,4,4,4,4,2,0,0,0,4,"mfeat-pixel","att60",0.9
0,2,4,4,4,4,4,4,4,4,6,3,0,0,0,5,6,6,6,6,6,6,6,6,6,6,6,3,0,0,5,6,6,6,5,5,6,6,6,6,6,5,0,0,0,0,0,0,0,0,0,6,6,6,6,5,1,0,0,2.06,0,0,0,0,0,0,6,6,6,6,1,0,0,0,0,0,0,0,0,0,1,6,6,6,6,5,4,4,2,0,0,0,0,0,0,3,6,6,6,6,6,6,6,6,5,0,0,0,0,0,1,5,6,6,6,6,6,6,6,3,0,0,0,0,0,0,0,0,0,4,6,6,6,6,3,0,0,0,0,0,0,0,0,0,5,6,6,6,6,1,0,0,0,0,0,0,0,0,4,6,6,6,6,1,0,0,0,0,0,0,0,0,4,6,6,6,6,2,0,0,0,0,0,0,0,0,4,6,6,6,5,1,0,0,0,0,0,0,0,0,0,6,6,6,5,0,0,0,0,0,0,0,0,0,0,2,6,6,6,0,0,0,0,0,0,0,0,0,0,0,2,4,4,4,0,0,0,0,0,0,4,"mfeat-pixel","att60",0.9
0,3,4,4,4,6,4,4,4,4,6,4,1,0,0,3,6,6,6,6,6,6,6,6,6,6,6,1,0,0,0,2,2,2,2,3,6,6,6,6,6,1,0,0,0,0,0,0,0,0,1,6,6,6,6,1,0,0,0,-0.55,0,0,0,0,1,5,6,6,6,6,1,0,0,0,0,0,0,0,3,6,6,6,6,6,6,6,3,0,0,0,0,0,2,6,6,6,6,4,6,6,6,6,5,0,0,0,0,0,1,2,2,1,0,2,6,6,6,6,1,0,0,0,0,0,0,0,0,0,0,6,6,6,6,5,0,0,0,0,0,0,0,0,0,0,4,6,6,6,6,1,0,0,0,0,0,0,0,0,0,0,6,6,6,6,3,0,0,0,0,0,0,0,0,0,2,6,6,6,6,1,0,0,0,0,0,0,0,0,1,6,6,6,6,6,0,0,0,0,0,0,0,0,1,5,6,6,6,6,4,0,0,0,1,5,6,6,6,6,6,6,6,6,4,0,0,0,0,4,4,4,4,4,4,4,4,4,3,0,0,0,4,"mfeat-pixel","att60",0.9
5,6,6,6,6,6,6,5,4,4,3,0,0,0,0,6,6,6,6,6,6,6,6,6,6,6,5,0,0,0,1,2,3,4,4,5,6,6,6,6,5,1,0,0,0,0,0,0,0,0,0,6,6,6,4,0,0,0,0,1.57,0,0,0,0,0,3,6,6,6,3,0,0,0,0,0,0,0,0,1,2,5,6,6,6,5,2,1,0,0,0,0,0,0,6,6,6,6,6,6,6,6,6,3,0,0,0,0,0,3,4,6,6,6,6,6,6,6,6,2,0,0,0,0,0,0,0,0,0,2,5,6,6,6,6,1,0,0,0,0,0,0,0,0,0,1,5,6,6,6,3,0,0,0,0,0,0,0,0,0,0,0,6,6,6,0,0,0,0,0,0,0,0,0,0,0,3,6,6,4,0,0,0,0,3,4,1,0,0,0,3,6,6,6,3,0,0,0,2,6,6,5,2,0,1,5,6,6,6,1,0,0,0,6,6,6,6,6,6,6,6,6,6,6,0,0,0,0,3,4,4,4,4,4,4,4,4,4,3,0,0,4,"mfeat-pixel","att60",0.9
0,0,0,1,3,4,4,4,4,6,6,6,6,6,5,0,0,3,6,6,6,6,6,6,6,6,6,6,6,2,0,0,0,2,2,2,1,0,4,6,6,6,5,1,0,0,0,0,0,0,0,0,1,6,6,6,3,0,0,-2.42,0,0,0,0,0,1,3,6,6,6,1,0,0,0,0,0,0,0,0,0,6,6,6,6,6,5,1,0,0,0,0,0,0,0,0,3,4,6,6,6,6,6,2,0,0,0,0,0,0,0,0,0,1,5,6,6,6,3,0,0,0,0,0,0,0,0,0,0,3,6,6,6,3,0,0,0,0,0,0,0,0,0,0,3,6,6,6,6,0,0,0,0,0,0,0,0,0,0,3,6,6,6,3,0,0,0,0,0,0,0,0,0,0,4,6,6,6,3,0,0,1,2,4,3,0,0,1,5,6,6,6,6,0,0,0,5,6,6,6,6,6,6,6,6,6,6,3,0,0,0,1,5,6,6,6,6,6,6,6,5,1,0,0,0,0,0,0,1,3,4,4,4,4,3,0,0,0,0,0,0,4,"mfeat-pixel","att60",0.9
6,6,6,6,6,6,6,5,4,6,6,6,6,6,2,5,6,6,6,6,6,6,6,6,6,6,6,6,6,1,0,3,4,2,3,4,5,6,6,6,6,6,6,2,0,0,0,0,0,0,0,0,4,6,6,6,6,1,0,-0.09,0,0,0,0,0,0,2,6,6,6,6,6,6,3,0,0,0,0,0,0,1,5,6,6,6,6,6,6,6,5,0,0,0,0,1,5,6,6,6,4,3,4,6,6,6,0,0,0,2,6,6,6,5,1,0,0,3,6,6,6,0,0,0,2,6,6,6,2,0,0,0,3,6,6,6,0,0,0,0,1,2,1,0,0,0,0,5,6,6,6,0,0,0,0,0,0,0,0,0,0,3,6,6,6,5,0,0,0,0,0,0,0,0,0,1,6,6,6,5,1,0,0,0,0,0,0,0,0,3,6,6,6,5,1,0,0,0,0,1,2,2,3,5,6,6,6,4,0,0,0,0,0,2,6,6,6,6,6,6,6,3,0,0,0,0,0,0,1,4,4,4,4,4,3,0,0,0,0,0,0,4,"mfeat-pixel","att60",0.9
0,0,0,0,0,0,0,0,0,0,0,2,6,5,1,0,0,0,0,0,0,0,0,0,0,0,4,6,6,6,0,0,0,0,0,0,0,0,0,0,2,6,6,6,6,0,0,0,0,0,0,0,0,0,0,3,6,6,6,4.36,0,0,0,0,0,0,0,0,0,0,3,6,6,6,6,0,0,0,0,0,0,0,0,0,0,3,6,6,6,6,0,0,0,0,0,0,0,0,0,0,6,6,6,6,6,0,0,0,0,0,0,0,0,0,0,5,6,6,6,6,1,2,2,1,0,0,0,0,0,0,5,6,6,6,6,6,6,6,6,0,0,0,0,0,3,6,6,6,6,4,4,6,6,3,0,0,2,2,2,5,6,6,6,6,3,0,6,6,4,0,4,6,6,6,6,6,6,6,6,5,0,6,6,6,6,6,6,6,6,6,6,6,6,6,1,0,5,6,6,6,6,6,6,6,6,6,6,6,5,0,0,1,6,6,6,6,6,6,6,6,6,4,0,0,0,0,0,1,2,4,4,4,4,4,4,4,2,0,0,0,4,"mfeat-pixel","att60",0.9
0,0,5,6,6,6,6,6,6,6,6,5,3,0,0,0,0,1,3,4,4,4,6,6,6,6,6,3,0,0,0,0,0,0,0,0,0,4,6,6,6,3,0,0,0,0,0,0,0,0,0,0,6,6,6,6,1,0,0,-0.17,0,0,0,0,0,0,4,6,6,6,3,0,0,0,0,0,0,0,0,0,4,6,6,6,6,5,1,0,0,0,0,0,0,0,5,6,6,6,6,6,6,6,5,0,0,0,0,0,3,6,6,6,6,4,6,6,6,6,1,0,0,0,0,2,6,4,2,0,0,1,5,6,6,5,0,0,0,0,0,0,0,0,0,0,0,3,6,6,6,1,0,0,0,0,0,0,0,0,0,0,3,6,6,6,5,1,2,2,0,0,0,0,0,0,0,3,6,6,6,2,6,6,6,5,1,0,0,0,0,0,3,6,6,6,0,1,5,6,6,6,4,3,0,0,1,5,6,6,6,2,0,0,3,5,6,6,6,5,4,6,6,6,6,4,1,0,0,0,0,2,4,4,4,4,4,4,2,0,0,0,4,"mfeat-pixel","att60",0.9
0,5,6,6,6,6,6,6,6,6,6,6,3,0,0,0,6,6,6,6,6,6,6,6,6,6,6,3,0,0,0,1,2,2,2,3,6,6,6,6,6,3,0,0,0,0,0,0,0,0,2,6,6,6,6,3,0,0,0,-1.86,0,0,0,0,3,6,6,6,6,4,0,0,0,0,0,0,0,1,5,6,6,6,6,6,6,6,6,5,1,0,0,3,6,6,6,6,6,6,6,6,6,6,6,6,3,0,4,6,6,6,6,6,6,4,4,5,6,6,6,6,0,0,3,3,2,2,2,0,0,0,1,6,6,6,6,0,0,0,0,0,0,0,0,0,0,5,6,6,6,6,0,0,0,0,0,0,0,0,0,1,5,6,6,6,5,0,0,0,0,0,0,0,0,1,5,6,6,6,6,1,0,0,3,3,2,2,4,4,6,6,6,6,6,1,0,1,5,6,6,6,6,6,6,6,6,6,6,1,0,0,1,5,6,6,6,6,6,6,6,6,5,1,0,0,0,0,0,1,3,4,4,4,4,2,0,0,0,0,0,0,4,"mfeat-pixel","att60",0.9
0,0,3,4,6,6,5,4,4,5,5,4,2,0,0,0,0,3,6,6,6,6,6,6,6,6,6,6,6,5,0,0,0,0,2,2,2,4,5,6,6,6,6,6,1,0,0,0,0,0,0,0,0,1,6,6,6,5,1,1.62,0,0,0,0,0,0,0,3,6,6,6,5,0,0,0,0,0,0,0,0,3,6,6,6,6,6,3,0,0,0,0,0,0,0,5,6,6,4,6,6,6,6,2,0,0,0,0,0,0,3,4,1,0,0,3,6,6,6,1,0,0,0,0,0,0,0,0,0,0,0,3,6,6,5,0,0,0,0,0,0,0,0,0,0,0,2,6,6,6,4,0,0,0,0,0,0,0,0,0,0,0,6,6,6,4,0,0,0,0,0,0,0,0,0,0,0,6,6,6,3,2,6,5,1,0,0,0,0,0,0,0,6,6,6,2,3,6,6,6,4,2,0,0,0,2,5,6,5,1,0,1,4,5,6,6,6,6,6,6,6,6,6,2,0,0,0,0,0,3,4,4,4,4,4,4,2,0,0,0,0,4,"mfeat-pixel","att60",0.9
0,0,2,6,4,4,4,4,5,6,6,6,5,1,0,0,0,0,2,4,4,4,6,6,6,6,6,6,6,0,0,0,0,0,0,0,0,4,6,6,6,6,4,1,0,0,0,0,0,0,0,2,6,6,6,5,1,0,0,-2.97,0,0,0,0,0,0,3,6,6,6,0,0,0,0,0,0,0,0,0,0,3,6,6,6,6,5,1,0,0,0,0,0,0,3,6,6,6,6,6,6,6,6,3,0,0,0,0,2,6,6,6,6,5,2,5,6,6,6,5,0,0,0,1,5,6,6,5,1,0,1,5,6,6,6,0,0,0,0,0,0,0,0,0,0,0,0,6,6,6,1,0,0,0,0,0,0,0,0,0,0,3,6,6,6,3,0,1,2,0,0,0,0,0,0,3,6,6,6,6,0,2,6,6,4,0,0,0,0,0,3,6,6,6,6,0,1,6,6,6,5,3,0,0,1,6,6,6,6,2,0,0,1,5,6,6,6,6,4,6,6,6,6,3,0,0,0,0,0,3,4,4,4,4,4,4,3,1,0,0,0,4,"mfeat-pixel","att60",0.9
1,4,4,4,4,4,4,4,4,5,6,5,1,0,0,6,6,6,6,6,6,6,6,6,6,6,6,6,2,0,2,6,6,4,2,2,3,6,6,6,6,6,6,3,0,0,0,0,0,0,0,2,6,6,6,6,6,4,0,-3.01,0,0,0,0,0,0,5,6,6,6,6,6,4,0,0,0,0,0,0,0,5,6,6,6,6,6,6,6,5,1,0,0,0,0,0,6,6,6,6,6,6,6,6,6,5,0,0,0,0,0,1,4,4,4,6,6,6,6,6,6,0,0,0,0,0,0,0,0,0,3,6,6,6,6,4,0,0,0,0,0,0,0,0,1,6,6,6,6,6,3,0,0,0,0,0,0,1,4,6,6,6,6,6,3,0,0,0,0,0,0,3,6,6,6,6,6,5,1,0,0,0,0,0,0,4,6,6,6,6,3,0,0,0,0,0,0,0,0,3,6,6,6,6,3,0,0,0,0,0,0,0,0,2,6,6,6,6,4,0,0,0,0,0,0,0,0,0,2,4,4,4,4,2,0,0,0,0,0,0,0,4,"mfeat-pixel","att60",0.9
0,3,6,6,6,6,4,4,4,4,3,2,2,0,0,0,3,4,5,6,6,6,6,6,6,6,6,6,5,0,0,0,0,0,1,2,2,3,6,6,6,6,6,3,0,0,0,0,0,0,0,0,2,6,6,6,5,1,0,-0.55,0,0,0,0,0,0,3,6,6,6,6,1,0,0,0,0,0,0,0,0,5,6,6,6,6,6,6,1,0,0,0,0,0,0,2,6,6,6,6,6,6,6,6,2,0,0,0,0,0,6,6,6,6,6,4,6,6,6,6,0,0,0,0,0,1,5,5,3,0,0,1,6,6,6,4,0,0,0,0,0,0,0,0,0,0,0,6,6,6,5,0,0,0,0,0,0,0,0,0,0,0,6,6,6,1,0,0,0,0,0,0,0,0,0,0,3,6,6,6,0,0,0,0,1,2,1,0,0,0,0,3,6,6,6,0,0,0,2,6,6,6,0,0,0,3,6,6,6,4,0,0,0,4,6,6,6,5,4,5,6,6,6,5,0,0,0,0,3,4,4,4,4,4,4,4,4,3,0,0,0,4,"mfeat-pixel","att60",0.9
5,6,6,6,6,6,6,6,6,6,6,6,6,2,0,1,5,6,6,6,6,6,6,6,6,6,6,6,4,0,0,0,0,0,0,0,3,6,6,6,6,6,6,6,4,0,0,0,0,0,3,6,6,6,6,6,6,6,6,8.43,0,0,0,0,5,6,6,6,5,4,4,6,6,6,6,0,0,0,5,6,6,6,5,0,0,0,1,6,6,6,0,0,0,3,6,6,5,1,0,0,0,5,6,6,6,0,0,0,0,1,1,0,0,0,0,0,6,6,6,6,0,0,0,0,0,0,0,0,0,0,0,6,6,6,6,0,0,0,0,0,0,0,0,0,0,0,6,6,6,6,0,0,0,0,0,0,0,0,0,0,3,6,6,6,6,0,0,0,0,0,0,0,0,0,5,6,6,6,6,2,0,0,0,0,0,0,0,1,5,6,6,6,5,1,0,0,0,0,0,0,0,1,6,6,6,6,6,2,0,0,0,0,0,0,3,6,6,6,6,6,3,1,0,0,0,0,0,0,2,4,4,4,4,4,3,0,0,0,0,0,4,"mfeat-pixel","att60",0.9
0,2,4,4,4,5,6,6,6,6,6,5,0,0,0,0,4,6,6,4,4,6,6,6,6,6,4,0,0,0,0,0,0,0,0,0,4,6,6,6,6,0,0,0,0,0,0,0,0,0,2,6,6,6,5,1,0,0,0,2.56,0,0,0,0,1,5,6,6,6,0,0,0,0,0,0,0,0,0,0,6,6,6,6,6,3,2,1,0,0,0,0,0,0,1,6,6,6,6,6,6,6,6,1,0,0,0,0,0,2,6,6,6,6,6,6,6,6,6,1,0,0,0,0,0,1,2,2,0,1,6,6,6,6,6,1,0,0,0,0,0,0,0,0,0,3,6,6,6,6,5,0,0,0,0,0,0,0,0,0,1,5,6,6,6,4,0,1,1,0,0,0,0,0,0,0,3,6,6,6,3,2,6,6,2,0,0,0,0,0,0,4,6,6,6,3,2,6,6,6,1,0,0,0,1,5,6,6,6,5,1,0,3,6,6,6,6,6,6,6,6,6,5,3,0,0,0,0,1,2,4,4,4,4,4,3,1,0,0,0,0,4,"mfeat-pixel","att60",0.9
5,6,6,6,6,6,6,6,6,6,6,6,6,2,0,3,6,6,6,6,6,6,6,6,6,6,6,6,2,0,0,0,0,1,6,6,6,6,6,6,6,4,0,0,0,0,0,1,5,6,6,6,6,6,6,6,5,1,0,0.43,0,0,6,6,6,6,6,6,6,6,6,6,6,3,0,0,0,3,6,6,6,4,2,2,3,6,6,6,6,2,0,0,0,0,0,0,0,0,0,0,6,6,6,6,3,0,0,0,0,0,0,0,0,0,0,3,6,6,6,5,0,0,0,0,0,0,0,0,0,0,0,6,6,6,3,0,0,1,2,2,1,0,0,0,0,3,6,6,6,4,0,2,6,6,6,6,0,0,0,0,3,6,6,6,5,0,2,6,6,6,6,0,0,0,0,4,6,6,6,0,0,0,3,6,6,6,5,0,0,2,6,6,6,6,0,0,0,0,3,6,6,6,5,2,5,6,6,6,1,0,0,0,0,0,3,6,6,6,6,6,6,6,2,0,0,0,0,0,0,0,3,4,4,4,4,4,1,0,0,0,4,"mfeat-pixel","att60",0.9
1,4,4,4,4,4,4,4,6,6,5,1,0,0,0,3,6,6,6,6,6,6,6,6,6,6,2,0,0,0,1,4,4,4,5,6,6,6,6,6,3,0,0,0,0,0,0,0,0,0,6,6,6,6,4,0,0,0,0,-0.41,0,0,0,0,4,6,6,6,6,6,6,4,1,0,0,0,0,0,2,6,6,6,5,5,6,6,6,6,2,0,0,0,0,0,3,4,3,0,0,1,5,6,6,6,1,0,0,0,0,0,0,0,0,0,0,1,6,6,6,3,0,0,0,0,0,0,0,0,0,0,0,3,6,6,5,0,0,0,0,0,0,0,0,0,0,0,3,6,6,6,0,0,0,0,0,0,0,0,0,0,0,3,6,6,6,0,0,0,0,1,4,3,0,0,0,0,3,6,6,6,0,0,0,0,3,6,6,5,0,0,0,3,6,6,6,0,0,0,0,3,6,6,6,5,2,3,6,6,6,4,0,0,0,0,2,6,6,6,6,6,6,6,6,6,1,0,0,0,0,0,1,3,4,4,4,4,4,4,1,0,4,"mfeat-pixel","att60",0.9
0,3,4,4,4,4,6,4,6,6,6,5,0,0,0,2,6,6,6,6,6,6,6,6,6,6,6,0,0,0,0,1,3,5,6,5,4,6,6,6,6,6,0,0,0,0,0,0,0,0,0,1,5,6,6,6,2,0,0,-1.1,0,0,0,0,0,3,6,6,6,6,6,3,0,0,0,0,0,0,0,4,6,6,6,6,6,6,6,5,3,0,0,0,0,4,6,6,6,5,2,5,6,6,6,6,2,0,0,4,6,6,5,1,0,0,0,3,6,6,6,3,0,0,3,4,3,0,0,0,0,0,0,6,6,6,6,0,0,0,0,0,0,0,0,0,0,0,6,6,6,6,0,0,0,0,0,0,0,0,0,0,2,6,6,6,6,0,0,0,0,0,0,0,0,0,2,6,6,6,6,1,0,0,0,0,0,0,0,0,1,6,6,6,5,1,0,0,0,1,2,2,2,3,5,6,6,6,6,1,0,0,0,2,6,6,6,6,6,6,6,6,6,3,0,0,0,0,1,4,4,4,4,4,4,3,1,0,0,0,0,0,4,"mfeat-pixel","att60",0.9
0,2,4,4,4,4,4,4,5,6,4,1,0,0,0,5,6,6,6,6,6,6,6,6,6,6,2,0,0,0,1,2,0,0,2,5,6,6,6,6,3,0,0,0,0,0,0,0,0,0,0,6,6,6,6,1,0,0,0,-1.26,0,0,0,0,0,3,6,6,6,6,6,3,0,0,0,0,0,0,0,3,6,6,6,6,6,6,6,5,1,0,0,0,0,0,5,6,6,6,5,5,6,6,6,5,0,0,0,0,3,6,6,6,5,0,0,4,6,6,6,3,0,0,0,4,6,6,3,0,0,0,0,6,6,6,5,0,0,0,3,6,3,0,0,0,0,0,6,6,6,4,0,0,0,0,0,0,0,0,0,0,0,4,6,6,3,0,0,0,0,0,0,0,0,0,0,2,6,6,6,3,0,0,0,0,0,0,0,0,0,0,5,6,6,6,2,0,0,0,0,0,0,0,0,0,1,6,6,6,4,0,0,0,0,0,0,0,2,6,6,6,6,6,6,0,0,0,0,0,0,0,0,2,4,4,4,4,4,3,0,0,4,"mfeat-pixel","att60",0.9
3,4,4,4,4,4,6,4,4,6,6,6,3,0,0,6,6,6,6,6,6,6,6,6,6,6,6,6,0,0,1,2,2,2,2,0,4,6,6,6,6,6,2,0,0,0,0,0,0,0,0,5,6,6,6,6,3,0,0,0.46,0,0,0,0,1,5,6,6,6,6,6,6,3,0,0,0,0,0,2,6,6,6,6,6,6,6,6,6,5,1,0,0,0,1,5,6,6,6,5,5,6,6,6,6,3,0,0,0,0,0,0,0,0,0,0,6,6,6,6,3,0,0,0,0,0,0,0,0,0,1,6,6,6,5,1,0,0,0,0,0,0,0,0,1,5,6,6,6,1,0,0,0,0,0,0,0,0,0,5,6,6,6,4,0,0,0,0,0,0,0,0,0,2,6,6,6,5,0,0,0,0,0,0,0,0,0,2,6,6,6,6,1,0,0,0,0,0,0,0,0,0,6,6,6,6,6,0,0,0,0,0,0,0,0,0,0,6,6,6,6,4,0,0,0,0,0,0,0,0,0,0,3,4,4,3,0,0,0,0,0,4,"mfeat-pixel","att60",0.9
0,3,6,6,6,6,6,6,6,6,4,5,5,0,0,0,6,6,6,6,6,6,6,6,6,6,6,3,0,0,2,6,5,4,5,6,6,6,6,6,5,1,0,0,0,0,0,0,0,1,6,6,6,6,4,0,0,0,0,-0.3,0,0,0,2,6,6,6,6,6,6,3,1,0,0,0,0,0,0,3,6,6,6,6,6,6,6,6,6,5,1,0,0,0,4,6,6,6,6,6,6,6,6,6,6,6,0,0,5,6,6,5,3,1,0,4,6,6,6,6,6,0,0,1,2,0,0,0,0,0,3,6,6,6,6,3,0,0,0,0,0,0,0,0,3,6,6,6,6,1,0,0,0,0,0,0,0,0,3,6,6,6,6,6,0,0,0,0,0,0,0,0,3,6,6,6,6,5,1,0,0,0,0,0,0,0,3,6,6,6,6,6,3,0,0,0,0,0,0,1,5,6,6,6,6,6,3,0,0,0,0,0,0,0,3,6,6,6,6,6,5,0,0,0,0,0,0,0,0,2,4,4,4,4,3,0,0,0,0,0,0,4,"mfeat-pixel","att60",0.9
5,6,6,6,6,6,6,6,6,6,6,5,1,0,0,3,6,6,6,6,6,6,6,6,6,6,6,1,0,0,0,3,4,2,2,3,6,6,6,6,6,2,0,0,0,0,0,0,0,0,0,6,6,6,6,6,0,0,0,-3.32,0,0,0,0,0,2,6,6,6,6,6,4,0,0,0,0,0,0,0,3,6,6,6,6,6,6,6,6,3,0,0,0,0,2,6,6,6,6,6,4,6,6,6,6,2,0,0,0,0,3,6,4,2,0,0,3,6,6,6,3,0,0,0,0,0,0,0,0,0,0,5,6,6,6,3,0,0,0,0,0,0,0,0,0,0,5,6,6,6,3,0,0,0,0,0,0,0,0,0,0,5,6,6,6,3,0,0,0,3,4,2,0,0,0,0,6,6,6,6,5,0,0,3,6,6,6,5,3,0,4,6,6,6,6,3,0,0,3,6,6,6,6,6,6,6,6,6,6,6,1,0,0,0,4,6,6,6,6,6,6,6,6,6,2,0,0,0,0,0,3,4,4,4,4,4,4,2,0,0,0,4,"mfeat-pixel","att60",0.9
0,0,1,5,6,6,3,1,0,2,2,1,0,0,0,0,3,6,6,6,6,6,6,6,6,6,6,3,0,0,0,3,4,5,6,6,6,6,6,6,6,6,5,0,0,0,0,0,0,1,2,5,6,6,6,6,3,0,0,0.44,0,0,0,0,0,0,5,6,6,6,6,0,0,0,0,0,0,0,0,1,5,6,6,6,6,6,0,0,0,0,0,0,0,1,6,6,6,6,6,6,6,5,3,0,0,0,0,0,5,6,6,6,6,6,6,6,6,6,2,0,0,0,0,5,6,6,6,6,6,6,6,6,6,6,1,0,0,0,0,2,2,0,0,0,4,6,6,6,6,3,0,0,0,0,0,0,0,0,0,3,6,6,6,6,0,0,0,0,0,0,0,0,0,1,6,6,6,6,6,0,0,1,1,0,0,0,0,0,3,6,6,6,6,3,0,2,6,6,5,4,4,4,4,6,6,6,6,2,0,0,1,6,6,6,6,6,6,6,6,6,6,1,0,0,0,0,1,2,3,4,4,4,4,4,4,1,0,0,0,0,4,"mfeat-pixel","att60",0.9
0,0,0,2,6,6,6,6,5,0,0,0,0,0,0,0,0,0,1,6,6,6,6,6,0,0,0,0,0,0,0,0,0,0,6,6,6,6,6,0,0,0,0,0,0,0,0,0,2,6,6,6,6,6,0,0,0,0,0,-2.53,0,0,1,5,6,6,6,6,3,0,0,0,0,0,0,0,0,6,6,6,6,6,3,0,0,0,0,0,0,0,0,1,6,6,6,6,3,0,0,0,0,3,6,5,1,0,5,6,6,6,6,0,0,0,3,6,6,6,6,3,2,6,6,6,6,6,1,0,0,4,6,6,6,6,5,6,6,6,6,6,6,6,4,2,5,6,6,6,6,6,6,6,6,6,6,6,6,6,6,6,6,6,6,6,6,1,4,4,4,4,4,2,2,2,5,6,6,6,6,6,0,0,0,0,0,0,0,0,0,0,1,6,6,6,6,0,0,0,0,0,0,0,0,0,0,0,6,6,6,6,0,0,0,0,0,0,0,0,0,0,0,5,6,6,6,0,0,0,0,0,0,0,0,0,0,0,1,4,4,3,5,"mfeat-pixel","att60",0.9
0,0,0,0,0,0,0,0,3,6,6,5,1,0,0,0,0,0,0,0,0,0,0,6,6,6,6,2,0,0,0,0,0,0,0,0,0,4,6,6,6,2,0,0,0,0,0,0,0,0,0,3,6,6,6,5,0,0,0,1.01,0,0,0,0,0,0,3,6,6,5,1,0,0,0,0,0,0,0,0,0,1,5,6,6,3,0,0,0,0,0,0,0,0,0,0,5,6,6,6,2,0,0,0,0,0,0,0,0,0,4,6,6,6,2,0,0,0,0,0,0,0,0,0,3,6,6,6,5,0,0,0,3,5,6,5,0,1,5,6,6,6,6,0,0,0,5,6,6,6,4,0,6,6,6,6,6,6,5,3,3,6,6,6,6,3,1,6,6,6,6,6,6,6,6,6,6,6,6,5,1,3,6,6,6,6,6,6,6,6,6,6,6,6,3,0,0,3,4,4,3,1,0,0,1,6,6,6,6,3,0,0,0,0,0,0,0,0,0,2,6,6,6,4,0,0,0,0,0,0,0,0,0,0,2,4,4,3,0,0,0,5,"mfeat-pixel","att60",0.9
0,0,0,2,6,6,6,5,3,0,0,0,0,0,0,0,0,0,3,6,6,6,6,6,0,0,0,0,0,0,0,0,0,3,6,6,6,6,6,0,0,0,0,0,0,0,0,0,3,6,6,6,6,5,0,0,0,0,0,-0.57,0,0,0,3,6,6,6,6,3,0,0,0,0,0,0,0,0,0,3,6,6,6,5,0,0,0,0,0,0,0,0,0,1,6,6,6,6,3,0,0,0,0,2,0,0,0,0,5,6,6,6,5,0,0,0,0,5,6,6,3,0,5,6,6,6,6,1,0,0,0,0,6,6,6,6,3,6,6,6,6,3,0,0,0,0,1,6,6,6,4,3,6,6,6,6,6,4,3,0,0,3,6,6,6,4,3,6,6,6,6,6,6,6,6,4,6,6,6,6,4,5,6,6,5,4,4,4,4,5,5,1,4,6,6,3,1,4,2,0,0,0,0,0,0,0,0,3,6,6,3,0,0,0,0,0,0,0,0,0,0,0,5,6,6,3,0,0,0,0,0,0,0,0,0,0,0,4,4,4,1,5,"mfeat-pixel","att60",0.9
0,0,0,0,0,0,0,0,0,1,5,6,6,2,0,0,0,0,0,0,0,0,0,0,5,6,6,6,2,0,0,0,0,0,0,0,0,0,3,6,6,6,6,0,0,0,0,0,0,0,0,0,4,6,6,6,6,5,0,0.89,0,0,0,0,0,1,5,6,6,6,5,2,0,0,0,0,0,0,0,0,5,6,6,6,6,0,0,0,0,0,0,0,0,0,3,6,6,6,6,2,0,0,0,0,0,0,0,1,5,6,6,6,6,3,0,0,0,2,2,1,0,3,6,6,6,6,6,3,0,0,0,3,6,6,6,2,6,6,6,6,6,6,6,4,4,2,5,6,6,6,1,5,6,6,6,6,6,6,6,6,6,6,6,6,6,0,0,0,0,0,2,2,4,6,6,6,6,6,6,2,0,0,0,0,0,0,0,0,1,6,6,6,6,6,0,0,0,0,0,0,0,0,0,1,6,6,6,6,6,0,0,0,0,0,0,0,0,2,6,6,6,6,6,4,0,0,0,0,0,0,0,0,1,4,4,4,4,4,0,0,5,"mfeat-pixel","att60",0.9
0,0,0,0,0,0,1,5,5,1,0,0,0,0,0,0,0,0,0,0,1,6,6,6,6,0,0,0,0,0,0,0,0,0,0,3,6,6,6,6,0,0,0,0,0,0,0,0,0,0,3,6,6,6,4,0,0,0,0,1.18,0,0,0,0,0,5,6,6,6,1,0,0,0,0,0,0,0,0,0,5,6,6,6,1,0,0,0,0,0,0,0,0,0,5,6,6,6,1,0,0,0,0,0,0,0,0,0,0,6,6,6,3,0,0,0,0,0,0,0,0,0,0,3,6,6,6,1,0,0,0,0,0,0,0,0,0,0,5,6,6,6,0,0,0,0,2,0,0,0,0,0,5,6,6,6,5,0,0,0,5,6,5,1,0,0,3,6,6,6,5,0,0,0,3,6,6,6,3,0,0,5,6,6,6,5,2,4,4,5,6,6,6,5,4,1,5,6,6,6,6,6,6,6,6,6,6,6,6,6,5,0,3,4,4,5,5,3,2,6,6,6,6,6,3,0,0,0,0,0,0,0,0,2,4,4,4,4,2,0,0,5,"mfeat-pixel","att60",0.9
0,0,0,0,0,3,4,4,0,0,0,0,0,0,0,0,0,0,0,0,6,6,6,1,0,0,0,0,0,0,0,0,0,0,3,6,6,6,3,0,0,0,0,0,0,0,0,0,0,5,6,6,6,3,0,0,0,0,0,-0.67,0,0,0,0,6,6,6,6,2,0,0,0,0,0,0,0,0,0,3,6,6,6,1,0,0,0,0,0,0,0,0,0,2,6,6,6,1,0,0,0,0,0,0,0,0,0,2,6,6,6,5,0,0,0,0,0,0,0,0,0,0,4,6,6,6,1,0,0,0,0,0,0,0,0,0,2,6,6,6,5,0,0,1,5,6,3,0,0,0,0,4,6,6,6,4,0,0,5,6,6,6,2,0,0,0,6,6,6,6,6,5,5,6,6,6,6,6,3,2,0,6,6,6,6,6,6,6,6,6,6,6,6,6,6,5,5,6,6,6,4,5,6,6,6,6,6,6,6,4,1,0,0,0,0,0,0,3,6,6,6,6,5,1,0,0,0,0,0,0,0,0,0,0,3,4,3,0,0,0,0,5,"mfeat-pixel","att60",0.9
0,0,0,0,0,0,0,0,0,0,3,6,5,1,0,0,0,0,0,0,0,0,0,0,3,6,6,6,3,0,0,0,0,0,0,0,0,0,2,6,6,6,6,0,0,0,0,0,0,0,0,0,0,3,6,6,6,5,0,1.13,0,0,0,0,0,0,0,1,6,6,6,6,2,0,0,0,0,0,0,0,0,2,6,6,6,6,3,0,0,0,0,0,0,0,0,3,6,6,6,5,1,0,0,0,0,0,0,0,0,3,6,6,6,4,0,0,0,1,1,0,0,0,0,2,6,6,6,6,1,0,0,3,6,6,3,0,0,1,5,6,6,5,1,0,0,0,6,6,6,6,0,3,6,6,6,1,0,0,0,0,1,6,6,6,6,3,6,6,6,6,6,6,5,4,5,6,6,6,6,6,0,3,5,6,6,6,6,6,6,6,6,6,6,6,3,0,0,0,0,2,2,3,4,3,2,6,6,6,6,4,0,0,0,0,0,0,0,0,0,2,6,6,6,6,6,0,0,0,0,0,0,0,0,0,2,4,4,4,4,1,5,"mfeat-pixel","att60",0.9
0,0,0,0,0,0,5,6,6,5,3,0,0,0,0,0,0,0,0,0,0,6,6,6,6,6,2,0,0,0,0,0,0,0,0,2,6,6,6,6,5,0,0,0,0,0,0,0,0,0,3,6,6,5,1,0,0,0,0,0.1,0,0,0,1,4,6,6,6,1,0,0,0,0,0,0,0,0,0,6,6,6,6,6,0,0,0,0,0,0,0,0,0,0,6,6,6,6,3,0,0,0,3,6,5,1,0,1,5,6,6,6,5,0,0,0,3,6,6,6,6,0,6,6,6,6,6,3,0,0,3,6,6,6,6,6,4,6,6,6,6,6,6,4,4,6,6,6,6,6,6,6,6,6,6,6,6,6,6,6,6,6,6,6,6,6,3,6,4,4,4,4,4,4,3,2,3,6,6,6,6,0,0,0,0,0,0,0,0,0,0,1,6,6,6,6,0,0,0,0,0,0,0,0,0,0,6,6,6,6,5,0,0,0,0,0,0,0,0,0,2,6,6,6,6,3,0,0,0,0,0,0,0,0,0,1,4,4,4,4,1,5,"mfeat-pixel","att60",0.9
0,1,5,6,6,2,0,0,0,0,0,0,0,0,0,0,3,6,6,6,3,0,0,0,0,0,0,0,0,0,0,5,6,6,6,3,0,0,0,0,0,0,0,0,0,1,6,6,6,6,3,0,0,0,0,0,0,0,0,2.61,3,6,6,6,6,1,0,0,0,0,0,0,0,0,0,3,6,6,6,6,0,0,0,0,0,0,0,2,1,0,2,6,6,6,6,3,0,0,0,0,1,5,6,6,0,0,6,6,6,6,3,0,0,0,0,3,6,6,6,0,3,6,6,6,6,6,3,2,2,2,5,6,6,6,0,3,6,6,6,6,6,6,6,6,6,6,6,6,6,0,6,6,6,6,6,6,6,6,6,6,6,6,6,6,0,5,6,6,6,6,6,6,6,6,6,6,6,6,6,0,0,0,0,0,0,0,1,3,4,4,6,6,6,6,0,0,0,0,0,0,0,0,0,0,0,4,6,6,6,0,0,0,0,0,0,0,0,0,0,0,6,6,6,6,2,0,0,0,0,0,0,0,0,0,0,2,4,4,4,4,5,"mfeat-pixel","att60",0.9
0,0,0,0,0,0,0,0,1,5,6,6,5,0,0,0,0,0,0,0,0,0,0,5,6,6,6,6,0,0,0,0,0,0,0,0,0,4,6,6,6,6,5,0,0,0,0,0,0,0,0,0,6,6,6,6,5,1,0,1.73,0,0,0,0,0,0,2,6,6,6,6,1,0,0,0,0,0,0,0,0,0,6,6,6,6,1,0,0,0,0,0,0,0,0,0,4,6,6,5,1,0,0,0,0,0,0,0,0,0,2,6,6,6,1,0,1,2,1,0,0,0,0,0,1,6,6,6,6,0,0,6,6,6,3,0,0,0,1,5,6,6,6,4,0,1,6,6,6,6,2,0,1,6,6,6,6,6,5,4,6,6,6,6,6,1,1,6,6,6,6,6,6,6,6,6,6,6,6,6,0,2,6,6,6,6,6,6,6,6,6,6,6,6,4,0,0,0,0,0,0,0,0,1,5,6,6,6,6,3,0,0,0,0,0,0,0,0,0,1,6,6,6,6,5,0,0,0,0,0,0,0,0,0,2,4,4,4,3,0,0,5,"mfeat-pixel","att60",0.9
0,0,0,1,4,4,1,0,0,0,0,0,0,0,0,0,0,0,3,6,6,3,0,0,0,0,0,0,0,0,0,0,1,6,6,6,5,0,0,0,0,0,0,0,0,0,0,3,6,6,6,6,0,0,0,0,0,0,0,0.06,0,0,0,6,6,6,6,0,0,0,0,0,0,0,0,0,0,0,6,6,6,3,0,0,0,0,0,0,0,0,0,0,3,6,6,6,3,0,1,2,0,0,0,0,0,0,0,3,6,6,6,2,2,6,6,6,3,0,0,0,0,0,6,6,6,6,0,2,6,6,6,5,0,0,0,0,1,6,6,6,4,0,2,6,6,6,5,2,2,1,1,6,6,6,6,6,4,6,6,6,6,6,6,6,6,5,6,6,6,6,6,6,6,6,6,6,6,6,6,5,2,6,6,6,6,6,6,6,6,6,6,6,4,0,0,0,1,4,4,3,1,0,0,1,6,6,6,5,0,0,0,0,0,0,0,0,0,0,0,3,6,6,6,2,0,0,0,0,0,0,0,0,0,0,0,1,4,1,0,0,5,"mfeat-pixel","att60",0.9
0,0,0,5,6,6,6,2,0,0,0,0,0,0,0,0,0,1,6,6,6,6,3,0,0,0,0,0,0,0,0,0,5,6,6,6,6,3,0,0,0,0,0,0,0,0,0,0,4,6,6,6,3,0,0,0,0,0,0,-0.97,0,0,3,6,6,6,6,2,0,0,0,0,0,0,0,0,1,6,6,6,6,1,0,0,0,0,0,0,0,0,0,3,6,6,6,6,0,0,0,0,0,0,2,1,0,0,5,6,6,6,6,0,0,0,0,2,6,6,6,0,5,6,6,6,6,6,0,0,0,0,1,6,6,6,2,5,6,6,6,6,6,5,4,4,5,6,6,6,6,6,1,5,6,6,6,6,6,6,6,6,6,6,6,6,4,0,0,0,0,0,0,0,2,5,6,6,6,6,6,3,0,0,0,0,0,0,0,0,0,3,6,6,6,6,1,0,0,0,0,0,0,0,0,0,0,6,6,6,6,3,0,0,0,0,0,0,0,0,0,0,6,6,6,6,0,0,0,0,0,0,0,0,0,0,0,4,4,4,3,0,5,"mfeat-pixel","att60",0.9
0,0,0,0,3,6,3,0,0,0,0,0,0,0,0,0,0,0,0,6,6,6,0,0,0,0,0,0,0,0,0,0,0,1,6,6,6,0,0,0,0,0,0,0,0,0,0,0,5,6,6,6,0,0,0,0,0,0,0,-1.23,0,0,0,6,6,6,6,0,0,0,0,0,0,0,0,0,0,0,6,6,6,6,0,0,0,0,0,0,0,0,0,0,2,6,6,6,6,0,0,0,0,0,0,0,0,0,0,3,6,6,6,4,0,0,0,0,1,1,0,0,0,0,4,6,6,4,0,0,0,0,0,6,6,5,3,0,2,6,6,6,4,0,0,0,0,2,6,6,6,6,0,6,6,6,6,6,1,0,0,0,4,6,6,6,6,0,6,6,6,6,6,6,6,6,6,6,6,6,6,6,3,6,6,6,6,6,6,6,6,6,6,6,6,6,6,1,5,6,5,3,0,0,0,2,3,6,6,6,6,6,0,0,0,0,0,0,0,0,0,0,4,6,6,6,6,0,0,0,0,0,0,0,0,0,0,0,4,4,4,3,5,"mfeat-pixel","att60",0.9
0,3,4,5,6,6,3,0,0,0,0,0,0,0,0,2,6,6,6,6,6,6,0,0,0,0,0,0,0,0,0,4,6,6,6,6,1,0,0,0,0,0,0,0,0,0,3,6,6,6,6,3,0,0,0,0,0,0,0,-1.65,0,1,6,6,6,6,5,0,0,0,0,1,2,2,1,0,0,6,6,6,6,0,0,0,0,5,6,6,6,6,0,0,6,6,6,6,0,0,0,0,3,6,6,6,6,0,0,6,6,6,6,0,0,0,0,0,3,6,6,6,0,2,6,6,6,6,3,2,2,1,0,4,6,6,6,0,3,6,6,6,6,6,6,6,6,6,6,6,6,6,0,6,6,6,6,6,6,6,6,6,6,6,6,6,6,0,1,2,2,3,4,3,2,2,3,5,6,6,6,6,0,0,0,0,0,0,0,0,0,0,0,4,6,6,6,0,0,0,0,0,0,0,0,0,0,0,3,6,6,6,0,0,0,0,0,0,0,0,0,0,0,3,6,6,6,0,0,0,0,0,0,0,0,0,0,0,1,4,4,4,5,"mfeat-pixel","att60",0.9
0,0,0,0,0,0,0,0,3,6,6,6,2,0,0,0,0,0,0,0,0,0,3,6,6,6,6,0,0,0,0,0,0,0,0,0,0,6,6,6,3,1,0,0,0,0,0,0,0,0,0,5,6,6,5,0,0,0,0,0.08,0,0,0,0,0,3,6,6,6,1,0,0,0,0,0,0,0,0,0,3,6,6,6,3,0,0,0,1,2,1,0,0,1,5,6,6,6,1,0,0,0,2,6,6,6,0,1,5,6,6,6,3,0,0,0,3,6,6,6,6,1,5,6,6,6,6,6,4,4,5,6,6,6,6,5,3,6,6,6,6,6,6,6,6,6,6,6,6,6,3,1,5,6,6,5,4,4,3,3,5,6,6,6,6,1,0,0,0,0,0,0,0,0,0,0,6,6,6,3,0,0,0,0,0,0,0,0,0,0,2,6,6,6,3,0,0,0,0,0,0,0,0,0,0,3,6,6,6,3,0,0,0,0,0,0,0,0,0,0,5,6,6,6,3,0,0,0,0,0,0,0,0,0,0,1,4,4,4,1,0,5,"mfeat-pixel","att60",0.9
0,1,5,5,3,0,0,0,0,0,0,0,0,0,0,0,6,6,6,3,0,0,0,0,0,0,0,0,0,0,0,6,6,6,0,0,0,0,0,0,0,0,0,0,0,0,6,6,6,5,1,0,0,0,0,0,0,1,1,4.25,0,6,6,6,6,3,0,0,0,0,3,5,6,6,0,0,6,6,6,6,3,0,0,0,4,6,6,6,2,0,0,6,6,6,6,3,0,0,2,6,6,6,6,0,0,0,6,6,6,6,3,0,0,2,6,6,6,6,0,0,0,6,6,6,6,3,0,0,0,4,6,6,6,2,0,3,6,6,6,6,6,4,4,4,6,6,6,6,6,0,3,6,6,6,6,6,6,6,6,6,6,6,6,6,0,2,6,6,6,6,6,6,6,6,6,6,6,6,6,1,0,3,4,3,2,2,4,4,4,4,5,6,6,6,5,0,0,0,0,0,0,0,0,0,0,1,6,6,6,6,0,0,0,0,0,0,0,0,0,0,5,6,6,6,6,0,0,0,0,0,0,0,0,0,0,0,2,4,4,1,5,"mfeat-pixel","att60",0.9
0,0,0,0,0,3,4,6,3,0,0,0,0,0,0,0,0,0,0,5,6,6,6,6,0,0,0,0,0,0,0,0,0,0,6,6,6,6,2,0,0,0,0,0,0,0,0,0,0,6,6,6,6,0,0,0,0,0,0,2.44,0,0,0,1,6,6,6,6,0,0,0,0,0,0,0,0,0,0,5,6,6,6,4,0,0,0,0,0,0,0,0,0,1,6,6,6,6,0,0,0,1,5,5,1,0,0,1,5,6,6,6,4,0,0,1,6,6,6,6,2,1,5,6,6,6,6,6,4,4,6,6,6,6,6,2,2,6,6,6,6,6,6,6,6,6,6,6,6,6,0,0,1,5,6,6,6,6,6,6,6,6,6,6,6,0,0,0,0,0,0,0,0,0,0,3,6,6,6,6,2,0,0,0,0,0,0,0,0,0,0,6,6,6,6,2,0,0,0,0,0,0,0,0,0,0,6,6,6,6,0,0,0,0,0,0,0,0,0,0,2,6,6,6,6,3,0,0,0,0,0,0,0,0,0,1,4,4,4,3,0,5,"mfeat-pixel","att60",0.9
0,0,0,0,0,3,6,5,1,0,0,0,0,0,0,0,0,0,0,3,6,6,6,3,0,0,0,0,0,0,0,0,0,0,3,6,6,6,6,0,0,0,0,0,0,0,0,0,0,3,6,6,6,3,0,0,0,0,0,2.77,0,0,0,0,5,6,6,6,3,0,0,0,0,0,0,0,0,0,3,6,6,6,6,1,0,0,0,0,0,0,0,0,0,5,6,6,6,2,0,0,0,0,0,0,0,0,0,0,6,6,6,6,3,2,1,0,0,0,0,0,0,0,3,6,6,6,6,6,6,6,2,0,0,0,0,0,3,6,6,6,6,6,6,6,6,6,1,0,0,0,4,6,6,6,6,6,6,6,6,6,6,6,4,2,1,6,6,6,6,6,6,6,6,6,6,6,6,6,6,6,6,6,6,6,6,6,6,6,6,6,6,6,6,6,3,1,3,3,2,0,0,4,6,6,6,6,1,0,0,0,0,0,0,0,0,0,3,6,6,6,6,3,0,0,0,0,0,0,0,0,0,2,4,4,4,4,2,0,0,0,5,"mfeat-pixel","att60",0.9
0,0,0,0,1,5,6,3,0,0,0,0,0,0,0,0,0,0,0,3,6,6,5,0,0,0,0,0,0,0,0,0,0,0,4,6,6,0,0,0,0,0,0,0,0,0,0,0,2,6,6,6,0,0,0,0,0,0,0,-0.51,0,0,0,3,6,6,4,0,0,0,0,0,0,0,0,0,0,1,6,6,6,6,0,0,0,0,0,0,0,0,0,0,3,6,6,6,6,0,0,0,0,0,0,0,0,0,0,4,6,6,6,4,0,0,0,0,0,0,0,0,0,2,6,6,6,6,2,0,0,0,0,3,4,2,0,0,3,6,6,6,4,0,0,0,0,0,6,6,6,3,0,4,6,6,6,4,0,0,0,0,4,6,6,6,3,2,6,6,6,6,6,6,6,6,6,6,6,6,6,4,4,6,6,6,6,6,6,6,6,6,6,6,6,6,6,3,4,4,4,4,2,0,2,5,6,6,6,6,6,6,0,0,0,0,0,0,0,0,0,0,3,6,6,6,6,0,0,0,0,0,0,0,0,0,0,0,1,4,4,3,5,"mfeat-pixel","att60",0.9
0,0,0,0,0,0,5,6,6,5,0,0,0,0,0,0,0,0,0,0,0,6,6,6,5,0,0,0,0,0,0,0,0,0,0,3,6,6,6,3,0,0,0,0,0,0,0,0,0,0,1,6,6,6,3,0,0,0,0,0.16,0,0,0,0,0,5,6,6,6,3,0,0,0,0,0,0,0,0,0,3,6,6,6,6,0,0,0,0,0,0,0,0,0,1,6,6,6,6,6,0,3,6,3,0,0,0,0,0,3,6,6,6,6,4,5,6,6,6,0,0,0,0,1,6,6,6,6,4,0,6,6,6,6,3,0,0,0,4,6,6,6,4,0,0,6,6,6,6,0,0,0,4,6,6,6,6,5,2,4,6,6,6,6,1,0,4,6,6,6,6,6,6,6,6,6,6,6,6,6,5,6,6,6,6,6,6,6,6,6,6,6,6,6,6,6,6,6,5,2,2,2,2,3,6,6,6,6,6,4,3,1,2,0,0,0,0,0,0,3,6,6,6,6,0,0,0,0,0,0,0,0,0,0,1,4,4,4,1,0,0,5,"mfeat-pixel","att60",0.9
0,0,0,0,0,0,0,1,5,6,5,0,0,0,0,0,0,0,0,0,0,1,5,6,6,6,0,0,0,0,0,0,0,0,0,0,5,6,6,6,6,0,0,0,0,0,0,0,0,0,4,6,6,6,6,2,0,0,0,0.33,0,0,0,0,2,6,6,6,6,6,0,0,0,0,0,0,0,0,0,4,6,6,6,6,2,0,0,0,0,0,0,0,0,0,6,6,6,6,4,0,0,0,0,0,0,0,0,0,2,6,6,6,6,0,0,0,0,0,0,0,0,0,1,6,6,6,6,3,0,0,0,2,0,0,0,0,0,5,6,6,6,3,0,0,1,5,6,5,1,0,0,4,6,6,6,5,0,0,0,5,6,6,6,6,0,3,6,6,6,6,4,2,2,2,5,6,6,6,6,1,5,6,6,6,6,6,6,6,6,6,6,6,6,6,5,6,6,6,6,6,6,6,6,6,6,6,6,6,6,6,3,4,4,4,3,2,4,4,6,6,6,6,6,6,6,0,0,0,0,0,0,0,0,1,4,4,4,4,4,3,5,"mfeat-pixel","att60",0.9
0,5,6,6,6,6,2,0,0,0,0,0,0,0,0,3,6,6,6,6,6,2,0,0,0,0,0,0,0,0,1,6,6,6,6,6,1,0,0,0,0,0,0,0,0,0,5,6,6,6,6,3,0,0,0,0,0,0,0,1.11,0,1,6,6,6,6,1,0,0,0,0,0,0,0,0,0,0,6,6,6,6,1,0,0,0,0,0,0,0,0,0,4,6,6,6,6,2,0,0,0,2,1,0,0,0,0,6,6,6,6,6,0,0,0,5,6,6,5,0,0,0,6,6,6,6,5,0,0,0,4,6,6,6,1,0,1,6,6,6,6,3,0,0,0,3,6,6,6,5,0,3,6,6,6,6,6,3,0,1,6,6,6,6,6,0,1,6,6,6,6,6,6,6,6,6,6,6,6,6,0,0,3,6,6,4,6,6,4,4,5,6,6,6,6,0,0,0,0,0,0,0,0,0,0,0,4,6,6,6,1,0,0,0,0,0,0,0,0,0,0,5,6,6,6,5,0,0,0,0,0,0,0,0,0,0,3,4,4,4,4,5,"mfeat-pixel","att60",0.9
0,0,0,0,0,0,1,4,4,1,0,0,0,0,0,0,0,0,0,2,6,6,6,6,3,0,0,0,0,0,0,0,0,0,6,6,6,6,6,2,0,0,0,0,0,0,0,0,1,6,6,6,6,6,0,0,0,0,0,-1.24,0,0,2,6,6,6,6,6,3,0,0,0,0,0,0,0,0,1,6,6,6,6,6,0,0,0,0,0,0,0,0,0,3,6,6,6,6,2,0,0,0,0,0,0,0,0,1,6,6,6,6,6,0,0,0,0,0,0,0,0,0,5,6,6,6,6,3,0,0,0,1,4,6,5,1,1,6,6,6,6,6,3,0,2,4,6,6,6,6,6,5,6,6,6,6,6,6,6,6,6,6,6,6,6,5,5,6,6,6,6,6,6,6,6,6,6,6,6,6,1,0,0,0,0,0,0,0,1,6,6,6,6,6,6,0,0,0,0,0,0,0,0,0,4,6,6,6,6,6,0,0,0,0,0,0,0,0,0,3,6,6,6,6,4,0,0,0,0,0,0,0,0,0,0,2,4,4,4,0,0,5,"mfeat-pixel","att60",0.9
0,0,0,0,0,0,0,3,6,6,6,2,0,0,0,0,0,0,0,0,0,0,6,6,6,6,2,0,0,0,0,0,0,0,0,0,1,6,6,6,1,0,0,0,0,0,0,0,0,0,0,5,6,6,2,0,0,0,0,-0.38,0,0,0,0,0,0,6,6,3,0,0,0,0,0,0,0,0,0,0,0,3,6,5,1,0,0,0,0,0,0,0,0,0,0,3,3,2,0,0,0,0,0,0,0,0,0,0,0,3,6,6,3,0,0,0,0,0,0,0,0,0,0,1,6,6,6,2,0,0,0,0,0,0,0,0,0,1,6,6,6,3,0,0,1,5,6,3,0,0,0,1,6,6,6,6,2,0,2,6,6,6,6,0,0,0,5,6,6,6,4,2,2,6,6,6,6,6,2,4,1,6,6,6,6,6,6,6,6,6,6,6,6,6,6,6,1,5,6,6,6,6,6,6,6,6,6,6,6,6,5,0,0,0,0,2,1,3,6,6,6,6,3,0,0,0,0,0,0,0,0,0,2,4,4,4,4,2,0,0,0,5,"mfeat-pixel","att60",0.9
0,0,0,0,1,4,1,0,0,0,0,0,0,0,0,0,0,0,2,6,6,6,1,0,0,0,0,0,0,0,0,0,0,3,6,6,6,3,0,0,0,0,0,0,0,0,0,0,4,6,6,6,3,0,0,0,0,0,0,2.3,0,0,2,6,6,6,6,3,0,0,0,1,5,5,1,0,0,4,6,6,6,5,0,0,0,0,3,6,6,6,0,2,6,6,6,6,2,0,0,0,0,4,6,6,6,2,6,6,6,6,4,0,0,0,0,2,6,6,6,6,6,6,6,6,6,5,4,4,4,4,5,6,6,6,6,1,5,6,6,6,6,6,6,6,6,6,6,6,6,6,0,0,2,2,2,2,2,0,2,2,6,6,6,6,4,0,0,0,0,0,0,0,0,0,2,6,6,6,6,6,0,0,0,0,0,0,0,0,0,0,6,6,6,6,3,0,0,0,0,0,0,0,0,0,3,6,6,6,4,0,0,0,0,0,0,0,0,0,0,3,6,6,6,3,0,0,0,0,0,0,0,0,0,0,2,4,4,4,1,0,5,"mfeat-pixel","att60",0.9
0,2,0,0,0,0,0,0,0,0,0,0,0,0,0,5,6,3,0,0,0,0,0,0,0,0,0,0,0,0,6,6,3,0,0,0,0,0,0,2,1,0,0,0,0,5,6,5,1,0,0,0,0,3,6,6,0,0,0,-1.02,3,6,6,6,2,0,0,0,4,6,6,0,0,0,0,1,6,6,6,3,0,0,2,6,6,6,0,0,0,0,0,3,6,6,6,0,0,3,6,6,6,0,0,0,0,0,3,6,6,6,0,0,0,5,6,6,4,0,0,0,0,1,6,6,6,2,0,0,3,6,6,6,3,0,0,0,0,3,6,6,6,4,4,6,6,6,6,3,0,0,0,0,3,6,6,6,6,6,6,6,6,6,6,1,0,0,0,3,6,6,6,6,6,6,6,6,6,6,5,0,0,0,3,6,6,6,6,6,6,6,6,6,6,6,3,0,0,1,5,6,5,3,2,2,2,3,6,6,6,3,0,0,0,0,0,0,0,0,0,0,0,4,6,6,6,0,0,0,0,0,0,0,0,0,0,0,0,3,4,1,5,"mfeat-pixel","att60",0.9
0,0,0,0,0,0,0,0,0,0,1,5,6,6,5,0,0,0,0,0,0,0,0,0,0,3,6,6,6,6,0,0,0,0,0,0,0,0,0,0,5,6,6,6,4,0,0,0,0,0,0,0,0,0,4,6,6,6,6,1.01,0,0,0,0,0,0,0,1,5,6,6,6,6,2,0,0,0,0,0,0,0,2,6,6,6,6,6,1,0,0,0,0,0,0,0,3,6,6,6,6,5,1,0,0,0,0,0,0,0,5,6,6,6,6,3,0,3,6,6,3,0,0,1,5,6,6,6,6,1,0,3,6,6,6,6,0,3,6,6,6,6,6,1,0,0,3,6,6,6,6,4,6,6,6,6,6,4,2,2,0,2,6,6,6,6,5,6,6,6,6,6,6,6,6,6,6,6,6,6,5,0,2,4,4,4,5,6,6,6,6,6,6,6,6,3,0,0,0,0,0,0,1,2,4,6,6,6,6,6,3,0,0,0,0,0,0,0,0,4,6,6,6,6,6,1,0,0,0,0,0,0,0,0,4,4,4,4,4,1,0,5,"mfeat-pixel","att60",0.9
0,0,0,0,0,3,4,6,5,1,0,0,0,0,0,0,0,0,0,3,6,6,6,6,3,0,0,0,0,0,0,0,0,0,5,6,6,6,5,0,0,0,0,0,0,0,0,0,1,6,6,6,6,3,0,0,0,0,0,-0.79,0,0,0,3,6,6,6,5,0,0,0,0,0,0,0,0,0,0,4,6,6,6,2,0,0,0,0,0,0,0,0,0,2,6,6,6,4,0,0,0,0,0,0,0,0,0,2,6,6,6,6,1,0,0,0,0,0,0,0,0,1,6,6,6,6,6,0,3,6,6,3,0,0,0,0,5,6,6,6,6,1,3,6,6,6,6,5,0,0,0,6,6,6,6,6,2,4,6,6,6,6,6,2,0,0,6,6,6,6,6,6,6,6,6,6,6,6,6,6,3,6,6,6,6,6,6,6,6,6,6,6,6,6,6,6,1,4,4,2,2,2,3,6,6,6,6,6,1,1,1,0,0,0,0,0,0,0,3,6,6,6,6,0,0,0,0,0,0,0,0,0,0,1,4,4,4,1,0,0,0,5,"mfeat-pixel","att60",0.9
0,0,0,0,0,0,0,0,1,5,6,6,3,0,0,0,0,0,0,0,0,0,0,5,6,6,6,5,0,0,0,0,0,0,0,0,0,1,6,6,6,6,3,0,0,0,0,0,0,0,0,1,6,6,6,6,6,3,0,0.75,0,0,0,0,0,0,6,6,6,6,6,6,3,0,0,0,0,0,0,0,0,6,6,6,6,6,5,1,0,0,0,0,0,0,0,2,6,6,6,6,3,0,0,0,0,0,0,0,0,3,6,6,6,6,2,0,0,0,0,0,0,0,1,5,6,6,6,6,2,0,1,3,3,0,0,0,0,6,6,6,6,6,4,0,3,6,6,6,3,0,0,1,6,6,6,6,6,0,0,5,6,6,6,6,0,1,6,6,6,6,6,6,6,4,5,6,6,6,6,0,6,6,6,6,6,6,6,6,6,6,6,6,6,6,5,3,6,5,4,4,4,4,4,4,6,6,6,6,6,4,0,0,0,0,0,0,0,0,0,6,6,6,6,6,3,0,0,0,0,0,0,0,0,0,3,4,4,4,4,1,5,"mfeat-pixel","att60",0.9
0,0,0,3,6,6,5,1,0,0,0,0,0,0,0,0,0,0,6,6,6,6,3,0,0,0,0,0,0,0,0,0,0,6,6,6,6,3,0,0,0,0,0,0,0,0,0,0,6,6,6,6,3,0,0,0,0,0,0,-0.52,0,0,2,6,6,6,6,1,0,0,0,0,0,0,0,0,0,6,6,6,6,3,0,0,0,0,0,0,0,0,0,4,6,6,6,6,0,0,0,0,0,0,0,0,0,0,5,6,6,6,5,0,0,0,1,4,4,3,0,0,0,3,6,6,6,3,0,0,0,6,6,6,6,5,0,0,6,6,6,6,3,0,0,0,6,6,6,6,4,0,3,6,6,6,6,6,3,0,4,6,6,6,6,4,0,4,6,6,6,6,6,6,6,6,6,6,6,6,6,0,6,6,6,6,6,6,6,6,6,6,6,6,6,6,0,1,4,2,2,2,2,2,3,6,6,6,6,6,6,3,0,0,0,0,0,0,0,0,3,6,6,6,6,6,0,0,0,0,0,0,0,0,0,1,4,4,4,4,3,0,5,"mfeat-pixel","att60",0.9
0,0,0,0,0,0,0,3,6,6,3,0,0,0,0,0,0,0,0,0,0,3,6,6,6,6,0,0,0,0,0,0,0,0,0,0,5,6,6,6,2,0,0,0,0,0,0,0,0,0,1,6,6,6,2,0,0,0,0,4.66,0,0,0,0,3,6,6,6,2,0,0,0,0,0,0,0,0,0,0,6,6,6,4,0,0,0,1,2,1,0,0,0,1,5,6,6,4,0,0,0,3,6,6,6,0,0,2,6,6,6,6,4,0,1,3,6,6,6,6,3,2,6,6,6,6,6,6,6,6,6,6,6,6,6,0,2,6,6,6,6,6,6,6,6,6,6,6,6,6,0,0,1,4,2,4,2,2,2,3,6,6,6,6,3,0,0,0,0,0,0,0,0,0,0,6,6,6,6,3,0,0,0,0,0,0,0,0,0,0,6,6,6,6,3,0,0,0,0,0,0,0,0,0,1,6,6,6,6,1,0,0,0,0,0,0,0,0,0,3,6,6,6,6,0,0,0,0,0,0,0,0,0,0,2,4,4,4,4,0,0,5,"mfeat-pixel","att60",0.9
0,0,0,0,0,0,0,0,1,5,6,3,0,0,0,0,0,0,0,0,0,0,2,6,6,6,4,0,0,0,0,0,0,0,0,0,1,6,6,6,6,3,0,0,0,0,0,0,0,0,0,4,6,6,6,5,0,0,0,1.23,0,0,0,0,0,0,6,6,6,3,0,0,0,0,0,0,0,0,0,0,2,6,6,6,0,0,0,0,0,0,0,0,0,0,3,6,6,6,2,0,0,0,0,0,0,0,0,0,1,6,6,6,4,0,0,0,0,0,0,0,0,0,1,5,6,6,6,1,0,0,0,5,5,1,0,0,0,5,6,6,6,1,0,0,0,0,6,6,6,0,0,1,6,6,6,4,0,0,0,0,5,6,6,6,4,1,5,6,6,6,6,6,5,2,3,6,6,6,6,6,5,6,6,6,6,6,6,6,6,6,6,6,6,6,6,1,2,5,6,6,6,6,6,4,6,6,6,6,6,6,0,0,0,0,0,0,2,0,0,0,3,6,6,6,5,0,0,0,0,0,0,0,0,0,0,0,3,4,4,1,5,"mfeat-pixel","att60",0.9
0,0,0,3,6,5,4,1,0,0,0,0,0,0,0,0,0,5,6,6,6,6,1,0,0,0,0,0,0,0,0,0,6,6,6,6,6,0,0,0,0,0,0,0,0,0,0,6,6,6,6,6,3,0,0,0,0,0,0,-2.83,0,0,6,6,6,6,6,0,0,0,0,0,0,0,0,0,0,6,6,6,6,6,2,0,0,0,0,0,0,0,0,0,6,6,6,6,4,1,0,2,2,0,0,0,0,0,0,6,6,3,1,0,1,5,6,6,5,0,0,0,0,2,6,6,3,1,0,4,6,6,6,6,0,0,0,2,6,6,6,6,6,6,6,6,6,6,6,2,0,0,6,6,6,6,6,6,6,6,6,6,6,6,6,0,0,1,2,4,4,4,4,4,6,6,6,6,6,6,0,0,0,0,0,0,0,0,0,3,6,6,6,6,6,4,0,0,0,0,0,0,0,0,0,5,6,6,6,6,6,0,0,0,0,0,0,0,0,0,2,6,6,6,6,6,1,0,0,0,0,0,0,0,0,0,1,4,4,4,4,1,5,"mfeat-pixel","att60",0.9
0,0,0,0,0,0,0,0,1,5,6,6,3,0,0,0,0,0,0,0,0,0,0,6,6,6,6,4,0,0,0,0,0,0,0,0,0,2,6,6,6,6,0,0,0,0,0,0,0,0,0,0,5,6,6,6,2,0,0,-0.37,0,0,0,0,0,0,5,6,6,6,4,0,0,0,0,0,0,0,0,0,1,6,6,6,6,1,0,0,0,0,0,0,0,0,3,6,6,6,6,5,0,0,0,0,0,0,0,0,2,6,6,6,6,5,1,0,0,0,0,0,0,0,0,6,6,6,6,4,0,0,0,0,0,0,0,0,0,3,6,6,6,5,0,1,2,2,1,0,0,0,0,1,5,6,6,6,1,2,6,6,6,6,2,0,0,2,6,6,6,6,6,2,5,6,6,6,6,4,0,0,6,6,6,6,6,6,6,6,6,6,6,6,6,5,1,3,6,6,6,6,6,6,6,6,6,6,6,6,6,6,0,0,0,1,2,2,4,6,6,6,6,6,5,4,1,0,0,0,0,0,0,0,3,4,4,4,3,0,0,0,5,"mfeat-pixel","att60",0.9
0,0,0,0,0,2,6,6,2,0,0,0,0,0,0,0,0,0,0,0,3,6,6,3,0,0,0,0,0,0,0,0,0,0,0,4,6,6,0,0,0,0,0,0,0,0,0,0,0,5,6,6,6,0,0,0,0,0,0,-1.18,0,0,0,0,6,6,6,4,0,0,0,0,0,0,0,0,0,0,4,6,6,6,3,0,0,0,0,0,0,0,0,0,4,6,6,6,5,0,0,0,0,0,0,0,0,0,0,6,6,6,6,3,0,0,0,0,0,0,0,0,0,4,6,6,6,5,0,0,0,0,1,3,3,0,0,2,6,6,6,6,3,0,0,0,2,6,6,6,1,0,6,6,6,6,6,3,0,0,1,5,6,6,6,5,0,6,6,6,6,6,6,4,4,6,6,6,6,6,6,4,5,6,6,6,6,6,6,6,6,6,6,6,6,6,6,0,0,0,0,0,0,0,0,3,6,6,6,6,6,6,0,0,0,0,0,0,0,0,0,3,6,6,6,6,5,0,0,0,0,0,0,0,0,0,2,4,4,4,3,0,5,"mfeat-pixel","att60",0.9
0,0,0,0,0,0,0,3,6,6,4,1,0,0,0,0,0,0,0,0,0,5,6,6,6,6,3,0,0,0,0,0,0,0,0,1,6,6,6,6,6,2,0,0,0,0,0,0,0,0,5,6,6,6,6,1,0,0,0,-1.6,0,0,0,0,3,6,6,6,6,4,0,0,0,0,0,0,0,0,0,6,6,6,6,3,0,0,0,0,0,0,0,0,1,3,6,6,6,3,0,0,0,0,0,0,0,0,0,6,6,6,6,5,1,0,0,1,3,4,4,3,0,0,6,6,6,6,0,0,0,0,6,6,6,6,6,0,4,6,6,6,6,5,3,2,5,6,6,6,6,6,1,6,6,6,6,6,6,6,6,6,6,6,6,6,6,1,5,6,4,2,3,5,6,6,6,6,6,6,6,6,0,0,0,0,0,0,0,0,1,6,6,6,6,6,6,0,0,0,0,0,0,0,0,0,6,6,6,6,6,6,0,0,0,0,0,0,0,0,0,6,6,6,6,6,6,0,0,0,0,0,0,0,0,0,3,4,4,4,4,4,5,"mfeat-pixel","att60",0.9
0,0,0,0,0,5,6,6,5,1,0,0,0,0,0,0,0,0,0,3,6,6,6,6,2,0,0,0,0,0,0,0,0,1,5,6,6,6,6,0,0,0,0,0,0,0,0,0,1,5,6,6,6,4,0,0,0,0,0,0.02,0,0,0,1,5,6,6,5,0,0,0,0,0,0,0,0,0,0,5,6,6,6,1,0,0,0,0,0,0,0,0,0,1,6,6,6,6,0,0,0,0,0,0,0,0,0,0,6,6,6,6,4,0,1,2,2,0,0,0,0,0,5,6,6,6,6,0,2,6,6,6,5,1,0,0,1,6,6,6,6,5,0,2,6,6,6,6,3,0,0,4,6,6,6,4,0,0,0,6,6,6,6,3,0,0,6,6,6,6,5,4,4,4,6,6,6,6,3,0,0,6,6,6,6,6,6,6,6,6,6,6,6,6,6,3,3,6,6,4,4,5,6,6,6,6,6,6,6,6,3,0,0,0,0,0,0,0,5,6,6,6,6,5,1,0,0,0,0,0,0,0,0,1,4,4,4,4,2,0,0,5,"mfeat-pixel","att60",0.9
0,0,0,0,0,0,1,5,6,6,5,0,0,0,0,0,0,0,0,0,0,6,6,6,6,5,0,0,0,0,0,0,0,0,0,0,1,6,6,5,0,0,0,0,0,0,0,0,0,0,1,5,6,6,3,0,0,0,0,-0.59,0,0,0,0,1,6,6,6,6,3,0,0,0,0,0,0,0,0,0,4,6,6,6,6,4,2,4,3,1,0,0,0,0,3,6,6,6,6,6,6,6,6,6,6,5,0,1,5,6,6,6,6,6,6,6,6,6,6,6,5,0,5,6,6,6,6,6,6,6,6,6,6,6,6,3,2,6,6,6,6,6,6,6,6,6,6,6,6,6,3,0,3,4,2,0,0,0,1,3,6,6,6,6,6,3,0,0,0,0,0,0,0,0,0,3,6,6,6,6,3,0,0,0,0,0,0,0,0,0,3,6,6,6,6,3,0,0,0,0,0,0,0,0,0,3,6,6,6,6,1,0,0,0,0,0,0,0,0,0,3,6,6,6,6,0,0,0,0,0,0,0,0,0,0,1,4,4,4,3,0,5,"mfeat-pixel","att60",0.9
0,0,0,0,1,5,6,6,5,1,0,0,0,0,0,0,0,0,0,5,6,6,6,6,6,0,0,0,0,0,0,0,0,0,6,6,6,6,6,3,0,0,0,0,0,0,0,0,0,6,6,6,6,3,0,0,0,0,0,4.78,0,0,0,2,6,6,6,6,0,0,0,0,0,0,0,0,0,0,6,6,6,6,5,0,0,0,0,0,0,0,0,0,0,6,6,6,5,0,0,0,1,4,4,4,1,0,0,4,6,6,6,3,0,0,1,6,6,6,6,6,0,4,6,6,6,6,1,0,0,2,6,6,6,6,6,4,6,6,6,6,6,4,4,4,4,6,6,6,6,6,6,6,6,6,6,6,6,6,6,6,6,6,6,6,6,5,6,6,6,6,6,6,6,6,6,6,6,6,6,2,0,1,1,0,1,2,2,2,2,4,6,6,6,6,2,0,0,0,0,0,0,0,0,0,3,6,6,6,6,3,0,0,0,0,0,0,0,0,0,3,6,6,6,6,3,0,0,0,0,0,0,0,0,0,1,4,4,4,4,1,5,"mfeat-pixel","att60",0.9
0,0,0,0,0,0,0,0,3,6,6,2,0,0,0,0,0,0,0,0,0,0,5,6,6,6,3,0,0,0,0,0,0,0,0,0,0,6,6,6,5,0,0,0,0,0,0,0,0,0,0,3,6,6,6,1,0,0,0,0.76,0,0,0,0,0,3,6,6,6,3,0,0,0,0,0,0,0,0,0,0,6,6,6,3,0,0,0,0,0,0,0,0,0,0,4,6,6,5,1,0,0,0,0,0,0,0,0,0,2,6,6,6,3,0,0,0,0,0,0,0,0,0,0,6,6,6,5,0,0,0,0,0,0,0,0,0,0,3,6,6,5,1,0,0,1,4,1,0,0,0,0,3,6,6,6,0,0,0,2,6,6,6,0,0,0,0,5,6,6,6,0,0,0,4,6,6,6,4,6,3,3,6,6,6,6,6,6,6,6,6,6,6,6,6,6,6,6,6,6,6,6,6,6,6,6,6,6,6,6,3,6,6,6,6,6,4,4,4,5,6,6,6,6,1,0,1,2,1,0,0,0,0,0,0,1,4,4,4,0,0,5,"mfeat-pixel","att60",0.9
0,0,0,1,5,6,6,3,0,0,0,0,0,0,0,0,0,0,2,6,6,6,6,1,0,0,0,0,0,0,0,0,0,0,6,6,6,6,6,0,0,0,0,0,0,0,0,0,0,5,6,6,6,3,0,0,0,0,0,-3.23,0,0,0,0,4,6,6,6,6,0,0,0,0,0,0,0,0,0,2,6,6,6,6,1,0,0,0,0,0,0,0,0,0,4,6,6,6,5,0,0,0,0,0,0,0,0,0,5,6,6,6,6,1,0,0,1,4,4,3,0,0,1,6,6,6,6,5,0,0,0,3,6,6,6,2,1,5,6,6,6,4,0,0,0,0,5,6,6,6,3,5,6,6,6,6,4,0,0,2,5,6,6,6,6,0,6,6,6,6,6,6,6,6,6,6,6,6,6,6,2,3,6,6,6,6,6,6,6,6,6,6,6,6,6,1,0,0,0,0,2,4,4,4,6,6,6,6,6,6,0,0,0,0,0,0,0,0,0,0,4,6,6,6,6,0,0,0,0,0,0,0,0,0,0,1,4,4,4,3,0,5,"mfeat-pixel","att60",0.9
0,0,0,0,0,0,0,0,0,2,6,6,5,0,0,0,0,0,0,0,0,0,0,3,6,6,6,5,0,0,0,0,0,0,0,0,0,2,6,6,6,5,1,0,0,0,0,0,0,0,0,0,5,6,6,5,0,0,0,2.73,0,0,0,0,0,0,4,6,6,6,2,0,0,0,0,0,0,0,0,1,5,6,6,6,3,0,0,0,0,0,0,0,0,2,6,6,6,6,3,0,0,0,0,0,0,0,0,3,6,6,6,6,3,3,6,5,1,0,0,0,1,4,6,6,6,6,3,1,6,6,6,3,0,0,0,6,6,6,6,6,6,4,5,6,6,6,5,4,4,1,6,6,6,6,6,6,6,6,6,6,6,6,6,6,6,6,6,6,6,6,6,6,6,6,6,6,6,6,6,6,3,4,4,4,2,4,3,4,6,6,6,5,4,4,3,0,0,0,0,0,0,0,5,6,6,6,3,0,0,0,0,0,0,0,0,0,0,5,6,6,6,1,0,0,0,0,0,0,0,0,0,0,1,4,4,1,0,0,0,0,5,"mfeat-pixel","att60",0.9
2,6,5,0,0,0,0,0,0,0,0,0,0,0,0,3,6,6,2,0,0,0,0,0,0,0,0,0,0,0,6,6,6,6,2,0,0,0,0,0,0,0,0,0,0,6,6,6,6,1,0,0,0,0,0,0,0,0,0,-0.09,4,6,6,6,5,1,0,0,0,0,0,0,0,0,0,3,6,6,6,6,3,0,0,0,0,0,0,0,0,0,1,6,6,6,6,3,0,0,1,4,4,4,1,0,0,3,6,6,6,6,2,0,0,3,6,6,6,5,0,0,3,6,6,6,4,0,0,0,2,6,6,6,6,0,0,5,6,6,6,6,5,2,2,3,6,6,6,6,0,0,6,6,6,6,6,6,6,6,6,6,6,6,6,0,0,6,6,6,6,5,4,6,6,6,6,6,6,6,4,0,1,2,2,1,0,0,0,2,5,6,6,6,6,6,0,0,0,0,0,0,0,0,0,0,6,6,6,6,6,3,0,0,0,0,0,0,0,0,0,1,6,6,6,6,4,0,0,0,0,0,0,0,0,0,0,2,4,4,4,3,5,"mfeat-pixel","att60",0.9
0,0,0,0,0,0,0,0,0,0,2,4,1,0,0,0,0,0,0,0,0,0,0,2,6,6,6,1,0,0,0,0,0,0,0,0,0,1,5,6,6,1,0,0,0,0,0,0,0,0,0,1,5,6,6,3,0,0,0,2.85,0,0,0,0,0,1,5,6,6,6,2,0,0,0,0,0,0,0,0,3,6,6,6,6,2,0,0,0,0,0,0,0,1,5,6,6,6,6,2,0,0,0,0,0,0,0,0,4,6,6,6,6,3,0,0,0,0,0,0,0,0,3,6,6,6,6,2,0,0,0,1,4,6,4,1,2,6,6,6,6,3,0,0,0,2,6,6,6,6,3,5,6,6,6,6,6,4,4,4,6,6,6,6,6,3,6,6,6,6,6,6,6,6,6,6,6,6,6,5,0,3,4,4,4,4,6,6,6,6,6,6,6,6,5,0,0,0,0,0,0,0,2,2,3,4,6,6,6,6,3,0,0,0,0,0,0,0,0,0,0,4,6,6,6,3,0,0,0,0,0,0,0,0,0,0,3,4,4,4,1,5,"mfeat-pixel","att60",0.9
0,0,0,1,4,5,5,1,0,0,0,0,0,0,0,0,0,1,6,6,6,6,3,0,0,0,0,0,0,0,0,0,3,6,6,6,6,3,0,0,0,0,0,0,0,0,0,3,6,6,6,6,2,0,0,0,0,0,0,-1.09,0,0,3,6,6,6,4,0,0,0,0,0,0,0,0,0,0,3,6,6,6,1,0,0,0,0,0,0,0,0,0,1,6,6,6,6,0,0,0,0,0,0,0,0,0,0,3,6,6,6,5,0,0,0,0,0,0,3,3,0,0,3,6,6,6,3,0,0,0,0,1,5,6,6,3,3,6,6,6,6,5,2,0,0,0,3,6,6,6,3,6,6,6,6,6,6,6,6,4,4,6,6,6,6,3,6,6,6,6,6,6,6,6,6,6,6,6,6,6,3,5,6,6,6,5,4,4,5,6,6,6,6,6,6,3,0,0,0,0,0,0,0,0,0,4,6,6,6,6,3,0,0,0,0,0,0,0,0,0,2,6,6,6,6,3,0,0,0,0,0,0,0,0,0,0,1,4,4,4,1,5,"mfeat-pixel","att60",0.9
0,0,0,1,5,6,5,1,0,0,0,0,0,0,0,0,0,0,3,6,6,6,3,0,0,0,0,0,0,0,0,0,0,3,6,6,6,1,0,0,0,0,0,0,0,0,0,3,6,6,6,5,0,0,0,0,0,0,0,-3.74,0,3,6,6,6,5,0,0,0,0,0,0,0,0,0,3,6,6,6,6,0,0,0,0,0,0,0,0,0,0,3,6,6,6,5,0,0,0,0,1,2,0,0,0,0,3,6,6,6,3,0,0,0,3,6,6,5,1,0,0,3,6,6,6,4,0,0,0,6,6,6,6,3,0,0,3,6,6,6,6,3,2,3,6,6,6,6,3,0,0,3,6,6,6,6,6,6,6,6,6,6,6,6,3,0,4,6,6,6,6,6,6,6,6,6,6,6,6,6,3,5,6,6,5,4,3,2,3,6,6,6,6,6,3,0,0,0,0,0,0,0,0,0,1,5,6,6,6,1,0,0,0,0,0,0,0,0,0,0,0,6,6,6,6,2,0,0,0,0,0,0,0,0,0,0,4,4,4,4,1,5,"mfeat-pixel","att60",0.9
0,0,0,0,0,0,1,3,6,3,0,0,0,0,0,0,0,0,0,0,2,6,6,6,6,5,0,0,0,0,0,0,0,0,0,3,6,6,6,5,3,0,0,0,0,0,0,0,0,1,5,6,6,1,0,0,0,0,0,-2.84,0,0,0,1,6,6,6,6,2,0,0,0,0,0,0,0,0,0,6,6,6,6,5,0,2,6,6,4,1,0,0,0,3,6,6,6,6,3,0,0,6,6,6,6,2,0,3,6,6,6,6,6,0,0,3,6,6,6,6,2,0,6,6,6,6,6,4,0,3,6,6,6,6,6,0,4,6,6,6,6,6,6,5,6,6,6,6,6,6,0,5,6,6,6,6,6,6,6,6,6,6,6,6,6,0,0,2,2,3,5,6,6,6,6,6,6,6,6,1,0,0,0,0,0,0,0,0,1,6,6,6,6,5,0,0,0,0,0,0,0,0,0,4,6,6,6,6,3,0,0,0,0,0,0,0,0,0,5,6,6,6,6,5,0,0,0,0,0,0,0,0,0,0,3,4,4,4,3,0,0,5,"mfeat-pixel","att60",0.9
0,0,0,0,0,0,0,3,6,6,6,2,0,0,0,0,0,0,0,0,0,0,6,6,6,5,1,0,0,0,0,0,0,0,0,0,3,6,6,6,0,0,0,0,0,0,0,0,0,0,0,3,6,6,6,0,0,0,0,-0.31,0,0,0,0,0,1,6,6,6,3,0,0,0,0,0,0,0,0,0,0,5,6,6,6,1,0,0,0,0,0,0,0,0,0,3,6,6,6,1,0,0,3,5,5,1,0,0,0,3,6,6,6,6,0,0,3,6,6,6,3,0,0,0,3,6,6,6,3,0,0,3,6,6,6,3,0,0,2,6,6,6,3,0,0,0,3,6,6,6,3,0,3,6,6,6,6,2,0,0,0,4,6,6,6,3,4,6,6,6,6,6,6,6,4,6,6,6,6,6,3,3,6,6,6,6,6,6,6,6,6,6,6,6,6,4,0,1,5,6,6,6,6,6,6,6,6,6,6,6,6,0,0,0,0,0,0,2,4,4,6,6,6,6,6,6,0,0,0,0,0,0,0,0,0,4,4,4,4,4,4,5,"mfeat-pixel","att60",0.9
0,0,0,0,1,4,4,6,6,5,0,0,0,0,0,0,0,0,0,3,6,6,6,6,5,0,0,0,0,0,0,0,0,0,4,6,6,6,3,0,0,0,0,0,0,0,0,0,2,6,6,6,6,0,0,0,0,0,0,-1.51,0,0,3,6,6,6,6,2,0,0,0,0,0,0,0,0,4,6,6,6,5,1,0,0,0,0,0,2,1,0,0,6,6,6,6,3,0,0,0,0,3,6,6,6,3,2,6,6,6,6,4,0,1,4,6,6,6,6,6,6,6,6,6,6,6,6,6,6,6,6,6,6,6,6,6,3,6,6,6,6,6,6,6,6,6,6,6,6,6,6,0,1,2,2,2,2,2,2,2,3,6,6,6,6,4,0,0,0,0,0,0,0,0,0,0,4,6,6,6,4,0,0,0,0,0,0,0,0,0,2,6,6,6,6,5,0,0,0,0,0,0,0,0,0,2,6,6,6,6,3,0,0,0,0,0,0,0,0,0,0,6,6,6,6,6,0,0,0,0,0,0,0,0,0,0,4,4,4,4,3,5,"mfeat-pixel","att60",0.9
0,0,0,1,5,6,6,6,3,0,0,0,0,0,0,0,0,0,3,6,6,6,6,5,0,0,0,0,0,0,0,0,0,3,6,6,6,6,3,0,0,0,0,0,0,0,0,0,5,6,6,6,6,3,0,0,0,0,0,-0.86,0,0,4,6,6,6,6,5,0,0,0,0,0,0,0,0,0,6,6,6,6,6,3,0,0,0,0,0,0,0,0,0,6,6,6,6,6,2,0,0,0,0,0,0,0,0,4,6,6,6,6,4,0,0,0,0,0,0,0,0,2,6,6,6,6,5,0,1,5,6,5,1,0,0,0,6,6,6,6,6,2,0,3,6,6,6,6,2,0,0,6,6,6,6,6,3,2,4,6,6,6,6,3,0,0,6,6,6,6,6,6,6,6,6,6,6,6,5,3,0,6,6,6,6,6,6,6,6,6,6,6,6,6,6,5,1,4,3,2,2,1,1,6,6,6,6,6,6,6,3,0,0,0,0,0,0,0,3,6,6,6,6,1,0,0,0,0,0,0,0,0,0,1,4,4,4,2,0,0,0,5,"mfeat-pixel","att60",0.9
0,5,6,6,3,0,0,0,0,0,0,0,0,0,0,0,6,6,6,6,5,0,0,0,0,0,0,0,0,0,0,6,6,6,6,6,0,0,0,0,0,0,0,0,0,2,6,6,6,6,6,0,0,0,0,0,0,0,0,4.64,2,6,6,6,6,3,0,0,0,0,0,0,0,0,0,0,6,6,6,6,6,0,0,0,0,0,0,0,0,0,1,6,6,6,6,6,0,0,0,0,0,0,2,2,0,5,6,6,6,5,1,0,0,0,0,3,6,6,6,3,6,6,6,6,4,0,0,0,3,5,6,6,6,6,3,6,6,6,6,6,5,4,5,6,6,6,6,6,6,0,5,5,4,4,6,6,6,6,6,6,6,6,6,6,0,0,0,0,0,0,0,0,0,3,6,6,6,6,6,0,0,0,0,0,0,0,0,0,0,6,6,6,6,6,0,0,0,0,0,0,0,0,0,0,6,6,6,6,6,0,0,0,0,0,0,0,0,0,0,1,6,6,6,6,1,0,0,0,0,0,0,0,0,0,2,4,4,4,4,2,5,"mfeat-pixel","att60",0.9
0,0,0,0,0,0,3,6,5,1,0,0,0,0,0,0,0,0,0,0,1,6,6,6,4,0,0,0,0,0,0,0,0,0,0,4,6,6,6,6,0,0,0,0,0,0,0,0,0,2,6,6,6,6,3,0,0,0,0,-1.08,0,0,0,0,5,6,6,6,6,2,0,0,0,0,0,0,0,0,3,6,6,6,6,2,0,0,0,0,0,0,0,0,1,6,6,6,6,2,0,0,0,0,0,0,0,0,0,6,6,6,6,6,0,0,0,0,0,0,0,0,0,2,6,6,6,6,3,0,0,2,1,0,0,0,0,1,6,6,6,6,6,1,1,5,6,6,2,0,0,0,5,6,6,6,6,6,2,5,6,6,6,3,0,0,0,6,6,6,6,6,6,6,6,6,6,6,6,4,1,0,6,6,6,6,6,6,6,6,6,6,6,6,6,6,3,5,6,6,5,4,5,6,6,6,6,6,6,6,6,3,0,2,1,0,0,0,3,6,6,6,6,6,3,0,0,0,0,0,0,0,0,0,3,4,4,4,1,0,0,0,5,"mfeat-pixel","att60",0.9
0,0,0,0,1,5,6,5,0,0,0,0,0,0,0,0,0,0,0,5,6,6,6,3,0,0,0,0,0,0,0,0,0,4,6,6,6,5,0,0,0,0,0,0,0,0,0,0,6,6,6,6,1,0,0,0,0,0,0,0.7,0,0,2,6,6,6,1,0,0,0,0,0,0,0,0,0,1,6,6,6,6,0,0,1,4,4,3,0,0,0,0,3,6,6,6,3,0,0,3,6,6,6,0,0,0,1,6,6,6,6,3,0,0,5,6,6,6,0,0,0,3,6,6,6,6,3,0,0,6,6,6,6,0,0,0,4,6,6,6,6,5,2,3,6,6,6,6,5,3,1,5,6,6,6,6,6,6,6,6,6,6,6,6,6,6,1,5,6,6,6,6,6,6,6,6,6,6,4,4,3,0,0,1,2,1,0,0,1,6,6,6,3,0,0,0,0,0,0,0,0,0,0,0,3,6,6,6,0,0,0,0,0,0,0,0,0,0,0,3,6,6,6,3,0,0,0,0,0,0,0,0,0,0,1,4,4,4,2,0,0,5,"mfeat-pixel","att60",0.9
0,0,0,0,0,1,5,6,5,1,0,0,0,0,0,0,0,0,0,0,5,6,6,6,5,0,0,0,0,0,0,0,0,0,3,6,6,6,6,5,0,0,0,0,0,0,0,0,0,4,6,6,6,6,3,0,0,0,0,2.86,0,0,0,0,6,6,6,6,6,1,0,0,0,0,0,0,0,0,0,3,6,6,6,1,0,0,0,0,0,0,0,0,0,3,6,6,6,3,0,0,0,0,0,0,0,0,1,5,6,6,6,5,0,0,0,1,2,1,0,0,0,3,6,6,6,6,2,0,0,3,6,6,6,2,0,0,5,6,6,6,4,0,0,0,6,6,6,6,3,0,3,6,6,6,6,0,0,0,1,6,6,6,6,6,0,4,6,6,6,6,6,6,6,6,6,6,6,6,6,1,6,6,6,6,6,6,6,6,6,6,6,6,6,6,3,3,4,4,4,4,6,6,6,6,6,6,6,6,6,3,0,0,0,0,0,0,0,0,0,2,6,6,6,6,6,0,0,0,0,0,0,0,0,0,0,4,4,4,4,3,5,"mfeat-pixel","att60",0.9
0,0,0,0,0,0,0,0,0,3,6,6,5,1,0,0,0,0,0,0,0,0,0,2,6,6,6,6,1,0,0,0,0,0,0,0,0,1,6,6,6,6,3,0,0,0,0,0,0,0,0,0,3,6,6,6,3,0,0,1.02,0,0,0,0,0,0,3,6,6,6,4,0,0,0,0,0,0,0,0,0,5,6,6,6,6,2,0,0,0,0,0,0,0,0,3,6,6,6,6,4,0,0,0,0,0,0,0,0,0,4,6,6,6,6,1,0,0,0,0,0,0,0,0,1,6,6,6,6,2,0,0,0,0,0,0,0,0,3,6,6,6,5,1,0,1,4,3,0,0,0,0,1,6,6,6,6,2,0,3,6,6,6,5,0,0,1,6,6,6,6,6,4,6,6,6,6,6,6,6,5,6,6,6,6,6,6,6,6,6,6,6,6,6,6,5,1,5,6,6,6,6,6,6,6,6,6,6,5,2,0,0,0,0,0,0,0,0,0,5,6,6,6,3,0,0,0,0,0,0,0,0,0,0,2,4,4,4,0,0,0,5,"mfeat-pixel","att60",0.9
0,0,3,5,6,5,0,0,0,0,0,0,0,0,0,0,0,6,6,6,6,0,0,0,0,0,0,0,0,0,0,0,6,6,6,6,0,0,0,0,0,0,0,0,0,0,0,6,6,6,6,0,0,0,0,0,0,0,0,1.42,0,4,6,6,6,6,0,0,0,0,0,0,0,0,0,0,6,6,6,6,6,0,0,0,0,0,0,0,0,0,0,6,6,6,6,6,0,0,0,0,0,0,0,0,0,0,6,6,6,6,5,0,0,0,0,0,0,0,0,0,1,6,6,6,6,1,0,0,0,0,2,2,2,0,0,5,6,6,6,5,0,0,0,0,5,6,6,6,3,0,6,6,6,6,0,0,0,0,0,6,6,6,6,3,0,6,6,6,6,5,3,2,2,3,6,6,6,6,6,2,6,6,6,6,6,6,6,6,6,6,6,6,6,6,6,3,6,4,4,4,4,4,4,4,5,6,6,6,6,6,0,0,0,0,0,0,0,0,0,0,6,6,6,6,5,0,0,0,0,0,0,0,0,0,0,3,4,4,4,1,5,"mfeat-pixel","att60",0.9
0,0,3,3,0,0,0,0,0,0,0,0,0,0,0,0,4,6,6,5,1,0,0,0,0,0,0,0,0,0,0,6,6,6,6,5,0,0,0,0,0,0,0,0,0,0,4,6,6,6,6,2,0,0,0,0,0,0,0,-0.43,1,6,6,6,6,4,0,0,0,0,0,0,0,0,0,1,6,6,6,6,3,0,0,0,0,0,1,1,0,0,0,6,6,6,6,3,0,0,0,3,5,6,6,2,0,0,6,6,6,6,5,2,2,5,6,6,6,6,6,0,2,6,6,6,6,6,6,6,6,6,6,6,6,6,0,6,6,6,6,6,6,6,6,6,6,6,6,6,6,0,1,5,6,6,6,4,4,6,6,6,6,6,6,6,0,0,0,2,0,0,0,0,0,4,6,6,6,6,6,0,0,0,0,0,0,0,0,0,0,5,6,6,6,6,0,0,0,0,0,0,0,0,0,0,4,6,6,6,6,4,0,0,0,0,0,0,0,0,0,6,6,6,6,6,3,0,0,0,0,0,0,0,0,0,1,4,4,4,1,0,5,"mfeat-pixel","att60",0.9
0,0,0,0,0,0,0,0,0,0,0,2,6,6,6,0,0,0,0,0,0,0,0,0,0,1,6,6,6,6,0,0,0,0,0,0,0,0,0,3,6,6,6,6,1,0,0,0,0,0,0,0,0,5,6,6,6,6,1,1.72,0,0,0,0,0,0,0,0,6,6,6,6,6,0,0,0,0,0,0,0,0,1,5,6,6,6,5,1,0,0,0,0,0,0,0,3,6,6,6,6,3,0,0,0,0,0,0,0,1,5,6,6,6,6,1,0,0,0,0,0,0,0,0,4,6,6,6,5,1,0,0,0,0,0,0,0,0,3,6,6,6,6,1,0,0,2,2,0,0,0,1,5,6,6,6,6,4,0,3,6,6,6,5,0,0,6,6,6,6,6,6,5,5,6,6,6,6,6,0,0,5,6,6,6,6,6,6,6,6,6,6,6,6,0,0,0,1,4,4,4,6,6,6,6,6,6,6,4,0,0,0,0,0,0,0,0,1,4,6,6,6,6,4,0,0,0,0,0,0,0,0,0,1,4,4,4,3,0,0,0,5,"mfeat-pixel","att60",0.9
0,0,0,2,6,6,2,0,0,0,0,0,0,0,0,0,0,1,6,6,5,1,0,0,0,0,0,0,0,0,0,0,4,6,6,4,0,0,0,0,0,0,0,0,0,0,0,6,6,6,6,0,0,0,0,0,0,0,0,-0.45,0,0,6,6,6,6,0,0,0,0,0,0,0,0,0,0,2,6,6,6,4,0,0,0,0,0,0,0,0,0,0,6,6,6,6,6,0,0,0,0,0,0,0,0,0,0,5,6,6,6,4,0,0,0,0,1,4,5,6,5,0,5,6,6,6,5,1,0,0,1,5,6,6,6,6,3,6,6,6,6,6,6,6,6,6,6,6,6,6,5,6,6,6,6,6,6,6,6,6,6,6,6,6,6,3,5,5,4,2,0,2,4,5,6,6,6,6,6,6,4,0,0,0,0,0,0,0,0,0,4,6,6,6,6,6,0,0,0,0,0,0,0,0,0,1,6,6,6,6,6,0,0,0,0,0,0,0,0,0,0,2,6,6,6,6,0,0,0,0,0,0,0,0,0,0,0,1,4,4,3,5,"mfeat-pixel","att60",0.9
0,0,0,1,5,6,5,1,0,0,0,0,0,0,0,0,0,2,6,6,6,6,3,0,0,0,0,0,0,0,0,0,3,6,6,6,6,1,0,0,0,0,0,0,0,0,0,6,6,6,6,3,0,0,0,0,0,0,0,0.9,0,0,6,6,6,6,3,0,0,0,0,0,0,0,0,0,2,6,6,6,6,3,0,0,0,0,1,2,1,0,0,6,6,6,6,5,0,0,0,0,0,6,6,6,3,4,6,6,6,6,5,1,0,0,0,3,6,6,6,6,6,6,6,6,6,6,6,4,4,6,6,6,6,6,3,6,6,6,6,6,6,6,6,6,6,6,6,6,6,6,1,3,5,5,3,2,2,5,6,6,6,6,6,6,6,0,0,0,0,0,0,0,0,2,5,6,6,6,6,6,0,0,0,0,0,0,0,0,0,0,6,6,6,6,6,0,0,0,0,0,0,0,0,0,0,6,6,6,6,6,0,0,0,0,0,0,0,0,0,0,4,6,6,6,6,0,0,0,0,0,0,0,0,0,2,4,4,4,4,4,5,"mfeat-pixel","att60",0.9
0,0,0,0,1,5,6,3,0,0,0,0,0,0,0,0,0,0,0,3,6,6,6,0,0,0,0,0,0,0,0,0,0,1,6,6,6,2,0,0,0,0,0,0,0,0,0,0,3,6,6,4,0,0,0,0,0,0,0,-0.38,0,0,0,4,6,6,3,0,0,0,0,0,0,0,0,0,1,5,6,6,4,0,0,0,0,0,0,1,1,0,0,5,6,6,4,0,0,0,0,0,0,2,6,6,2,3,6,6,6,3,0,0,0,0,0,1,6,6,6,3,4,6,6,6,4,0,0,0,0,0,3,6,6,6,3,4,6,6,6,6,6,6,4,4,4,6,6,6,6,3,6,6,6,6,6,6,6,6,6,6,6,6,6,6,3,1,4,4,4,4,4,4,4,6,6,6,6,6,6,3,0,0,0,0,0,0,0,0,0,2,5,6,6,6,3,0,0,0,0,0,0,0,0,0,0,3,6,6,6,3,0,0,0,0,0,0,0,0,0,0,3,6,6,6,5,0,0,0,0,0,0,0,0,0,0,1,4,4,4,2,5,"mfeat-pixel","att60",0.9
0,0,0,0,0,0,1,5,6,5,1,0,0,0,0,0,0,0,0,0,0,5,6,6,6,2,0,0,0,0,0,0,0,0,0,0,6,6,6,4,0,0,0,0,0,0,0,0,0,0,1,6,6,6,3,0,0,0,0,-0.34,0,0,0,0,1,5,6,6,6,1,0,0,0,0,0,0,0,0,0,5,6,6,6,4,0,0,0,0,0,0,0,0,0,0,3,6,6,4,0,0,0,0,1,4,1,0,0,0,2,6,6,6,0,0,0,0,3,6,6,6,0,0,0,6,6,6,6,0,0,0,0,6,6,6,6,0,1,5,6,6,6,6,3,0,0,0,6,6,6,6,3,6,6,6,6,6,6,6,6,6,6,6,6,6,3,6,6,6,6,6,6,6,6,6,6,6,6,6,6,5,6,6,5,1,0,2,2,3,4,6,6,6,6,6,6,1,2,0,0,0,0,0,0,0,0,3,6,6,6,6,0,0,0,0,0,0,0,0,0,0,2,6,6,6,4,0,0,0,0,0,0,0,0,0,0,1,4,4,4,2,5,"mfeat-pixel","att60",0.9
0,0,0,0,3,6,6,5,1,0,0,0,0,0,0,0,0,0,2,6,6,6,6,2,0,0,0,0,0,0,0,0,0,6,6,6,6,4,0,0,0,0,0,0,0,0,0,0,6,6,6,5,0,0,0,0,0,0,0,0.83,0,0,2,6,6,6,5,0,0,0,0,0,0,0,0,0,0,6,6,6,6,3,0,0,0,0,0,0,0,0,0,3,6,6,6,3,0,0,0,0,0,0,0,0,0,0,3,6,6,6,2,0,0,0,0,0,0,0,0,0,1,6,6,6,6,0,0,0,0,0,0,0,0,0,0,3,6,6,6,6,0,0,3,6,6,5,1,0,0,0,5,6,6,6,4,0,3,6,6,6,6,6,0,0,0,6,6,6,6,5,4,6,6,6,6,6,6,5,2,0,6,6,6,6,6,6,6,6,6,6,6,6,6,6,5,1,2,2,2,2,0,0,6,6,6,6,6,6,6,3,0,0,0,0,0,0,0,4,6,6,6,6,0,0,0,0,0,0,0,0,0,0,1,4,4,4,1,0,0,0,5,"mfeat-pixel","att60",0.9
0,0,0,0,0,2,6,6,3,0,0,0,0,0,0,0,0,0,0,0,3,6,6,6,3,0,0,0,0,0,0,0,0,0,1,6,6,6,6,3,0,0,0,0,0,0,0,0,0,5,6,6,6,6,3,0,0,0,0,-2.58,0,0,0,2,6,6,6,6,5,0,0,0,0,0,0,0,0,1,6,6,6,6,6,3,0,0,0,0,0,0,0,0,2,6,6,6,6,6,3,0,0,0,0,0,0,0,0,2,6,6,6,6,6,3,0,0,0,0,0,0,0,1,6,6,6,6,6,6,0,0,0,0,0,0,0,0,3,6,6,6,6,6,4,0,0,1,2,0,0,0,0,3,6,6,6,6,5,0,0,2,6,6,5,1,0,1,6,6,6,6,6,4,1,0,5,6,6,6,3,0,5,6,6,6,6,6,6,6,6,6,6,6,6,5,1,6,6,6,6,6,6,6,6,6,6,6,6,6,6,5,5,6,5,4,2,0,0,2,4,6,6,6,6,6,6,0,0,0,0,0,0,0,0,0,3,4,4,4,4,3,5,"mfeat-pixel","att60",0.9
0,0,5,6,6,6,6,5,3,0,0,0,0,0,0,0,3,6,6,6,6,6,6,5,0,0,0,0,0,0,0,4,6,6,6,6,6,3,0,0,0,0,0,0,0,0,6,6,6,6,6,1,0,0,0,0,0,0,0,2.25,0,6,6,6,6,5,0,0,0,0,0,0,0,0,0,0,6,6,6,6,1,0,0,0,0,0,0,0,0,0,0,6,6,6,6,0,0,0,0,0,0,0,0,0,0,1,6,6,6,6,0,0,0,0,0,0,3,6,4,3,5,6,6,6,4,0,0,0,0,1,5,6,6,6,6,6,6,6,6,6,4,5,6,6,6,6,6,6,6,4,5,6,6,6,6,6,4,5,6,6,6,6,6,6,5,0,0,0,0,0,0,0,0,0,1,6,6,6,6,4,0,0,0,0,0,0,0,0,0,0,6,6,6,6,0,0,0,0,0,0,0,0,0,0,2,6,6,6,6,1,0,0,0,0,0,0,0,0,0,1,6,6,6,6,3,0,0,0,0,0,0,0,0,0,0,4,4,4,4,1,5,"mfeat-pixel","att60",0.9
0,0,1,4,1,0,0,0,0,0,0,0,0,0,0,0,3,6,6,4,0,0,0,0,0,0,0,0,0,0,0,6,6,6,6,2,0,0,0,0,0,0,0,0,0,0,6,6,6,6,3,0,0,0,0,0,0,0,0,-0.33,0,3,6,6,6,6,2,0,0,0,0,0,0,0,0,0,5,6,6,6,4,0,0,0,0,0,0,0,0,0,0,6,6,6,6,3,0,0,0,0,0,0,0,0,0,1,6,6,6,6,3,0,0,0,0,0,0,0,0,0,5,6,6,6,6,1,0,0,0,0,3,6,6,5,0,2,6,6,6,6,1,0,0,0,3,6,6,6,6,0,0,6,6,6,6,6,4,4,4,6,6,6,6,6,4,2,6,6,6,6,6,6,6,6,6,6,6,6,6,6,6,6,6,6,6,6,6,6,6,6,6,6,6,6,6,1,4,3,2,2,2,2,3,5,6,6,6,6,6,6,0,0,0,0,0,0,0,0,0,3,6,6,6,6,6,0,0,0,0,0,0,0,0,0,0,2,4,4,4,4,5,"mfeat-pixel","att60",0.9
0,0,0,0,0,0,3,6,5,1,0,0,0,0,0,0,0,0,0,0,5,6,6,6,3,0,0,0,0,0,0,0,0,0,3,6,6,6,6,1,0,0,0,0,0,0,0,0,0,3,6,6,6,2,0,0,0,0,0,-1.7,0,0,0,0,4,6,6,6,0,0,0,0,0,0,0,0,0,0,2,6,6,6,2,0,0,0,0,0,0,0,0,0,0,4,6,6,5,0,0,0,0,0,0,0,0,0,0,2,6,6,6,1,0,0,0,1,4,5,5,3,0,0,5,6,6,3,0,0,0,0,1,6,6,6,5,0,3,6,6,3,0,0,0,0,0,0,6,6,6,3,0,5,6,6,6,0,0,0,0,0,2,6,6,6,3,3,6,6,6,6,3,2,2,2,3,6,6,6,6,3,6,6,6,6,6,6,6,6,6,6,6,6,6,6,3,1,4,4,4,4,6,4,4,4,6,6,6,6,6,1,0,0,0,0,0,0,0,0,0,0,4,6,6,6,0,0,0,0,0,0,0,0,0,0,0,1,4,4,3,0,5,"mfeat-pixel","att60",0.9
0,0,0,2,6,6,5,0,0,0,0,0,0,0,0,0,0,0,3,6,6,6,0,0,0,0,0,0,0,0,0,0,0,3,6,6,6,1,0,0,0,0,0,0,0,0,0,0,6,6,6,6,3,0,0,0,0,0,0,-2.7,0,0,0,3,6,6,6,3,0,0,0,0,0,0,0,0,0,0,4,6,6,6,2,0,0,0,0,0,0,0,0,0,2,6,6,6,6,1,0,0,0,0,0,0,0,0,0,3,6,6,6,6,1,0,0,0,0,0,0,0,0,1,6,6,6,6,2,0,0,0,3,6,5,1,0,0,3,6,6,4,1,0,0,0,0,5,6,6,6,2,0,0,3,2,4,1,0,0,0,2,5,6,6,6,1,1,5,6,6,6,6,6,6,6,6,6,6,6,6,2,6,6,6,6,6,6,6,6,6,6,6,6,6,6,4,1,4,3,0,2,0,0,0,3,2,3,6,6,6,6,0,0,0,0,0,0,0,0,0,0,3,6,6,6,6,0,0,0,0,0,0,0,0,0,0,0,3,4,4,2,5,"mfeat-pixel","att60",0.9
0,0,2,6,6,5,1,0,0,0,0,0,0,0,0,0,0,3,6,6,6,2,0,0,0,0,0,0,0,0,0,0,5,6,6,6,0,0,0,0,0,0,0,0,0,0,1,6,6,6,4,0,0,0,0,0,0,0,0,1.78,0,5,6,6,6,2,0,0,0,0,0,0,0,0,0,1,6,6,6,3,0,0,0,0,2,0,0,0,0,0,5,6,6,4,0,0,0,0,5,6,5,1,0,0,0,6,6,6,3,0,0,0,0,6,6,6,3,0,0,0,6,6,6,3,0,0,0,0,6,6,6,4,0,0,0,6,6,6,5,4,4,4,4,6,6,6,6,5,4,3,6,6,6,6,6,6,6,6,6,6,6,6,6,6,6,6,6,6,6,6,6,6,6,6,6,6,6,6,4,1,3,4,1,0,0,0,0,0,6,6,6,6,3,0,0,0,0,0,0,0,0,0,0,6,6,6,6,3,0,0,0,0,0,0,0,0,0,0,6,6,6,6,3,0,0,0,0,0,0,0,0,0,0,2,4,4,4,2,0,0,5,"mfeat-pixel","att60",0.9
0,0,0,0,3,6,6,5,1,0,0,0,0,0,0,0,0,0,1,6,6,6,6,5,0,0,0,0,0,0,0,0,0,3,6,6,6,6,6,0,0,0,0,0,0,0,0,0,3,6,6,6,6,4,0,0,0,0,0,0.91,0,0,0,5,6,6,6,5,0,0,0,0,0,0,0,0,0,0,6,6,6,6,1,0,0,0,0,0,0,0,0,0,4,6,6,6,6,0,0,0,0,0,0,0,0,0,0,6,6,6,6,4,0,0,2,2,0,0,0,0,0,2,6,6,6,6,0,1,5,6,6,5,1,0,0,1,6,6,6,6,5,0,2,6,6,6,6,3,0,0,3,6,6,6,4,0,0,0,6,6,6,6,3,0,0,3,6,6,6,5,4,4,4,6,6,6,6,5,1,0,6,6,6,6,6,6,6,6,6,6,6,6,6,6,3,3,6,6,4,4,5,6,6,6,6,6,6,6,6,3,0,0,0,0,0,0,0,3,6,6,6,6,6,1,0,0,0,0,0,0,0,0,0,3,4,4,4,2,0,0,5,"mfeat-pixel","att60",0.9
0,0,0,0,0,0,1,5,5,4,1,0,0,0,0,0,0,0,0,0,0,3,6,6,6,3,0,0,0,0,0,0,0,0,0,0,5,6,6,6,1,0,0,0,0,0,0,0,0,0,4,6,6,6,3,0,0,0,0,-0.06,0,0,0,0,2,6,6,6,6,2,0,0,0,0,0,0,0,0,0,3,6,6,6,4,0,0,0,0,0,0,0,0,0,1,6,6,6,6,1,0,0,0,0,0,0,0,0,0,5,6,6,6,1,0,0,0,1,4,3,0,0,0,5,6,6,6,3,0,0,0,0,3,6,6,5,0,3,6,6,6,6,3,0,0,0,0,3,6,6,6,1,6,6,6,6,6,6,3,0,0,0,4,6,6,6,5,6,6,6,6,6,6,6,6,6,6,6,6,6,3,5,6,6,6,6,6,6,6,6,6,4,6,6,6,3,0,0,0,0,0,0,0,0,0,0,0,4,6,6,3,0,0,0,0,0,0,0,0,0,0,2,6,6,6,6,0,0,0,0,0,0,0,0,0,0,2,4,4,4,4,5,"mfeat-pixel","att60",0.9
0,0,0,0,0,0,0,3,6,6,2,0,0,0,0,0,0,0,0,0,0,2,6,6,6,2,0,0,0,0,0,0,0,0,0,1,6,6,6,4,0,0,0,0,0,0,0,0,0,1,6,6,6,6,2,0,0,0,0,1.83,0,0,0,0,3,6,6,6,6,0,0,0,0,0,0,0,0,0,0,3,6,6,6,6,0,0,0,0,0,0,0,0,0,0,4,6,6,6,5,0,0,0,0,0,0,0,0,0,2,6,6,6,5,0,0,0,0,0,0,0,0,0,0,4,6,6,6,3,0,0,0,1,4,3,0,0,0,2,6,6,6,4,0,0,0,2,6,6,6,5,0,1,5,6,6,6,3,0,0,2,6,6,6,6,6,0,6,6,6,6,6,5,4,4,5,6,6,6,6,6,5,6,6,6,6,6,6,6,6,6,6,6,6,6,6,6,6,6,6,6,6,6,6,6,6,6,6,6,6,6,3,4,4,4,4,2,3,3,2,5,6,6,6,6,6,0,0,0,0,0,0,0,0,0,0,2,4,4,4,3,5,"mfeat-pixel","att60",0.9
0,0,0,0,0,0,1,5,6,6,3,0,0,0,0,0,0,0,0,0,0,5,6,6,6,6,0,0,0,0,0,0,0,0,0,2,6,6,6,6,6,0,0,0,0,0,0,0,0,0,3,6,6,6,6,2,0,0,0,-0.93,0,0,0,0,1,6,6,6,6,4,0,0,0,0,0,0,0,0,1,5,6,6,6,4,0,0,3,4,4,3,0,0,1,5,6,6,6,6,0,1,5,6,6,6,6,0,1,5,6,6,6,6,6,4,6,6,6,6,6,6,3,6,6,6,6,6,6,6,6,6,6,6,6,6,6,6,6,6,6,6,6,6,6,6,6,6,6,6,6,6,5,6,6,3,0,0,2,2,2,2,6,6,6,6,6,0,2,0,0,0,0,0,0,0,0,6,6,6,6,6,0,0,0,0,0,0,0,0,0,0,3,6,6,6,6,0,0,0,0,0,0,0,0,0,0,6,6,6,6,6,0,0,0,0,0,0,0,0,0,0,5,6,6,6,5,0,0,0,0,0,0,0,0,0,0,1,4,4,4,1,5,"mfeat-pixel","att60",0.9
0,0,0,0,0,0,0,0,3,6,6,5,1,0,0,0,0,0,0,0,0,1,5,6,6,6,6,1,0,0,0,0,0,0,0,0,3,6,6,6,6,2,0,0,0,0,0,0,0,0,0,4,6,6,6,5,0,0,0,0.64,0,0,0,0,0,0,6,6,6,6,1,0,0,0,0,0,0,0,0,0,4,6,6,6,2,0,0,0,0,0,0,0,0,0,4,6,6,6,2,0,0,0,0,0,0,0,0,0,2,6,6,6,4,0,0,0,0,0,0,0,0,0,1,6,6,6,6,2,5,6,3,0,0,0,0,0,0,3,6,6,6,4,2,6,6,6,3,0,0,0,1,3,6,6,6,3,0,1,6,6,6,3,0,0,0,6,6,6,6,4,2,2,4,6,6,6,6,4,2,1,6,6,6,6,6,6,6,6,6,6,6,6,6,6,6,5,6,6,6,6,6,6,6,6,6,6,6,5,4,3,0,0,0,0,0,0,0,3,6,6,6,6,2,0,0,0,0,0,0,0,0,0,1,4,4,4,3,0,0,0,5,"mfeat-pixel","att60",0.9
0,0,0,0,0,0,0,2,6,6,4,1,0,0,0,0,0,0,0,0,0,1,5,6,6,6,3,0,0,0,0,0,0,0,0,3,6,6,6,6,6,3,0,0,0,0,0,0,0,1,6,6,6,6,6,6,2,0,0,1.28,0,0,0,2,6,6,6,6,6,6,1,0,0,0,0,0,0,0,3,6,6,6,6,6,4,0,0,0,0,0,0,0,0,4,6,6,6,6,6,0,0,0,0,0,0,0,0,5,6,6,6,6,6,6,0,0,0,0,0,0,0,1,6,6,6,6,6,6,6,1,0,0,0,0,0,1,6,6,6,6,6,6,6,6,6,3,2,1,0,0,6,6,6,6,6,6,6,6,6,6,6,6,6,1,0,6,6,6,6,6,6,6,6,6,6,6,6,6,6,3,6,6,6,6,6,6,6,6,6,6,6,6,6,6,6,1,4,4,4,5,6,6,6,6,6,6,6,6,6,6,0,0,0,0,0,3,6,6,6,6,6,6,6,6,5,0,0,0,0,0,0,3,4,4,4,4,4,4,3,0,5,"mfeat-pixel","att60",0.9
1,5,6,6,5,1,0,0,0,0,0,0,0,0,0,5,6,6,6,6,3,0,0,0,0,0,0,0,0,0,3,6,6,6,6,0,0,0,0,0,0,0,0,0,0,5,6,6,6,6,0,0,0,0,0,0,0,0,0,0.22,3,6,6,6,5,0,0,0,0,0,0,0,0,0,0,2,6,6,6,4,0,0,0,0,3,6,6,5,1,0,0,6,6,6,6,0,0,0,0,6,6,6,6,5,0,1,6,6,6,6,0,0,0,0,6,6,6,6,6,0,3,6,6,6,6,0,0,0,0,4,6,6,6,6,0,1,6,6,6,6,1,0,0,0,4,6,6,6,6,0,5,6,6,6,6,6,6,4,5,6,6,6,6,6,2,6,6,6,6,6,6,6,6,6,6,6,6,6,6,1,6,6,6,6,6,6,6,6,6,6,6,6,6,6,0,3,4,4,4,3,3,6,6,6,6,6,6,6,6,0,0,0,0,0,0,0,1,2,2,3,6,6,6,6,4,0,0,0,0,0,0,0,0,0,0,4,4,4,4,4,5,"mfeat-pixel","att60",0.9
0,0,0,1,4,5,6,3,0,0,0,0,0,0,0,0,0,0,3,6,6,6,6,0,0,0,0,0,0,0,0,0,0,3,6,6,6,5,0,0,0,0,0,0,0,0,0,0,4,6,6,6,1,0,0,0,0,0,0,0.75,0,0,2,6,6,6,6,0,0,0,0,0,0,0,0,0,2,6,6,6,5,1,0,0,0,0,2,1,0,0,0,3,6,6,6,3,0,0,0,1,5,6,6,5,3,0,3,6,6,6,3,0,0,1,5,6,6,6,6,6,0,4,6,6,6,6,4,5,6,6,6,6,6,6,6,2,6,6,6,6,6,6,6,6,6,6,6,6,6,4,1,4,4,3,2,2,1,0,3,6,6,6,6,6,0,0,0,0,0,0,0,0,0,0,3,6,6,6,6,0,0,0,0,0,0,0,0,0,0,3,6,6,6,6,0,0,0,0,0,0,0,0,0,0,3,6,6,6,5,0,0,0,0,0,0,0,0,0,0,3,6,6,6,3,0,0,0,0,0,0,0,0,0,0,1,4,4,4,2,0,5,"mfeat-pixel","att60",0.9
0,0,0,0,0,0,0,0,1,5,6,6,3,0,0,0,0,0,0,0,0,0,2,6,6,6,6,6,0,0,0,0,0,0,0,0,1,6,6,6,6,5,1,0,0,0,0,0,0,0,0,3,6,6,6,6,2,0,0,1.07,0,0,0,0,0,1,6,6,6,6,6,0,0,0,0,0,0,0,0,1,5,6,6,6,6,3,0,0,0,0,0,0,0,3,6,6,6,6,6,1,0,0,2,2,0,0,0,3,6,6,6,6,3,1,0,0,5,6,6,3,0,3,6,6,6,6,3,0,0,1,5,6,6,6,4,4,6,6,6,6,6,6,4,4,6,6,6,6,6,4,5,6,6,6,6,6,6,6,6,6,6,6,6,6,3,0,2,2,2,2,2,2,2,2,5,6,6,6,6,3,0,0,0,0,0,0,0,0,0,0,4,6,6,6,3,0,0,0,0,0,0,0,0,0,0,5,6,6,6,1,0,0,0,0,0,0,0,0,0,2,6,6,6,6,2,0,0,0,0,0,0,0,0,0,0,3,4,4,4,1,5,"mfeat-pixel","att60",0.9
6,6,6,3,0,0,0,0,0,0,0,0,0,0,0,6,6,6,6,0,0,0,0,0,0,0,0,0,0,0,6,6,6,6,2,0,0,0,0,0,0,0,0,0,0,6,6,6,6,6,0,0,0,0,0,0,0,0,0,1.59,5,6,6,6,6,0,0,0,0,0,0,0,0,0,0,1,6,6,6,6,2,0,0,0,0,0,0,0,0,0,0,6,6,6,6,6,0,0,2,2,2,0,0,0,0,0,6,6,6,6,6,0,5,6,6,6,5,0,0,0,0,6,6,6,6,6,1,5,6,6,6,6,2,0,0,0,6,6,6,6,6,5,0,5,6,6,6,6,2,0,0,5,6,6,6,6,6,2,2,6,6,6,6,6,0,0,1,6,6,6,6,6,6,6,6,6,6,6,6,1,0,0,4,6,6,6,6,6,6,6,6,6,6,6,5,0,0,0,3,6,5,5,6,5,4,5,6,6,6,6,0,0,0,0,0,0,0,0,0,0,3,6,6,6,6,0,0,0,0,0,0,0,0,0,0,0,3,4,4,4,5,"mfeat-pixel","att60",0.9
0,0,0,0,3,6,6,6,6,3,0,0,0,0,0,0,0,0,4,6,6,6,6,6,3,0,0,0,0,0,0,0,3,6,6,6,6,3,1,0,0,0,0,0,0,0,0,4,6,6,4,0,0,0,0,0,0,0,0,2.19,0,1,5,6,6,6,5,1,0,0,0,0,0,0,0,0,5,6,6,6,6,5,1,0,0,0,0,0,0,0,3,6,6,6,6,6,0,0,0,0,0,0,0,0,0,4,6,6,6,6,6,0,0,0,0,0,0,0,0,0,5,6,6,6,6,6,0,0,0,0,0,0,0,0,0,3,6,6,6,6,6,0,0,0,0,3,6,5,1,0,3,6,6,6,6,3,0,0,0,5,6,6,6,6,2,6,6,6,6,6,6,6,4,4,6,6,6,6,6,3,6,6,6,6,6,6,6,6,6,6,6,6,6,6,0,3,4,4,4,4,5,6,6,6,6,6,6,6,6,5,0,0,0,0,0,0,0,0,0,4,6,6,6,6,6,0,0,0,0,0,0,0,0,0,0,3,4,4,4,4,5,"mfeat-pixel","att60",0.9
0,0,0,0,1,4,4,6,4,1,0,0,0,0,0,0,0,0,0,3,6,6,6,6,3,0,0,0,0,0,0,0,0,0,3,6,6,6,6,3,0,0,0,0,0,0,0,0,1,6,6,6,6,6,3,0,0,0,0,2.29,0,0,0,3,6,6,6,6,6,2,0,0,0,0,0,0,0,0,4,6,6,6,6,3,0,0,0,0,0,0,0,0,5,6,6,6,6,6,2,0,0,0,0,0,0,0,0,6,6,6,6,6,4,0,0,0,0,0,0,0,0,1,6,6,6,6,6,0,0,0,0,0,0,0,0,0,5,6,6,6,6,2,0,1,2,2,1,0,0,0,0,6,6,6,6,4,0,0,6,6,6,6,5,1,0,2,6,6,6,6,3,0,0,6,6,6,6,6,1,0,5,6,6,6,6,6,4,5,6,6,6,6,6,5,3,1,5,6,6,6,5,5,6,6,6,6,6,6,6,5,0,0,0,0,0,0,0,3,6,6,6,6,6,6,1,0,0,0,0,0,0,0,0,3,4,4,4,4,1,0,5,"mfeat-pixel","att60",0.9
0,0,0,0,3,5,6,5,1,0,0,0,0,0,0,0,0,0,0,3,6,6,6,3,0,0,0,0,0,0,0,0,0,0,0,4,6,6,3,0,0,0,0,0,0,0,0,0,0,5,6,6,6,3,0,0,0,0,0,2.8,0,0,0,2,6,6,6,6,1,0,0,0,0,0,0,0,0,0,6,6,6,6,6,0,0,0,0,0,0,0,0,0,4,6,6,6,5,1,0,0,0,0,0,0,0,0,0,6,6,6,6,3,0,0,0,0,1,1,0,0,0,4,6,6,6,6,4,0,0,1,5,6,6,5,3,2,6,6,6,6,6,6,5,5,6,6,6,6,6,5,2,6,6,6,6,6,6,6,6,6,6,6,6,6,1,0,1,2,2,2,2,2,5,6,6,6,6,6,6,4,0,0,0,0,0,0,0,0,3,6,6,6,6,6,5,0,0,0,0,0,0,0,0,2,6,6,6,6,6,1,0,0,0,0,0,0,0,0,0,5,6,6,6,5,0,0,0,0,0,0,0,0,0,0,2,4,4,4,1,0,5,"mfeat-pixel","att60",0.9
0,0,0,5,6,6,2,0,0,0,0,0,0,0,0,0,0,0,6,6,6,6,2,0,0,0,0,0,0,0,0,0,1,6,6,6,6,1,0,0,0,0,0,0,0,3,6,6,6,6,6,6,6,6,6,6,6,6,6,5.76,6,6,6,6,6,6,6,6,6,6,6,6,6,6,6,5,6,4,6,6,6,6,4,4,4,5,6,6,6,6,0,0,0,5,6,6,6,3,0,0,5,6,6,6,6,0,0,0,1,6,6,6,4,0,0,6,6,6,6,6,0,0,0,0,5,6,5,1,0,1,6,6,6,6,5,0,0,0,0,0,2,0,0,0,4,6,6,6,6,1,0,0,0,0,0,0,0,0,2,6,6,6,6,6,0,0,0,0,0,0,0,0,0,3,6,6,6,6,5,0,0,0,0,0,0,0,0,0,5,6,6,6,6,1,0,0,0,0,0,0,0,0,3,6,6,6,6,6,0,0,0,0,0,0,0,0,0,3,6,6,6,6,5,0,0,0,0,0,0,0,0,0,2,4,4,4,3,0,0,0,5,"mfeat-pixel","att60",0.9
0,3,4,6,6,6,3,0,0,0,0,0,0,0,0,0,6,6,6,6,6,6,5,1,0,0,0,0,0,0,0,6,6,6,6,6,6,6,6,4,4,0,0,0,0,0,6,6,6,6,6,6,5,3,2,2,0,0,0,-0.03,0,6,6,6,6,6,6,3,0,0,0,0,0,0,0,1,6,6,6,6,6,6,6,0,0,0,0,0,0,0,5,6,6,6,6,6,6,6,5,4,5,5,3,2,0,6,6,6,6,6,6,6,6,6,6,6,6,6,6,3,6,6,6,6,6,6,6,6,6,6,6,6,6,6,5,6,6,6,6,6,6,6,6,6,6,6,6,6,6,6,6,6,6,6,6,6,6,6,6,6,6,6,6,6,6,3,4,4,4,4,4,4,4,6,6,6,6,6,6,6,0,0,0,0,0,0,0,0,0,3,6,6,6,6,6,0,0,0,0,0,0,0,0,0,0,6,6,6,6,6,0,0,0,0,0,1,1,0,0,2,6,6,6,6,6,0,0,0,0,0,4,4,3,0,0,3,4,4,4,3,5,"mfeat-pixel","att60",0.9
0,0,0,0,0,0,1,4,6,5,0,0,0,0,0,0,0,0,0,0,3,6,6,6,6,5,0,0,0,0,0,0,0,0,0,6,6,6,6,6,4,0,0,0,0,0,0,0,1,5,6,6,6,6,6,6,2,0,0,-2.5,0,0,0,3,6,6,6,6,6,6,1,0,0,0,0,0,0,0,3,6,6,6,6,6,5,0,0,0,0,0,0,0,0,3,6,6,6,6,6,1,1,2,2,1,0,0,0,3,6,6,6,6,6,5,0,6,6,6,6,3,0,0,6,6,6,6,6,4,0,0,6,6,6,6,6,1,5,6,6,6,6,6,4,0,1,6,6,6,6,6,1,6,6,6,6,6,6,6,6,6,6,6,6,6,6,2,6,6,6,6,6,6,6,6,6,6,6,6,6,6,0,1,2,2,0,1,3,6,6,6,6,6,6,6,6,0,0,0,0,0,0,0,0,3,6,6,6,6,6,6,0,0,0,0,0,0,0,0,0,6,6,6,6,6,4,0,0,0,0,0,0,0,0,0,1,4,4,4,4,0,5,"mfeat-pixel","att60",0.9
0,0,0,2,2,2,0,0,0,0,0,0,0,0,0,0,0,3,6,6,6,3,0,0,0,0,0,0,0,0,0,0,4,6,6,6,6,0,0,0,0,0,0,0,0,0,0,6,6,6,6,4,0,0,0,0,0,0,0,-0.63,0,2,6,6,6,5,0,0,0,0,0,0,0,0,0,0,5,6,6,6,3,0,0,0,0,0,0,0,0,0,3,6,6,6,6,3,0,0,0,0,0,0,0,0,0,3,6,6,6,6,3,0,0,0,0,3,6,6,3,0,3,6,6,6,6,3,0,0,0,5,6,6,6,5,0,3,6,6,6,6,3,0,0,3,6,6,6,6,3,0,6,6,6,6,6,6,6,6,6,6,6,6,6,3,0,6,6,6,6,6,6,6,6,6,6,6,6,6,5,0,5,6,6,6,6,5,3,2,3,6,6,6,6,6,5,0,0,0,0,0,0,0,0,0,3,6,6,6,6,6,0,0,0,0,0,0,0,0,0,3,6,6,6,6,6,0,0,0,0,0,0,0,0,0,1,4,4,4,4,1,5,"mfeat-pixel","att60",0.9
0,0,0,2,6,6,2,0,0,0,0,0,0,0,0,0,0,0,5,6,6,5,0,0,0,0,0,0,0,0,0,0,3,6,6,6,6,3,0,0,0,0,0,0,0,0,0,0,5,6,6,6,3,0,0,0,0,0,0,-2.82,0,0,1,5,6,6,6,2,0,0,0,0,0,0,0,0,2,6,6,6,6,4,0,0,0,0,1,2,1,0,0,3,6,6,6,6,2,0,0,0,3,6,6,6,2,0,4,6,6,6,4,0,0,0,3,6,6,6,6,3,3,6,6,6,6,4,0,0,0,3,6,6,6,6,3,6,6,6,6,6,6,6,6,6,6,6,6,6,6,3,6,6,6,6,6,6,6,6,6,6,6,6,6,6,4,3,4,2,2,2,2,4,6,6,6,6,6,6,6,6,0,0,0,0,0,0,0,1,3,6,6,6,6,6,6,0,0,0,0,0,0,0,0,0,3,6,6,6,6,6,0,0,0,0,0,0,0,0,0,3,6,6,6,6,3,0,0,0,0,0,0,0,0,0,1,4,4,4,4,1,5,"mfeat-pixel","att60",0.9
0,0,0,0,0,0,0,2,5,6,5,0,0,0,0,0,0,0,0,0,1,5,6,6,6,5,0,0,0,0,0,0,0,0,0,3,6,6,6,6,2,0,0,0,0,0,0,0,0,0,4,6,6,6,4,0,0,0,0,-2.87,0,0,0,0,2,6,6,6,5,0,0,0,0,0,0,0,0,0,1,6,6,6,5,1,0,0,0,2,0,0,0,3,4,6,6,6,6,1,0,1,4,6,6,5,1,4,6,6,6,6,6,4,0,0,3,6,6,6,6,3,6,6,6,6,6,6,6,4,4,6,6,6,6,6,3,6,6,6,6,6,6,6,6,6,6,6,6,6,6,3,3,6,6,4,4,3,2,2,3,6,6,6,6,5,0,0,0,0,0,0,0,0,0,0,4,6,6,6,3,0,0,0,0,0,0,0,0,0,0,6,6,6,6,3,0,0,0,0,0,0,0,0,0,0,6,6,6,6,1,0,0,0,0,0,0,0,0,0,2,6,6,6,6,2,0,0,0,0,0,0,0,0,0,0,3,4,4,4,2,0,5,"mfeat-pixel","att60",0.9
0,0,0,0,0,0,1,5,6,6,2,0,0,0,0,0,0,0,0,0,0,4,6,6,6,3,0,0,0,0,0,0,0,0,0,3,6,6,6,6,3,0,0,0,0,0,0,0,0,2,6,6,6,6,6,2,0,0,0,-1.1,0,0,0,1,6,6,6,6,6,4,0,0,0,0,0,0,0,1,6,6,6,6,6,4,0,0,0,2,0,0,0,0,3,6,6,6,6,4,0,0,1,5,6,6,3,0,1,6,6,6,6,5,0,0,0,5,6,6,6,5,0,5,6,6,6,6,4,0,0,0,5,6,6,6,3,5,6,6,6,6,6,6,5,4,5,6,6,6,6,2,6,6,6,6,6,6,6,6,6,6,6,6,6,4,0,1,5,6,6,6,5,4,6,6,6,6,6,6,1,0,0,0,0,0,0,0,0,6,6,6,6,6,3,0,0,0,0,0,0,0,0,2,6,6,6,6,6,3,0,0,0,0,0,0,0,0,2,6,6,6,6,6,1,0,0,0,0,0,0,0,0,0,3,4,4,4,1,0,0,0,5,"mfeat-pixel","att60",0.9
0,0,0,0,0,3,6,6,5,0,0,0,0,0,0,0,0,0,1,5,6,6,6,2,0,0,0,0,0,0,0,0,0,4,6,6,6,6,0,0,0,0,0,0,0,0,0,2,6,6,6,6,6,0,0,0,0,0,0,1.28,0,0,3,6,6,6,6,6,0,0,0,0,0,0,0,0,0,3,6,6,6,6,2,0,0,0,0,0,0,0,0,1,6,6,6,6,6,0,0,0,0,0,0,0,0,0,5,6,6,6,6,4,0,0,0,0,0,3,3,0,2,6,6,6,6,6,3,0,0,0,0,5,6,6,5,6,6,6,6,6,6,5,4,3,2,4,6,6,6,6,6,6,6,6,6,6,6,6,6,6,6,6,6,6,6,3,6,6,6,6,6,6,6,6,6,6,6,6,6,6,0,0,0,2,2,3,5,6,6,6,6,6,6,6,6,0,0,0,0,0,0,0,0,0,0,3,6,6,6,6,0,0,0,0,0,0,0,0,0,0,3,6,6,6,6,0,0,0,0,0,0,0,0,0,0,1,4,4,4,3,5,"mfeat-pixel","att60",0.9
0,0,0,0,0,0,1,4,5,5,4,1,0,0,0,0,0,0,0,0,0,3,6,6,6,6,2,0,0,0,0,0,0,0,0,0,3,6,6,6,5,0,0,0,0,0,0,0,0,0,0,5,6,6,3,0,0,0,0,0.97,0,0,0,0,0,4,6,6,3,0,0,0,0,0,0,0,0,0,1,5,6,6,6,3,0,0,0,0,0,0,0,0,0,6,6,6,6,6,1,0,1,4,4,3,0,0,0,3,6,6,6,6,3,0,0,2,6,6,6,2,0,2,6,6,6,6,5,0,0,0,0,6,6,6,2,0,4,6,6,6,6,3,0,0,0,3,6,6,6,0,4,6,6,6,6,6,6,4,4,5,6,6,6,6,0,6,6,6,6,6,6,6,6,6,6,6,6,6,6,0,3,3,2,2,2,2,2,4,4,5,6,6,6,6,0,0,0,0,0,0,0,0,0,0,0,6,6,6,6,0,0,0,0,0,0,0,0,0,0,0,4,6,6,6,0,0,0,0,0,0,0,0,0,0,2,4,4,4,4,0,5,"mfeat-pixel","att60",0.9
0,0,0,0,5,5,3,0,0,0,0,0,0,0,0,0,0,1,5,6,6,6,4,0,0,0,0,0,0,0,0,0,3,6,6,6,6,4,0,0,0,0,0,0,0,0,3,6,6,6,6,6,0,0,0,0,0,0,0,1.05,0,6,6,6,6,6,6,0,0,0,0,0,0,0,0,3,6,6,6,6,6,6,0,0,0,0,0,0,0,0,1,6,6,6,6,6,6,0,0,0,1,2,2,0,0,4,6,6,6,6,6,6,0,0,2,6,6,6,6,5,4,6,6,6,6,6,6,5,4,6,6,6,6,6,2,5,6,6,6,6,6,6,6,6,6,6,6,6,6,1,1,4,4,4,4,3,2,2,4,6,6,6,6,6,5,0,0,0,0,0,0,0,0,0,4,6,6,6,6,5,0,0,0,0,0,0,0,0,5,6,6,6,6,6,1,0,0,0,0,0,0,0,0,6,6,6,6,6,6,0,0,0,0,0,0,0,0,0,3,6,6,6,6,6,0,0,0,0,0,0,0,0,0,0,1,4,4,4,3,0,5,"mfeat-pixel","att60",0.9
0,0,0,0,0,0,3,6,6,6,3,0,0,0,0,0,0,0,0,1,5,6,6,6,6,5,0,0,0,0,0,0,0,0,5,6,6,6,6,5,1,0,0,0,0,0,0,0,0,6,6,6,6,5,0,0,0,0,0,-1.04,0,0,0,0,6,6,6,6,0,0,0,0,0,0,0,0,0,0,0,6,6,6,6,0,0,0,0,0,0,0,0,0,0,4,6,6,6,6,0,0,0,0,0,0,0,0,0,0,6,6,6,6,2,0,0,0,0,0,0,0,0,0,4,6,6,6,6,0,0,0,1,2,1,0,0,0,0,6,6,6,6,2,0,0,3,6,6,6,2,0,0,4,6,6,6,2,0,0,0,6,6,6,6,6,0,1,6,6,6,6,3,2,2,5,6,6,6,6,6,3,3,6,6,6,6,6,6,6,6,6,6,6,6,6,2,1,5,6,6,6,6,6,6,6,6,6,6,6,2,0,0,0,0,0,0,0,0,0,1,6,6,6,6,0,0,0,0,0,0,0,0,0,0,0,3,4,4,3,0,0,5,"mfeat-pixel","att60",0.9
0,0,0,0,0,0,3,6,6,3,0,0,0,0,0,0,0,0,0,0,5,6,6,6,6,0,0,0,0,0,0,0,0,0,0,6,6,6,6,3,0,0,0,0,0,0,0,0,0,3,6,6,6,5,0,0,0,0,0,-1.23,0,0,0,1,6,6,6,6,1,0,0,0,0,0,0,0,0,0,5,6,6,6,2,0,0,0,0,0,0,0,0,0,3,6,6,6,4,0,0,0,0,0,0,0,0,0,0,5,6,6,6,1,0,3,6,3,0,0,0,0,0,4,6,6,6,2,0,3,6,6,6,0,0,0,0,2,6,6,6,6,0,0,3,6,6,6,0,0,0,0,6,6,6,6,6,6,6,6,6,6,6,6,6,6,3,5,6,6,6,6,6,6,6,6,6,6,6,6,6,5,0,3,4,4,4,6,6,6,6,6,6,4,4,3,0,0,0,0,0,0,0,6,6,6,6,3,0,0,0,0,0,0,0,0,0,0,5,6,6,6,3,0,0,0,0,0,0,0,0,0,0,1,4,4,4,1,0,0,0,0,5,"mfeat-pixel","att60",0.9
0,0,0,0,0,0,1,5,6,3,0,0,0,0,0,0,0,0,0,0,2,6,6,6,5,0,0,0,0,0,0,0,0,0,0,6,6,6,6,3,0,0,0,0,0,0,0,0,0,0,4,6,6,6,3,0,0,0,0,0.74,0,0,0,0,0,6,6,6,6,3,0,0,0,0,0,0,0,0,0,0,6,6,6,6,1,0,0,0,0,0,0,0,0,0,3,6,6,6,3,0,0,0,0,0,0,0,0,0,1,6,6,6,5,0,0,0,0,0,0,0,0,0,0,5,6,6,6,1,0,0,0,2,0,0,0,0,0,3,6,6,6,3,0,0,1,5,6,5,1,0,0,1,6,6,6,5,0,0,0,3,6,6,6,3,0,0,5,6,6,6,1,0,0,0,3,6,6,6,4,0,4,6,6,6,6,5,5,6,5,5,6,6,6,6,2,6,6,6,6,6,6,6,6,6,6,6,6,6,6,5,1,5,5,1,0,2,2,2,3,6,6,6,6,6,3,0,0,0,0,0,0,0,0,0,1,4,4,4,1,0,5,"mfeat-pixel","att60",0.9
0,0,0,3,6,6,6,5,0,0,0,0,0,0,0,0,0,0,6,6,6,6,6,0,0,0,0,0,0,0,0,0,0,6,6,6,6,3,0,0,0,0,0,0,0,0,0,3,6,6,6,6,5,0,0,0,0,0,0,2.61,0,0,4,6,6,6,6,2,0,0,0,0,0,0,0,0,0,6,6,6,6,5,0,0,0,0,0,0,0,0,0,1,6,6,6,6,3,0,0,3,4,2,0,0,0,0,5,6,6,6,4,0,0,5,6,6,6,5,0,0,0,6,6,6,6,3,0,0,6,6,6,6,4,0,0,2,6,6,6,6,4,0,2,6,6,6,6,2,0,0,6,6,6,6,6,6,6,6,6,6,6,4,3,4,1,6,6,6,6,6,6,6,6,6,6,6,6,6,6,6,1,1,1,2,2,4,6,6,6,6,6,6,6,6,5,0,0,0,0,0,0,1,6,6,6,6,6,5,1,0,0,0,0,0,0,0,0,6,6,6,6,6,1,0,0,0,0,0,0,0,0,0,3,4,4,4,3,0,0,0,5,"mfeat-pixel","att60",0.9
0,0,0,0,0,0,1,4,5,5,3,0,0,0,0,0,0,0,0,0,0,3,6,6,6,6,0,0,0,0,0,0,0,0,0,0,5,6,6,6,5,0,0,0,0,0,0,0,0,1,5,6,6,6,3,0,0,0,0,1.13,0,0,0,0,6,6,6,6,3,0,0,0,0,0,0,0,0,0,0,6,6,6,4,0,0,0,0,0,0,0,0,0,0,4,6,6,6,6,0,0,0,0,0,0,0,0,0,3,6,6,6,6,1,0,0,2,4,2,1,0,0,3,6,6,6,6,3,0,1,5,6,6,6,6,2,4,6,6,6,6,6,6,4,6,6,6,6,6,6,3,6,6,6,6,6,6,6,6,6,6,6,6,6,6,3,1,3,4,4,4,4,2,2,2,5,6,6,6,6,1,0,0,0,0,0,0,0,0,0,3,6,6,6,6,1,0,0,0,0,0,0,0,0,0,0,4,6,6,6,3,0,0,0,0,0,0,0,0,0,0,5,6,6,6,5,0,0,0,0,0,0,0,0,0,0,0,4,4,4,4,5,"mfeat-pixel","att60",0.9
0,0,2,6,6,6,3,0,0,0,0,0,0,0,0,0,0,1,6,6,6,6,3,0,0,0,0,0,0,0,0,0,0,6,6,6,6,4,0,0,0,0,0,0,0,0,0,1,6,6,6,6,5,0,0,0,0,0,0,-1.43,0,0,5,6,6,6,3,0,0,0,0,0,0,0,0,0,0,6,6,6,6,2,0,0,0,0,1,1,0,0,0,4,6,6,6,6,2,0,0,0,2,6,6,5,1,0,6,6,6,6,4,0,0,0,0,6,6,6,6,6,2,6,6,6,6,4,0,0,0,0,4,6,6,6,6,1,5,6,6,6,6,5,2,4,2,5,6,6,6,4,0,0,3,6,6,6,6,6,6,6,6,6,6,6,4,0,0,0,1,4,4,4,6,6,6,6,6,6,6,6,0,0,0,0,0,0,0,0,0,1,5,6,6,6,5,0,0,0,0,0,0,0,0,0,0,4,6,6,6,3,0,0,0,0,0,0,0,0,0,5,6,6,6,6,5,0,0,0,0,0,0,0,0,0,3,4,4,4,3,0,5,"mfeat-pixel","att60",0.9
0,0,0,0,3,6,6,5,0,0,0,0,0,0,0,0,0,0,0,6,6,6,6,2,0,0,0,0,0,0,0,0,0,1,6,6,6,5,0,0,0,0,0,0,0,0,0,0,3,6,6,6,0,0,0,0,0,0,0,-2.36,0,0,0,4,6,6,4,0,0,0,0,0,0,0,0,0,0,4,6,6,6,3,0,0,0,0,0,0,0,0,0,0,6,6,6,6,1,0,0,0,0,0,3,6,5,0,1,6,6,6,2,0,0,0,0,0,4,6,6,6,0,5,6,6,6,0,0,0,0,0,1,6,6,6,6,2,6,6,6,6,3,2,2,2,2,5,6,6,6,5,3,6,6,6,6,6,6,6,6,6,6,6,6,6,1,6,6,6,6,6,6,6,6,6,6,6,6,6,6,0,6,6,6,6,6,3,2,2,2,3,6,6,6,5,0,2,6,6,5,1,0,0,0,0,1,6,6,6,4,0,0,0,0,0,0,0,0,0,0,2,6,6,6,6,0,0,0,0,0,0,0,0,0,0,0,4,4,4,3,0,5,"mfeat-pixel","att60",0.9
0,0,0,0,0,0,0,0,3,6,6,6,2,0,0,0,0,0,0,0,0,0,0,6,6,6,6,3,0,0,0,0,0,0,0,0,0,0,6,6,6,6,3,0,0,0,0,0,0,0,0,0,3,6,6,6,5,1,0,-0.35,0,0,0,0,0,0,1,5,6,6,5,1,0,0,0,0,0,0,0,0,0,6,6,6,5,1,0,0,0,0,0,0,0,0,0,2,6,6,6,3,0,0,0,0,0,0,0,0,0,0,3,6,6,5,0,0,0,0,0,0,0,0,1,5,6,6,6,6,0,0,0,1,5,6,2,0,0,4,6,6,6,4,1,0,0,2,6,6,6,0,0,3,6,6,6,6,2,1,0,1,4,6,6,6,2,5,6,6,6,6,6,6,6,6,6,6,6,6,6,5,1,4,6,4,4,4,4,4,4,4,5,6,6,6,6,0,0,0,0,0,0,0,0,0,0,0,6,6,6,6,0,0,0,0,0,0,0,0,0,0,3,6,6,6,6,0,0,0,0,0,0,0,0,0,0,2,4,4,4,1,5,"mfeat-pixel","att60",0.9
0,0,0,0,0,0,0,0,0,0,0,0,5,6,6,0,0,0,0,0,0,0,0,0,0,1,5,6,6,5,0,0,0,0,0,0,0,0,0,1,5,6,6,5,1,0,0,0,0,0,0,0,0,3,6,6,6,5,0,-3.95,0,0,0,0,0,0,0,3,6,6,6,5,0,0,0,0,0,0,0,0,0,2,6,6,6,5,0,0,0,0,0,0,0,0,0,1,5,6,6,5,0,0,0,0,0,0,0,0,0,2,6,6,6,5,0,0,0,0,0,0,0,0,0,3,6,6,6,2,0,0,2,0,0,0,0,0,0,5,6,6,6,4,0,3,6,6,5,1,0,0,1,4,6,6,6,6,0,0,6,6,6,6,1,0,0,6,6,6,6,6,6,5,5,6,6,6,3,0,0,0,1,5,6,6,6,6,6,6,6,6,6,3,0,0,0,0,0,1,2,3,6,6,6,6,6,6,3,0,0,0,0,0,0,0,0,2,6,6,6,6,5,1,0,0,0,0,0,0,0,0,0,4,4,4,4,1,0,0,0,0,5,"mfeat-pixel","att60",0.9
0,0,0,0,0,1,5,6,3,0,0,0,0,0,0,0,0,0,0,1,6,6,6,5,0,0,0,0,0,0,0,0,0,0,1,6,6,6,1,0,0,0,0,0,0,0,0,0,1,5,6,6,6,0,0,0,0,0,0,-2.95,0,0,0,3,6,6,6,2,0,0,0,0,0,0,0,0,0,0,4,6,6,3,0,0,0,3,4,3,0,0,0,0,0,6,6,6,3,0,0,5,6,6,6,3,0,0,0,2,6,6,6,1,0,0,6,6,6,6,0,0,0,0,6,6,6,6,0,0,0,3,6,6,6,0,0,0,1,6,6,6,6,1,0,3,6,6,6,6,0,0,0,5,6,6,6,6,6,6,6,6,6,6,6,2,0,0,6,6,6,6,6,6,6,6,6,6,6,6,6,0,3,6,6,6,6,5,4,2,2,5,6,6,6,4,0,0,2,2,2,1,0,0,0,0,0,6,6,6,4,0,0,0,0,0,0,0,0,0,0,0,6,6,6,6,4,0,0,0,0,0,0,0,0,0,0,4,4,4,4,4,5,"mfeat-pixel","att60",0.9
0,3,5,6,6,2,0,0,0,0,0,0,0,0,0,0,6,6,6,6,3,0,0,0,0,0,0,0,0,0,0,6,6,6,6,3,0,0,0,0,0,0,0,0,0,0,6,6,6,6,5,1,0,0,0,0,0,0,0,-0.66,0,1,6,6,6,6,5,0,0,0,1,3,6,6,2,0,5,6,6,6,4,0,0,0,2,6,6,6,6,2,0,6,6,6,6,3,0,0,0,1,5,6,6,6,0,0,6,6,6,6,3,0,0,0,0,1,6,6,6,4,0,6,6,6,6,3,0,0,1,4,6,6,6,6,6,4,6,6,6,6,6,4,5,6,6,6,6,6,6,3,5,6,6,6,6,6,6,6,4,4,5,6,6,6,5,0,3,4,4,4,2,0,0,0,0,0,6,6,6,6,0,0,0,0,0,0,0,0,0,0,0,5,6,6,6,0,0,0,0,0,0,0,0,0,0,0,1,6,6,6,0,0,0,0,0,0,0,0,0,0,0,6,6,6,6,0,0,0,0,0,0,0,0,0,0,0,4,4,4,4,5,"mfeat-pixel","att60",0.9
0,0,0,0,0,0,5,6,5,0,0,0,0,0,0,0,0,0,0,0,0,6,6,6,0,0,0,0,0,0,0,0,0,0,0,0,6,6,6,0,0,0,0,0,0,0,0,0,0,0,0,6,6,6,0,0,0,0,0,-0.82,0,0,0,0,1,5,6,6,6,0,0,0,0,0,0,0,0,0,0,6,6,6,6,5,0,0,0,0,0,0,0,0,0,1,6,6,6,5,1,0,0,0,0,0,0,0,0,0,5,6,6,6,1,0,3,6,6,3,0,0,0,0,1,6,6,6,4,0,0,5,6,6,6,3,0,0,1,5,6,6,6,0,0,0,1,5,6,6,5,0,0,5,6,6,6,4,0,0,0,0,4,6,6,6,0,0,6,6,6,6,6,4,4,4,5,6,6,6,6,0,3,6,6,6,6,6,6,6,6,6,6,6,6,6,0,0,2,2,2,2,2,2,2,2,3,6,6,6,6,3,0,0,0,0,0,0,0,0,0,0,6,6,6,6,1,0,0,0,0,0,0,0,0,0,0,4,4,4,4,0,5,"mfeat-pixel","att60",0.9
0,0,0,0,0,3,6,6,6,6,2,0,0,0,0,0,0,0,0,0,6,6,6,6,6,3,0,0,0,0,0,0,0,0,1,6,6,6,6,6,2,0,0,0,0,0,0,0,0,6,6,6,6,6,6,0,0,0,0,-1.81,0,0,0,0,6,6,6,6,6,6,0,0,0,0,0,0,0,0,1,6,6,6,6,6,5,0,0,0,0,0,0,0,0,3,6,6,6,6,6,1,0,0,0,0,0,0,0,0,3,6,6,6,6,6,0,0,0,0,0,0,0,0,1,5,6,6,6,6,6,3,0,0,0,0,0,0,0,6,6,6,6,6,6,6,6,6,6,6,2,0,0,1,6,6,6,6,6,6,6,6,6,6,6,3,0,0,5,6,6,6,6,6,6,6,6,6,6,6,6,2,2,6,6,6,6,6,6,6,6,6,6,6,6,6,5,5,6,6,6,6,6,6,6,6,6,6,6,6,6,3,1,5,6,5,4,6,4,5,6,6,6,6,6,6,1,0,0,0,0,0,0,0,0,0,1,4,4,4,3,0,5,"mfeat-pixel","att60",0.9
0,0,0,0,0,0,0,0,0,0,0,2,6,6,2,0,0,0,0,0,0,0,0,0,0,3,6,6,6,2,0,0,0,0,0,0,0,0,0,1,6,6,6,4,0,0,0,0,0,0,0,0,0,0,5,6,6,6,2,2.9,0,0,0,0,0,0,0,0,1,6,6,6,5,0,0,0,0,0,0,0,0,0,3,6,6,6,5,1,0,0,0,0,0,0,0,0,4,6,6,6,6,1,0,0,0,0,0,0,0,0,2,6,6,6,5,1,0,0,0,0,0,0,0,1,3,6,6,6,3,0,0,0,0,0,0,0,0,0,6,6,6,6,3,0,0,5,6,3,0,0,0,0,4,6,6,6,6,0,0,0,6,6,6,0,0,0,3,6,6,6,6,6,5,3,3,6,6,6,5,1,2,6,6,6,6,6,6,6,6,6,6,6,6,6,6,6,6,6,6,6,6,6,6,6,6,6,6,6,6,3,1,4,4,4,3,1,0,0,0,1,6,6,6,4,0,0,0,0,0,0,0,0,0,0,0,3,4,3,0,0,5,"mfeat-pixel","att60",0.9
0,0,5,6,6,6,2,0,0,0,0,0,0,0,0,0,2,6,6,6,5,1,0,0,0,0,0,0,0,0,0,6,6,6,6,3,0,0,0,0,0,0,0,0,0,0,6,6,6,6,2,0,0,0,0,0,0,0,0,3.22,0,6,6,6,6,0,0,0,0,0,0,0,0,0,0,0,6,6,6,6,0,0,0,0,0,0,0,0,0,0,0,6,6,6,6,0,0,0,1,3,4,1,0,0,0,0,6,6,6,6,0,0,2,6,6,6,6,0,0,0,0,6,6,6,4,0,0,2,6,6,6,6,5,0,0,2,6,6,6,2,0,0,0,1,6,6,6,6,0,0,5,6,6,3,0,0,0,0,0,6,6,6,6,4,0,4,6,6,6,3,1,0,0,1,6,6,6,6,6,0,6,6,6,6,6,6,6,6,6,6,6,6,6,6,0,3,6,6,6,4,4,4,6,6,6,6,6,6,6,4,0,1,2,0,0,0,0,0,2,2,2,5,6,6,6,0,0,0,0,0,0,0,0,0,0,0,2,4,4,4,5,"mfeat-pixel","att60",0.9
0,0,0,0,1,4,5,6,6,5,1,0,0,0,0,0,0,0,1,6,6,6,6,6,5,1,0,0,0,0,0,0,0,5,6,6,6,6,3,0,0,0,0,0,0,0,0,5,6,6,6,6,3,0,0,0,0,0,0,0.66,0,0,4,6,6,6,6,3,0,0,0,0,0,0,0,0,0,5,6,6,6,6,3,0,0,0,0,0,0,0,0,3,6,6,6,6,6,2,0,0,0,0,0,0,0,0,4,6,6,6,6,4,0,0,0,0,0,0,0,0,2,6,6,6,6,6,3,0,0,0,2,6,6,5,1,5,6,6,6,6,6,3,0,0,0,3,6,6,6,3,6,6,6,6,6,6,6,4,3,2,5,6,6,6,3,1,4,6,6,6,6,6,6,6,6,6,6,6,6,3,0,0,1,3,6,6,6,6,6,6,6,6,6,6,3,0,0,0,0,0,0,0,0,0,1,5,6,6,6,4,0,0,0,0,0,0,0,0,0,0,2,6,6,6,4,0,0,0,0,0,0,0,0,0,0,0,0,2,4,1,5,"mfeat-pixel","att60",0.9
0,0,1,5,6,5,1,0,0,0,0,0,0,0,0,0,0,5,6,6,6,6,1,0,0,0,0,0,0,0,0,0,0,6,6,6,6,1,0,0,0,0,0,0,0,0,0,3,6,6,6,3,0,0,0,0,0,0,0,3.1,0,0,3,6,6,6,3,0,0,0,0,0,1,2,1,0,0,5,6,6,6,1,0,0,0,0,2,6,6,5,0,0,6,6,6,2,0,0,0,0,0,5,6,6,3,0,3,6,6,3,0,0,0,0,0,3,6,6,6,3,0,4,6,6,6,2,0,0,0,1,6,6,6,6,3,2,6,6,6,6,3,2,4,2,5,6,6,6,6,2,5,6,6,6,6,6,6,6,6,6,6,6,6,4,0,6,6,6,6,6,6,4,4,4,6,6,6,6,6,0,3,4,4,3,2,0,0,0,0,3,6,6,6,3,0,0,0,0,0,0,0,0,0,3,6,6,6,6,3,0,0,0,0,0,0,0,0,2,6,6,6,6,6,3,0,0,0,0,0,0,0,0,0,3,4,4,4,4,1,0,5,"mfeat-pixel","att60",0.9
0,0,0,0,1,5,6,6,5,1,0,0,0,0,0,0,0,0,1,6,6,6,6,6,3,0,0,0,0,0,0,0,0,3,6,6,6,6,5,0,0,0,0,0,0,0,0,0,3,6,6,6,6,0,0,0,0,0,0,-1.05,0,0,0,6,6,6,6,6,0,0,0,0,0,0,0,0,0,1,6,6,6,6,4,0,0,0,0,0,0,0,0,0,3,6,6,6,6,2,0,0,2,2,2,0,0,0,0,3,6,6,6,6,0,0,5,6,6,6,5,1,0,0,4,6,6,6,6,0,0,4,6,6,6,6,3,0,2,6,6,6,6,1,0,0,4,6,6,6,6,3,0,5,6,6,6,6,5,4,5,6,6,6,6,6,3,5,6,6,6,6,6,6,6,6,6,6,6,6,6,1,3,6,6,6,6,6,5,4,5,6,6,6,6,6,0,0,1,2,2,2,0,0,0,0,3,6,6,6,6,3,0,0,0,0,0,0,0,0,0,3,6,6,6,6,5,0,0,0,0,0,0,0,0,0,1,4,4,4,4,3,5,"mfeat-pixel","att60",0.9
0,0,0,0,0,0,5,6,3,0,0,0,0,0,0,0,0,0,0,0,5,6,6,3,0,0,0,0,0,0,0,0,0,0,3,6,6,6,1,0,0,0,0,0,0,0,0,0,0,6,6,6,6,1,0,0,0,0,0,-0.31,0,0,0,2,6,6,6,3,0,0,0,0,0,0,0,0,0,0,4,6,6,6,2,0,0,0,0,0,0,0,0,0,3,6,6,6,4,0,0,0,0,0,0,0,0,0,1,6,6,6,6,2,0,0,0,0,2,6,5,0,0,4,6,6,6,4,0,0,0,0,1,6,6,6,1,1,6,6,6,6,4,0,0,0,3,6,6,6,6,5,5,6,6,6,6,6,5,4,5,6,6,6,6,6,6,3,4,5,6,6,6,6,6,6,6,6,6,6,6,6,0,0,0,1,2,2,2,2,3,6,6,6,6,6,6,0,0,0,0,0,0,0,0,0,3,6,6,6,6,6,0,0,0,0,0,0,0,0,0,3,6,6,6,6,5,0,0,0,0,0,0,0,0,0,2,4,4,4,3,0,5,"mfeat-pixel","att60",0.9
0,0,0,0,0,0,0,0,0,3,6,6,3,0,0,0,0,0,0,0,0,0,0,3,6,6,6,6,2,0,0,0,0,0,0,0,1,5,6,6,6,6,2,0,0,0,0,0,0,0,0,3,6,6,6,5,1,0,0,1.59,0,0,0,0,0,1,6,6,6,4,0,0,0,0,0,0,0,0,0,3,6,6,6,6,1,0,0,0,0,0,0,0,1,5,6,6,6,5,1,0,0,0,0,0,0,0,2,6,6,6,6,5,1,0,0,0,0,1,1,0,2,6,6,6,6,5,0,0,0,0,1,5,6,6,2,6,6,6,6,6,3,0,0,0,1,6,6,6,6,2,6,6,6,6,6,6,4,4,4,6,6,6,6,6,0,1,4,4,6,6,6,6,6,6,6,6,6,6,3,0,0,0,0,0,0,0,0,4,6,6,6,6,6,1,0,0,0,0,0,0,0,0,3,6,6,6,6,6,0,0,0,0,0,0,0,0,0,5,6,6,6,6,5,0,0,0,0,0,0,0,0,0,3,4,4,4,4,1,0,0,5,"mfeat-pixel","att60",0.9
0,0,0,0,1,5,6,6,6,5,1,0,0,0,0,0,0,0,1,6,6,6,6,6,6,2,0,0,0,0,0,0,0,3,6,6,6,6,3,1,0,0,0,0,0,0,0,2,6,6,6,6,5,0,0,0,0,0,0,-2.08,0,0,0,6,6,6,5,1,0,0,0,0,0,0,0,0,1,5,6,6,6,3,0,0,1,4,5,6,4,1,2,6,6,6,6,6,4,0,3,6,6,6,6,6,3,1,6,6,6,6,6,6,6,6,6,6,6,6,6,3,0,4,6,6,6,6,6,6,6,6,6,6,6,6,1,0,0,3,4,2,2,2,2,3,6,6,6,6,6,0,0,0,0,0,0,0,0,0,0,3,6,6,6,6,0,0,0,0,0,0,0,0,0,0,3,6,6,6,6,0,0,0,0,0,0,0,0,0,0,3,6,6,6,6,0,0,0,0,0,0,0,0,0,0,4,6,6,6,6,0,0,0,0,0,0,0,0,0,3,6,6,6,6,6,0,0,0,0,0,0,0,0,0,0,3,4,4,4,3,0,5,"mfeat-pixel","att60",0.9
0,0,0,3,4,6,3,0,0,0,0,0,0,0,0,0,0,0,6,6,6,6,0,0,0,0,0,0,0,0,0,0,0,6,6,6,5,0,0,0,0,0,0,0,0,0,0,0,6,6,6,1,0,0,0,0,0,0,0,-0.38,0,0,0,6,6,6,2,0,0,0,0,0,0,0,0,0,0,1,6,6,6,6,0,0,0,0,0,0,0,0,0,0,5,6,6,6,3,0,0,0,0,0,0,0,0,0,0,2,6,6,6,4,0,0,3,4,6,6,3,0,0,0,1,6,6,6,6,0,0,6,6,6,6,6,0,0,0,5,6,6,6,6,2,3,6,6,6,6,4,0,0,0,6,6,6,6,6,6,6,6,6,6,6,0,0,0,3,6,6,6,6,6,6,6,6,6,6,6,2,0,2,6,6,6,6,6,6,6,6,6,6,6,6,5,0,1,5,5,3,2,0,0,0,1,5,6,6,6,5,0,0,0,0,0,0,0,0,0,0,1,6,6,6,6,2,0,0,0,0,0,0,0,0,0,0,3,4,4,3,0,5,"mfeat-pixel","att60",0.9
0,0,0,0,0,0,0,3,6,6,5,0,0,0,0,0,0,0,0,0,0,5,6,6,6,6,0,0,0,0,0,0,0,0,0,3,6,6,6,6,3,0,0,0,0,0,0,0,0,0,5,6,6,6,5,0,0,0,0,-0.07,0,0,0,0,4,6,6,6,6,1,0,0,0,0,0,0,0,0,1,6,6,6,6,3,0,0,0,0,0,0,0,0,1,5,6,6,6,5,0,0,0,0,0,0,0,0,0,5,6,6,6,6,1,0,0,0,0,0,0,0,0,1,6,6,6,6,2,0,1,5,5,1,0,0,0,1,5,6,6,6,3,0,0,6,6,6,6,0,0,0,6,6,6,6,4,2,2,2,6,6,6,6,2,1,0,6,6,6,6,6,6,6,6,6,6,6,6,6,6,5,6,6,6,6,6,6,6,6,6,6,6,6,6,6,5,1,2,1,0,0,0,0,3,6,6,6,6,4,0,0,0,0,0,0,0,0,0,5,6,6,6,6,5,0,0,0,0,0,0,0,0,0,3,4,4,4,4,1,0,0,5,"mfeat-pixel","att60",0.9
0,0,0,1,4,6,6,6,6,6,3,0,0,0,0,0,0,0,2,6,6,6,6,6,6,5,0,0,0,0,0,0,0,0,1,6,6,6,6,6,2,0,0,0,0,0,0,0,0,2,6,6,6,6,1,0,0,0,0,-0.96,0,0,0,0,3,6,6,6,3,0,0,0,0,0,0,0,0,0,0,4,6,6,6,2,0,0,0,0,0,0,0,0,0,3,6,6,6,2,0,0,0,0,0,0,0,0,0,2,6,6,6,5,0,0,0,0,0,0,0,0,0,0,4,6,6,6,1,0,0,0,0,1,4,6,2,0,4,6,6,6,6,1,0,0,0,2,6,6,6,6,3,6,6,6,6,6,6,5,3,3,6,6,6,6,3,5,6,6,6,6,6,6,6,6,6,6,6,6,6,3,0,2,4,4,4,6,6,4,4,6,6,6,6,6,3,0,0,0,0,0,0,0,0,0,1,6,6,6,6,3,0,0,0,0,0,0,0,0,0,0,6,6,6,6,2,0,0,0,0,0,0,0,0,0,0,2,4,4,1,0,5,"mfeat-pixel","att60",0.9
0,0,0,0,0,2,6,6,5,0,0,0,0,0,0,0,0,0,0,0,3,6,6,5,0,0,0,0,0,0,0,0,0,0,1,6,6,6,3,0,0,0,0,0,0,0,0,0,0,3,6,6,6,3,0,0,0,0,0,0.06,0,0,0,1,6,6,6,6,2,0,0,0,0,0,0,0,0,0,4,6,6,6,3,0,0,0,0,0,0,0,0,0,3,6,6,6,4,0,0,0,0,2,4,2,0,0,0,6,6,6,6,3,0,0,0,5,6,6,6,5,0,3,6,6,6,6,4,0,0,1,6,6,6,6,6,2,6,6,6,6,6,6,5,4,6,6,6,6,6,5,5,6,6,6,6,6,6,6,6,6,6,6,6,6,1,1,5,5,4,4,4,5,6,6,6,6,6,6,3,0,0,0,0,0,0,0,0,0,0,3,6,6,6,5,0,0,0,0,0,0,0,0,0,0,0,6,6,6,6,0,0,0,0,0,0,0,0,0,0,0,4,6,6,6,0,0,0,0,0,0,0,0,0,0,0,2,4,4,4,0,5,"mfeat-pixel","att60",0.9
0,0,0,0,0,0,0,1,5,6,5,1,0,0,0,0,0,0,0,0,0,0,5,6,6,6,3,0,0,0,0,0,0,0,0,0,3,6,6,6,6,0,0,0,0,0,0,0,0,0,3,6,6,6,6,4,0,0,0,-1.46,0,0,0,0,4,6,6,6,6,6,0,0,0,0,0,0,0,0,1,6,6,6,6,5,1,0,0,0,0,0,0,0,1,6,6,6,6,6,2,0,0,0,0,0,0,0,0,4,6,6,6,6,4,0,0,0,0,0,0,0,1,5,6,6,6,6,6,2,0,0,0,0,0,2,1,3,6,6,6,6,6,1,0,0,0,0,3,6,6,6,4,6,6,6,6,6,4,4,2,2,3,6,6,6,6,5,6,6,6,6,6,6,6,6,6,6,6,6,6,6,0,3,6,6,6,6,6,6,6,6,6,6,6,6,6,0,0,0,0,0,2,4,4,4,6,6,6,6,6,6,0,0,0,0,0,0,0,0,0,2,6,6,6,6,6,0,0,0,0,0,0,0,0,0,0,4,4,4,4,1,5,"mfeat-pixel","att60",0.9
0,0,1,5,6,3,0,0,0,0,0,0,0,0,0,0,0,5,6,6,6,0,0,0,0,0,0,0,0,0,0,0,6,6,6,6,0,0,0,0,0,0,0,0,0,0,2,6,6,6,5,0,0,0,0,0,0,0,0,3.88,0,3,6,6,6,3,0,0,0,0,0,0,0,0,0,0,0,6,6,6,6,0,0,0,0,0,0,0,0,0,0,2,6,6,6,6,0,0,0,0,0,0,0,0,0,0,6,6,6,6,2,0,0,0,1,2,1,0,0,0,0,6,6,6,6,0,0,0,0,6,6,6,3,0,0,2,6,6,6,6,0,0,0,0,3,6,6,6,2,0,6,6,6,6,6,1,0,1,3,6,6,6,6,3,0,5,6,6,6,6,6,6,6,6,6,6,6,6,4,0,0,3,5,6,6,6,6,6,6,6,6,6,6,6,0,0,0,0,0,2,2,2,2,2,5,6,6,6,6,1,0,0,0,0,0,0,0,0,0,1,6,6,6,6,5,0,0,0,0,0,0,0,0,0,0,4,4,4,4,4,5,"mfeat-pixel","att60",0.9
2,6,3,1,0,0,0,0,0,0,0,0,0,0,0,2,6,6,6,4,1,0,0,0,0,0,0,0,0,0,0,6,6,6,5,1,0,0,0,0,0,0,0,0,0,0,6,6,6,4,0,0,0,0,0,0,0,0,0,0.37,0,6,6,6,6,3,0,0,0,0,0,0,0,0,0,0,4,6,6,6,5,0,0,0,0,0,0,0,0,0,0,0,6,6,6,6,3,0,0,0,2,4,1,0,0,0,0,6,6,6,6,3,0,0,5,6,6,6,3,0,0,4,6,6,6,6,1,0,3,6,6,6,6,6,0,2,6,6,6,6,3,0,0,0,5,6,6,6,6,0,6,6,6,6,6,6,3,0,0,4,6,6,6,6,0,6,6,6,6,6,6,6,6,6,6,6,6,6,6,1,6,6,6,6,6,6,6,6,6,6,6,6,6,6,3,1,4,3,2,0,0,1,2,2,5,6,6,6,6,4,0,0,0,0,0,0,0,0,0,3,6,6,6,6,5,0,0,0,0,0,0,0,0,0,1,4,4,4,4,1,5,"mfeat-pixel","att60",0.9
0,0,0,0,5,6,3,0,0,0,0,0,0,0,0,0,0,0,0,6,6,6,1,0,0,0,0,0,0,0,0,0,0,0,6,6,6,3,0,0,0,0,0,0,0,0,0,0,3,6,6,6,1,0,0,0,0,0,0,1.22,0,0,5,6,6,6,3,0,0,0,0,0,0,0,0,0,0,6,6,6,6,3,0,0,0,0,0,1,1,0,0,0,6,6,6,6,3,0,0,0,0,3,6,6,2,0,0,6,6,6,6,3,0,0,0,0,6,6,6,2,0,4,6,6,6,6,5,2,2,2,3,6,6,6,2,3,6,6,6,6,6,6,6,6,6,6,6,6,6,2,1,5,6,6,6,6,6,6,6,6,6,6,6,6,1,0,0,3,4,3,1,0,0,0,3,6,6,6,6,5,0,0,0,0,0,0,0,0,0,0,1,6,6,6,6,0,0,0,0,0,0,0,0,0,0,0,6,6,6,6,0,0,0,0,0,0,0,0,0,0,1,6,6,6,5,0,0,0,0,0,0,0,0,0,0,2,4,4,4,1,5,"mfeat-pixel","att60",0.9
0,0,0,0,0,0,0,1,5,6,6,5,0,0,0,0,0,0,0,0,0,1,6,6,6,6,5,0,0,0,0,0,0,0,0,0,3,6,6,6,5,0,0,0,0,0,0,0,0,0,1,6,6,6,6,3,0,0,0,0.05,0,0,0,0,0,3,6,6,6,6,1,0,0,0,0,0,0,0,0,0,4,6,6,6,3,0,0,0,0,0,0,0,0,0,2,6,6,6,6,2,0,0,0,0,0,0,0,0,1,5,6,6,6,4,0,0,0,0,0,0,0,0,1,5,6,6,6,4,0,0,0,0,0,0,0,0,0,4,6,6,6,4,0,0,0,0,0,0,0,0,0,2,6,6,6,5,0,0,1,5,6,5,1,0,0,1,6,6,6,6,3,0,1,6,6,6,6,3,0,0,6,6,6,6,6,6,6,6,6,6,6,6,6,6,3,6,6,6,6,6,6,6,6,6,6,6,6,6,6,5,3,4,4,4,4,4,4,5,6,6,6,6,5,3,0,0,0,0,0,0,0,0,0,3,4,4,4,1,0,0,5,"mfeat-pixel","att60",0.9
0,0,0,5,6,6,2,0,0,0,0,0,0,0,0,0,0,0,6,6,6,3,0,0,0,0,0,0,0,0,0,0,0,6,6,6,3,0,0,0,0,0,0,0,0,0,0,0,6,6,6,3,0,0,0,0,0,0,0,-2.08,0,0,4,6,6,6,3,0,0,0,0,0,0,0,0,0,0,6,6,6,5,0,0,0,0,0,0,0,0,0,0,0,6,6,6,3,0,0,0,0,1,3,3,0,0,0,0,6,6,6,2,0,0,0,2,6,6,6,4,0,0,3,6,6,1,0,0,0,0,3,6,6,6,6,0,5,6,6,6,0,0,0,0,0,3,6,6,6,6,0,6,6,6,6,3,2,2,2,2,5,6,6,6,6,0,5,6,6,6,6,6,6,6,6,6,6,6,6,6,0,0,3,6,4,4,2,2,5,6,6,6,6,6,6,2,0,0,0,0,0,0,0,0,2,5,6,6,6,6,6,0,0,0,0,0,0,0,0,0,0,6,6,6,6,5,0,0,0,0,0,0,0,0,0,0,3,4,4,3,0,5,"mfeat-pixel","att60",0.9
0,0,0,0,0,3,6,6,6,3,0,0,0,0,0,0,0,0,0,1,6,6,6,6,6,0,0,0,0,0,0,0,0,1,5,6,6,6,5,1,0,0,0,0,0,0,0,0,5,6,6,6,6,0,0,0,0,0,0,-2.31,0,0,0,6,6,6,6,6,0,0,0,0,0,0,0,0,0,0,6,6,6,6,4,0,0,0,0,0,0,0,0,0,1,6,6,6,6,3,0,0,0,0,0,0,0,0,2,6,6,6,6,3,0,0,0,0,0,0,0,0,0,3,6,6,6,6,0,0,0,0,3,4,4,1,0,0,5,6,6,6,6,0,0,0,5,6,6,6,6,0,4,6,6,6,6,6,4,4,2,6,6,6,6,3,0,6,6,6,6,6,6,6,6,6,6,6,6,6,6,3,5,6,6,6,6,6,6,6,6,6,6,6,6,6,6,0,2,2,1,0,0,0,1,5,6,6,6,6,4,1,0,0,0,0,0,0,0,0,0,6,6,6,6,3,0,0,0,0,0,0,0,0,0,0,3,4,4,4,1,0,5,"mfeat-pixel","att60",0.9
0,0,2,6,6,6,4,1,0,0,0,0,0,0,0,0,0,3,6,6,6,6,2,0,0,0,0,0,0,0,0,0,3,6,6,6,1,0,0,0,0,0,0,0,0,0,1,5,6,6,6,2,0,0,0,0,0,0,0,1.14,0,6,6,6,6,6,1,0,0,0,0,0,0,0,0,0,6,6,6,6,6,0,0,0,0,0,0,0,0,0,0,6,6,6,6,6,0,0,0,0,0,0,0,0,0,2,6,6,6,6,3,0,0,0,0,0,2,2,2,1,6,6,6,6,3,0,0,0,0,0,3,6,6,6,6,6,6,6,6,6,4,2,2,2,2,5,6,6,6,6,6,6,6,6,6,6,6,6,6,6,6,6,6,6,6,1,2,4,6,6,6,6,6,6,6,6,6,6,6,3,0,0,0,0,0,0,0,1,3,6,6,6,6,6,3,0,0,0,0,0,0,0,0,0,6,6,6,6,6,3,0,0,0,0,0,0,0,0,0,3,6,6,6,6,1,0,0,0,0,0,0,0,0,0,0,2,4,4,4,0,5,"mfeat-pixel","att60",0.9
0,0,0,0,0,0,1,5,6,6,3,0,0,0,0,0,0,0,0,0,0,6,6,6,6,5,0,0,0,0,0,0,0,0,0,3,6,6,6,6,1,0,0,0,0,0,0,0,0,0,4,6,6,6,3,0,0,0,0,1.04,0,0,0,0,0,6,6,6,6,2,0,0,0,0,0,0,0,0,0,2,6,6,6,4,0,0,0,0,0,0,0,0,0,1,6,6,6,6,2,0,0,0,0,0,0,0,0,0,5,6,6,5,1,0,0,0,0,0,0,0,0,0,5,6,6,6,1,0,0,0,0,0,0,0,0,0,4,6,6,6,3,0,0,0,3,6,3,0,0,0,2,6,6,6,6,1,0,0,4,6,6,6,3,0,0,3,6,6,6,3,0,0,0,5,6,6,6,0,0,0,6,6,6,6,6,4,4,3,4,6,6,6,4,4,1,1,4,4,6,6,6,6,6,6,6,6,6,6,6,5,0,0,0,1,3,4,4,4,6,6,6,6,6,3,0,0,0,0,0,0,0,0,0,1,4,4,4,1,0,0,5,"mfeat-pixel","att60",0.9
0,0,0,0,2,6,6,2,0,0,0,0,0,0,0,0,0,0,0,4,6,6,5,1,0,0,0,0,0,0,0,0,0,3,6,6,6,6,6,0,0,0,0,0,0,0,0,0,3,6,6,6,6,6,0,0,0,0,0,-1.36,0,0,0,3,6,6,6,6,6,0,0,0,0,0,0,0,0,0,3,6,6,6,6,3,0,0,0,0,0,0,0,0,3,6,6,6,6,3,0,0,0,0,0,0,0,0,0,6,6,6,6,6,3,0,0,1,2,3,4,1,0,1,6,6,6,6,6,5,2,4,6,6,6,6,6,1,6,6,6,6,6,6,6,6,6,6,6,6,6,6,2,6,6,6,6,6,6,6,6,6,6,6,6,6,6,0,6,6,6,6,6,5,4,5,6,6,6,6,6,4,0,1,2,2,2,1,0,0,0,5,6,6,6,6,4,0,0,0,0,0,0,0,0,0,3,6,6,6,6,6,0,0,0,0,0,0,0,0,0,6,6,6,6,6,3,0,0,0,0,0,0,0,0,0,3,4,4,4,4,1,5,"mfeat-pixel","att60",0.9
0,0,2,6,6,3,0,0,0,0,0,0,0,0,0,0,0,3,6,6,6,3,0,0,0,0,0,0,0,0,0,0,3,6,6,6,3,0,0,0,0,0,0,0,0,0,0,5,6,6,6,3,0,0,0,0,0,0,0,0.6,0,3,6,6,6,6,3,0,0,0,0,0,0,0,0,0,3,6,6,6,6,1,0,0,0,2,2,2,0,0,0,3,6,6,6,6,0,0,0,3,6,6,6,3,0,0,3,6,6,6,5,0,0,1,5,6,6,6,3,0,1,6,6,6,6,5,1,1,5,6,6,6,6,6,1,3,6,6,6,6,6,6,6,6,6,6,6,6,6,3,3,6,6,6,6,6,6,6,6,6,6,6,6,6,5,5,6,6,6,6,6,6,6,6,6,6,6,6,6,6,6,6,6,6,6,6,6,6,6,6,6,6,6,6,6,1,5,6,5,2,2,2,2,5,6,6,6,6,6,4,0,0,2,0,0,0,0,0,0,5,6,6,6,6,3,0,0,0,0,0,0,0,0,0,0,3,4,4,3,0,5,"mfeat-pixel","att60",0.9
0,0,0,0,0,0,0,3,6,6,6,2,0,0,0,0,0,0,0,0,0,2,6,6,6,6,1,0,0,0,0,0,0,0,0,0,3,6,6,6,2,0,0,0,0,0,0,0,0,0,0,5,6,6,3,0,0,0,0,-2.5,0,0,0,0,0,4,6,6,6,3,0,0,0,0,0,0,0,0,0,4,6,6,6,5,0,0,0,0,0,0,0,0,0,2,6,6,6,6,1,0,0,0,0,0,0,0,0,1,6,6,6,6,2,0,0,0,0,0,0,0,0,0,5,6,6,6,4,0,0,1,1,0,0,0,0,0,4,6,6,6,4,0,0,3,6,6,3,0,0,0,2,6,6,6,6,3,0,0,6,6,6,6,3,0,0,6,6,6,6,6,5,4,4,6,6,6,6,5,4,3,3,6,6,6,6,6,6,6,6,6,6,6,6,6,6,0,1,3,5,6,6,6,6,6,6,6,6,6,6,3,0,0,0,0,0,0,0,3,6,6,6,6,3,0,0,0,0,0,0,0,0,0,2,4,4,4,4,1,0,0,5,"mfeat-pixel","att60",0.9
0,0,0,1,4,5,6,3,0,0,0,0,0,0,0,0,0,0,3,6,6,6,6,0,0,0,0,0,0,0,0,0,0,3,6,6,6,6,1,0,0,0,0,0,0,0,0,0,3,6,6,6,6,5,0,0,0,0,0,1.15,0,0,0,4,6,6,6,6,0,0,0,0,0,0,0,0,0,5,6,6,6,6,4,0,0,0,0,0,0,0,0,0,6,6,6,6,6,0,0,0,0,0,0,0,0,0,0,6,6,6,6,6,0,0,2,6,6,5,1,0,0,1,6,6,6,6,6,2,3,6,6,6,6,6,0,1,6,6,6,6,6,6,6,6,6,6,6,6,6,0,6,6,6,6,6,6,6,6,6,6,6,6,6,6,1,3,6,6,6,6,6,6,6,6,6,6,6,6,6,5,0,1,2,2,2,2,3,4,4,6,6,6,6,6,3,0,0,0,0,0,0,0,0,0,3,6,6,6,6,3,0,0,0,0,0,0,0,0,0,3,6,6,6,6,1,0,0,0,0,0,0,0,0,0,1,4,4,4,4,2,5,"mfeat-pixel","att60",0.9
0,0,0,0,0,1,5,5,1,0,0,0,0,0,0,0,0,0,0,3,6,6,6,6,0,0,0,0,0,0,0,0,0,3,6,6,6,6,6,0,0,0,0,0,0,0,0,0,5,6,6,6,5,1,0,0,0,0,0,1.2,0,0,0,6,6,6,6,3,0,0,0,0,0,0,0,0,0,2,6,6,6,5,0,0,0,0,0,0,0,0,0,2,6,6,6,6,3,0,0,0,0,3,4,3,0,0,3,6,6,6,6,6,3,2,2,3,6,6,6,4,2,6,6,6,6,6,6,6,6,6,6,6,6,6,6,6,6,6,5,4,4,6,6,6,6,6,6,6,6,2,1,4,3,0,0,0,0,0,1,5,6,6,6,6,0,0,0,0,0,0,0,0,0,0,3,6,6,6,6,0,0,0,0,0,0,0,0,0,0,3,6,6,6,6,2,0,0,0,0,0,0,0,0,0,1,5,6,6,6,3,0,0,0,0,0,0,0,0,0,0,3,6,6,6,3,0,0,0,0,0,0,0,0,0,0,0,3,4,4,1,5,"mfeat-pixel","att60",0.9
0,0,0,0,0,0,0,0,0,1,5,6,6,3,0,0,0,0,0,0,0,0,0,2,6,6,6,6,6,0,0,0,0,0,0,0,0,2,6,6,6,6,6,3,0,0,0,0,0,0,0,0,4,6,6,6,6,4,0,-2.53,0,0,0,0,0,0,4,6,6,6,6,5,1,0,0,0,0,0,0,0,5,6,6,6,6,4,0,0,0,0,0,0,0,0,3,6,6,6,6,3,0,0,3,4,1,0,0,0,1,6,6,6,5,1,0,1,5,6,6,6,0,0,3,6,6,6,5,1,0,0,3,6,6,6,3,1,5,6,6,6,5,0,0,0,0,3,6,6,6,6,5,6,6,6,6,4,2,2,2,0,4,6,6,6,3,6,6,6,6,6,6,6,6,6,6,6,6,6,6,3,6,6,6,6,6,6,6,6,6,6,6,6,6,6,3,1,2,2,2,2,2,2,2,2,4,6,6,6,6,0,0,0,0,0,0,0,0,0,0,5,6,6,6,6,0,0,0,0,0,0,0,0,0,0,3,4,4,4,2,0,5,"mfeat-pixel","att60",0.9
0,0,0,0,0,0,0,1,5,6,3,0,0,0,0,0,0,0,0,0,0,2,6,6,6,6,0,0,0,0,0,0,0,0,0,0,6,6,6,6,3,0,0,0,0,0,0,0,0,0,3,6,6,6,1,0,0,0,0,2.62,0,0,0,0,0,3,6,6,6,6,0,0,0,0,0,0,0,0,0,0,3,6,6,6,3,0,0,0,0,0,0,0,0,0,0,4,6,6,6,3,0,0,0,0,0,0,0,0,0,2,6,6,6,6,1,0,0,0,0,0,0,0,0,2,6,6,6,6,5,0,0,0,0,0,0,0,0,2,6,6,6,6,5,0,3,6,5,3,0,0,0,0,6,6,6,6,6,0,0,6,6,6,6,3,0,0,1,6,6,6,6,4,0,2,6,6,6,6,5,0,3,6,6,6,6,6,6,6,6,6,6,6,6,6,4,6,6,6,6,6,6,6,6,6,6,6,6,6,6,6,1,5,6,6,6,6,6,6,6,6,6,6,6,6,5,0,0,0,0,0,0,0,0,2,4,4,4,4,1,0,5,"mfeat-pixel","att60",0.9
0,0,0,0,0,0,0,0,3,6,6,2,0,0,0,0,0,0,0,0,0,0,5,6,6,6,1,0,0,0,0,0,0,0,0,0,2,6,6,6,3,0,0,0,0,0,0,0,0,0,0,6,6,6,6,1,0,0,0,0.82,0,0,0,0,0,3,6,6,6,5,0,0,0,0,0,0,0,0,0,3,6,6,6,6,1,0,0,0,0,0,0,0,0,3,6,6,6,6,1,0,0,0,0,2,0,0,3,5,6,6,6,6,1,0,0,1,5,6,6,3,0,3,6,6,6,6,4,0,0,0,3,6,6,6,3,0,1,6,6,6,6,5,1,0,0,6,6,6,6,3,1,5,6,6,6,6,6,6,5,5,6,6,6,6,5,5,6,6,6,6,6,6,6,6,6,6,6,6,6,4,5,6,6,6,4,4,4,5,6,6,6,6,6,6,4,1,4,3,0,0,0,0,0,1,5,6,6,6,6,4,0,0,0,0,0,0,0,0,0,3,6,6,6,3,0,0,0,0,0,0,0,0,0,0,1,4,4,1,0,0,5,"mfeat-pixel","att60",0.9
0,0,0,5,6,6,5,1,0,0,0,0,0,0,0,0,0,0,6,6,6,6,3,0,0,0,0,0,0,0,0,0,0,6,6,6,6,1,0,0,0,0,0,0,0,0,0,2,6,6,6,3,0,0,0,0,0,0,0,-0.1,0,0,6,6,6,6,3,0,0,0,0,0,0,0,0,0,0,6,6,6,6,3,0,0,0,0,0,0,0,0,0,2,6,6,6,6,3,0,0,2,2,2,1,0,0,2,6,6,6,6,5,0,0,5,6,6,6,6,2,0,6,6,6,6,6,5,2,5,6,6,6,6,6,6,0,6,6,6,6,6,6,6,6,6,6,6,6,6,3,0,5,6,6,6,6,6,6,6,6,6,6,6,6,2,0,0,2,2,2,2,1,0,0,3,6,6,6,6,0,0,0,0,0,0,0,0,0,0,0,4,6,6,6,4,0,0,0,0,0,0,0,0,0,0,6,6,6,6,6,0,0,0,0,0,0,0,0,0,0,6,6,6,6,6,1,0,0,0,0,0,0,0,0,0,1,4,4,4,4,1,5,"mfeat-pixel","att60",0.9
3,6,6,6,3,0,0,0,0,0,0,0,0,0,0,6,6,6,6,6,5,0,0,0,0,0,0,0,0,0,5,6,6,6,6,6,0,0,0,0,0,0,0,0,0,1,6,6,6,6,6,0,0,0,0,0,0,0,0,0.51,0,6,6,6,6,6,3,0,0,0,0,0,0,0,0,0,6,6,6,6,6,4,0,0,0,0,0,0,0,0,1,6,6,6,6,6,6,0,0,0,3,6,5,3,0,2,6,6,6,6,6,1,0,0,5,6,6,6,6,0,1,6,6,6,6,6,0,0,0,6,6,6,6,6,0,5,6,6,6,6,6,0,0,0,6,6,6,6,6,0,6,6,6,6,6,6,3,0,1,6,6,6,6,6,2,6,6,6,6,6,6,6,6,6,6,6,6,6,6,6,6,6,6,6,6,6,6,6,6,6,6,6,6,6,6,5,6,6,6,4,4,5,6,6,6,6,6,6,6,6,0,2,1,0,0,0,0,0,1,5,6,6,6,6,6,0,0,0,0,0,0,0,0,0,0,3,4,4,4,4,5,"mfeat-pixel","att60",0.9
0,0,0,0,5,6,6,6,2,0,0,0,0,0,0,0,0,0,0,6,6,6,6,1,0,0,0,0,0,0,0,0,0,2,6,6,6,3,0,0,0,0,0,0,0,0,0,0,6,6,6,6,3,0,0,0,0,0,0,0.88,0,0,0,6,6,6,6,3,0,0,0,0,0,0,0,0,0,1,6,6,6,6,1,0,0,0,0,0,0,0,0,0,3,6,6,6,5,0,0,0,0,0,0,0,0,0,0,5,6,6,6,1,0,0,0,0,0,0,0,0,0,3,6,6,6,6,0,1,4,4,1,0,0,0,0,1,5,6,6,6,3,2,6,6,6,6,1,0,0,0,5,6,6,6,5,1,0,5,6,6,6,5,0,0,0,6,6,6,6,4,0,1,4,6,6,6,6,2,0,0,6,6,6,6,6,6,6,6,6,6,6,6,6,4,1,6,6,6,6,6,6,6,6,6,6,6,6,6,6,5,1,3,4,4,4,4,5,6,6,6,6,6,5,3,0,0,0,0,0,0,0,0,3,4,4,4,4,0,0,0,5,"mfeat-pixel","att60",0.9
5,6,6,5,0,0,0,0,0,0,0,0,0,0,0,5,6,6,4,0,0,0,0,0,0,0,0,0,0,0,3,6,6,5,1,0,0,0,0,0,0,0,0,0,0,6,6,6,6,6,0,0,0,0,0,0,0,0,0,2.09,3,6,6,6,3,0,0,0,0,0,0,0,0,0,0,2,6,6,6,6,0,0,0,0,0,0,0,0,0,0,1,6,6,6,6,0,0,0,0,0,0,2,2,1,0,3,6,6,6,6,3,0,0,0,0,5,6,6,6,3,3,6,6,6,6,1,0,0,0,2,6,6,6,6,4,6,6,6,6,6,0,0,0,0,3,6,6,6,6,0,6,6,6,6,6,0,0,0,0,0,6,6,6,6,0,6,6,6,6,6,5,4,4,4,5,6,6,6,6,2,5,6,6,6,6,6,6,6,6,6,6,6,6,6,3,0,2,2,2,2,2,2,4,6,6,6,6,6,6,4,0,0,0,0,0,0,0,0,0,1,5,6,6,6,6,0,0,0,0,0,0,0,0,0,0,0,2,4,4,3,5,"mfeat-pixel","att60",0.9
0,0,3,6,6,5,1,0,0,0,0,0,0,0,0,0,0,6,6,6,6,3,0,0,0,0,0,0,0,0,0,0,6,6,6,6,3,0,0,0,0,0,0,0,0,0,0,6,6,6,6,3,0,0,0,0,0,0,0,3.21,0,2,6,6,6,6,3,0,0,0,0,0,0,0,0,0,6,6,6,6,5,0,0,0,0,0,0,0,0,0,1,6,6,6,6,3,0,0,0,0,0,0,0,0,0,5,6,6,6,6,3,0,0,2,6,5,1,0,0,0,2,6,6,6,6,3,0,0,3,6,6,6,1,0,0,2,6,6,6,6,3,0,0,3,6,6,6,5,0,0,1,6,6,6,6,5,2,2,5,6,6,6,6,2,0,4,6,6,6,6,6,6,6,6,6,6,6,6,6,1,3,6,6,6,6,6,6,6,6,6,6,6,6,6,5,0,0,0,0,0,2,4,4,4,6,6,6,6,6,6,0,0,0,0,0,0,0,0,0,3,6,6,6,6,6,0,0,0,0,0,0,0,0,0,1,4,4,4,4,4,5,"mfeat-pixel","att60",0.9
0,0,0,0,0,0,0,0,0,1,5,6,6,3,0,0,0,0,0,0,0,0,0,3,6,6,6,6,5,0,0,0,0,0,0,0,0,4,6,6,6,6,3,0,0,0,0,0,0,0,0,4,6,6,6,6,5,0,0,-0.63,0,0,0,0,0,1,6,6,6,6,6,1,0,0,0,0,0,0,0,1,5,6,6,6,5,1,0,0,0,0,0,0,0,0,5,6,6,6,4,0,0,0,0,0,0,0,0,0,4,6,6,6,6,6,3,0,0,0,0,0,0,0,2,6,6,6,6,6,6,6,1,0,0,0,0,0,1,6,6,6,6,6,6,6,6,3,0,0,0,0,1,5,6,6,6,6,6,6,6,6,6,3,2,0,0,5,6,6,6,6,6,6,6,6,6,6,6,6,5,0,3,4,6,4,5,6,6,6,6,6,6,6,4,3,0,0,0,0,0,0,6,6,6,6,6,1,0,0,0,0,0,0,0,0,0,5,6,6,6,4,0,0,0,0,0,0,0,0,0,0,1,4,4,3,0,0,0,0,0,0,5,"mfeat-pixel","att60",0.9
0,0,0,0,0,0,3,6,6,3,0,0,0,0,0,0,0,0,0,0,5,6,6,6,6,0,0,0,0,0,0,0,0,0,2,6,6,6,6,6,0,0,0,0,0,0,0,0,0,3,6,6,6,6,6,0,0,0,0,-1.35,0,0,0,1,6,6,6,6,6,1,0,0,0,0,0,0,0,0,3,6,6,6,6,1,0,0,0,0,0,0,0,0,0,3,6,6,6,1,0,0,0,0,0,0,0,0,0,0,5,6,6,1,0,0,0,0,0,0,0,0,0,0,4,6,6,3,0,1,5,5,1,0,0,0,0,0,4,6,6,6,4,1,5,6,6,3,0,0,0,0,3,6,6,6,6,6,6,6,6,6,4,0,2,4,1,4,6,6,6,6,6,6,6,6,6,6,6,6,6,5,3,6,6,6,6,6,6,6,6,6,6,6,6,3,0,0,0,0,0,0,1,6,6,6,6,4,0,0,0,0,0,0,0,0,0,0,2,6,6,6,3,0,0,0,0,0,0,0,0,0,0,0,4,4,4,2,0,0,0,0,5,"mfeat-pixel","att60",0.9
0,0,0,0,0,1,5,6,6,6,3,0,0,0,0,0,0,0,0,0,3,6,6,6,6,6,3,0,0,0,0,0,0,0,0,4,6,6,6,6,3,0,0,0,0,0,0,0,0,0,6,6,6,6,5,0,0,0,0,-3.04,0,0,0,0,4,6,6,6,6,1,0,0,0,0,0,0,0,0,2,6,6,6,6,2,0,0,0,0,0,0,0,0,0,6,6,6,6,6,0,0,0,0,0,0,0,0,0,4,6,6,6,6,4,0,0,1,4,4,1,0,0,4,6,6,6,6,4,0,0,0,6,6,6,6,3,4,6,6,6,6,6,0,0,0,4,6,6,6,6,6,6,6,6,6,6,6,6,6,6,6,6,6,6,6,6,5,6,6,6,6,6,6,6,6,6,6,6,6,6,5,0,2,2,2,2,2,2,4,6,6,6,6,6,6,1,0,0,0,0,0,0,0,0,0,6,6,6,6,6,0,0,0,0,0,0,0,0,0,0,6,6,6,6,6,0,0,0,0,0,0,0,0,0,0,4,4,4,4,3,0,5,"mfeat-pixel","att60",0.9
0,0,0,0,3,4,5,5,1,0,0,0,0,0,0,0,0,0,0,6,6,6,6,3,0,0,0,0,0,0,0,0,0,0,6,6,6,6,2,0,0,0,0,0,0,0,0,0,0,6,6,6,4,0,0,0,0,0,0,-0.1,0,0,0,2,6,6,6,5,0,0,0,0,0,0,0,0,0,0,6,6,6,6,5,0,0,0,0,0,0,0,0,0,0,6,6,6,6,3,0,0,0,0,0,0,0,0,0,0,6,6,6,6,3,0,0,1,3,4,6,5,0,0,0,6,6,6,6,3,0,2,6,6,6,6,6,0,0,2,6,6,6,6,4,0,4,6,6,6,6,5,0,0,6,6,6,6,6,6,6,6,6,6,6,6,1,1,5,6,6,6,6,6,6,6,6,6,6,6,6,0,6,6,6,6,6,6,6,6,6,6,6,6,6,6,0,1,5,5,3,0,0,0,0,0,4,6,6,6,6,1,0,0,0,0,0,0,0,0,0,3,6,6,6,6,3,0,0,0,0,0,0,0,0,0,1,4,4,4,3,0,5,"mfeat-pixel","att60",0.9
0,0,0,0,0,0,0,0,0,0,3,6,6,6,2,0,0,0,0,0,0,0,0,1,5,6,6,6,6,2,0,0,0,0,0,0,0,2,6,6,6,6,6,1,0,0,0,0,0,0,0,2,6,6,6,6,6,1,0,-3.08,0,0,0,0,0,1,6,6,6,6,6,6,0,0,0,0,0,0,0,1,6,6,6,6,6,5,1,0,0,0,0,0,0,2,6,6,6,6,6,1,0,0,0,0,0,0,0,3,6,6,6,6,5,1,0,3,4,3,0,0,0,3,6,6,6,6,5,1,0,5,6,6,6,5,0,4,6,6,6,6,6,4,0,3,6,6,6,6,3,0,6,6,6,6,6,6,6,6,6,6,6,6,6,5,1,5,6,6,6,6,6,6,6,6,6,6,6,6,6,5,0,0,0,0,0,0,1,6,6,6,6,6,4,3,0,0,0,0,0,0,1,6,6,6,6,6,4,0,0,0,0,0,0,0,0,3,6,6,6,6,5,0,0,0,0,0,0,0,0,0,0,3,4,4,4,1,0,0,0,0,5,"mfeat-pixel","att60",0.9
0,0,1,2,4,1,0,0,0,0,0,0,0,0,0,0,0,6,6,6,4,0,0,0,0,0,0,0,0,0,0,0,6,6,6,6,2,0,0,0,0,0,0,0,0,0,0,6,6,6,3,0,0,0,0,0,0,0,0,3.98,0,2,6,6,6,3,0,0,0,0,0,0,0,0,0,0,6,6,6,6,3,0,0,0,0,0,0,0,0,0,0,6,6,6,6,3,0,0,0,0,0,0,0,0,0,0,6,6,6,6,3,0,0,1,2,4,5,0,0,0,0,6,6,6,6,0,0,0,6,6,6,4,0,0,0,0,6,6,6,6,5,2,3,6,6,6,6,5,0,0,4,6,6,6,6,6,6,6,6,6,6,6,6,0,0,6,6,6,6,6,6,6,6,6,6,6,6,6,1,0,3,6,5,4,4,6,6,6,6,6,6,6,6,5,0,0,0,0,0,0,0,2,2,2,5,6,6,6,6,0,0,0,0,0,0,0,0,0,0,3,6,6,6,6,2,0,0,0,0,0,0,0,0,0,0,3,4,4,3,0,5,"mfeat-pixel","att60",0.9
0,3,4,6,4,1,0,0,0,0,0,0,0,0,0,0,6,6,6,6,2,0,0,0,0,0,0,0,0,0,0,6,6,6,1,0,0,0,0,0,0,0,0,0,0,1,6,6,6,3,0,0,0,0,0,0,0,0,0,0.2,3,6,6,6,6,3,0,0,0,0,0,0,0,0,0,0,6,6,6,6,5,0,0,0,0,0,0,0,0,0,0,6,6,6,6,6,3,0,0,0,0,0,0,0,0,3,6,6,6,6,5,0,0,0,0,3,6,5,1,0,4,6,6,6,6,3,0,0,0,3,6,6,6,2,0,6,6,6,6,6,6,4,4,4,6,6,6,6,0,0,6,6,6,6,6,6,6,6,6,6,6,6,6,4,0,5,6,6,6,6,6,6,6,6,6,6,6,6,6,0,0,2,2,0,0,0,0,1,5,6,6,6,6,6,4,0,0,0,0,0,0,0,0,0,4,6,6,6,6,6,0,0,0,0,0,0,0,0,0,2,6,6,6,6,6,0,0,0,0,0,0,0,0,0,0,1,4,4,4,4,5,"mfeat-pixel","att60",0.9
0,0,0,0,0,0,3,5,6,6,6,2,0,0,0,0,0,0,0,0,5,6,6,6,6,6,2,0,0,0,0,0,0,0,0,5,6,6,6,6,6,0,0,0,0,0,0,0,0,0,4,6,6,6,6,4,0,0,0,-0.34,0,0,0,0,2,6,6,6,6,5,0,0,0,0,0,0,0,0,1,6,6,6,6,4,0,0,0,0,0,0,0,0,1,6,6,6,6,4,0,0,0,2,2,1,0,0,0,4,6,6,6,6,2,0,0,5,6,6,6,2,0,3,6,6,6,6,3,0,0,0,4,6,6,6,5,4,6,6,6,6,6,5,4,4,2,5,6,6,6,4,4,6,6,6,6,6,6,6,6,6,6,6,6,6,5,0,3,4,5,6,6,6,6,6,6,6,6,6,6,6,0,0,0,0,0,0,0,0,2,3,6,6,6,6,6,0,0,0,0,0,0,0,0,0,0,6,6,6,6,3,0,0,0,0,0,0,0,0,0,2,6,6,6,6,2,0,0,0,0,0,0,0,0,0,1,4,4,4,4,0,5,"mfeat-pixel","att60",0.9
0,0,0,0,0,0,0,0,1,5,6,6,2,0,0,0,0,0,0,0,0,0,2,6,6,6,6,1,0,0,0,0,0,0,0,0,0,4,6,6,6,5,0,0,0,0,0,0,0,0,0,2,6,6,6,6,1,0,0,-0.74,0,0,0,0,0,1,6,6,6,6,5,0,0,0,0,0,0,0,0,0,3,6,6,6,4,0,0,0,0,0,0,0,0,0,3,6,6,6,6,2,0,0,0,0,0,0,0,0,0,6,6,6,4,0,0,0,1,4,1,0,0,0,3,5,6,6,6,2,0,0,1,6,6,6,1,0,0,6,6,6,6,6,1,1,5,6,6,6,6,5,0,5,6,6,6,6,6,6,6,6,6,6,6,6,6,5,6,6,6,6,6,6,6,6,6,6,6,6,6,4,6,6,6,6,6,6,6,6,6,6,6,6,6,6,4,3,3,2,2,1,0,2,4,4,6,6,6,6,6,6,0,0,0,0,0,0,0,0,0,3,6,6,6,6,5,0,0,0,0,0,0,0,0,0,2,4,4,4,3,0,5,"mfeat-pixel","att60",0.9
0,0,0,0,1,2,4,4,2,0,0,0,0,0,0,0,0,0,2,6,6,6,6,6,2,0,0,0,0,0,0,0,0,6,6,6,6,6,4,0,0,0,0,0,0,0,0,3,6,6,6,6,6,1,0,0,0,0,0,-3.25,0,0,3,6,6,6,6,3,0,0,0,0,0,0,0,0,0,3,6,6,6,6,3,0,0,0,0,0,0,0,0,2,6,6,6,6,6,1,0,0,0,0,0,0,0,0,6,6,6,6,6,3,0,0,0,0,0,0,0,0,0,6,6,6,6,6,3,0,0,0,2,1,0,0,0,0,6,6,6,6,6,1,0,1,5,6,6,5,1,0,0,6,6,6,5,1,0,0,6,6,6,6,6,3,0,2,6,6,6,5,2,2,5,6,6,6,6,6,4,0,6,6,6,6,6,6,6,6,6,6,6,6,6,6,3,1,4,4,4,4,4,4,5,6,6,6,6,6,6,4,0,0,0,0,0,0,0,0,1,6,6,6,6,6,0,0,0,0,0,0,0,0,0,0,4,4,4,4,4,0,5,"mfeat-pixel","att60",0.9
0,0,0,0,0,0,0,0,1,5,6,6,2,0,0,0,0,0,0,0,0,0,2,6,6,6,6,1,0,0,0,0,0,0,0,0,1,6,6,6,6,5,0,0,0,0,0,0,0,0,0,3,6,6,6,6,1,0,0,1.46,0,0,0,0,0,1,6,6,6,6,5,0,0,0,0,0,0,0,0,0,3,6,6,6,4,0,0,0,0,0,0,0,0,0,3,6,6,6,6,2,0,0,0,0,0,0,0,0,0,6,6,6,4,0,0,0,1,4,1,0,0,0,0,5,6,6,6,2,0,0,1,6,6,6,1,0,0,5,6,6,6,4,0,0,2,6,6,6,6,5,0,5,6,6,6,6,6,4,4,6,6,6,6,6,6,5,6,6,6,6,6,6,6,6,6,6,6,6,6,4,6,6,6,6,6,6,6,6,6,6,6,6,6,6,4,3,4,4,4,4,4,4,4,6,6,6,6,6,6,6,0,0,0,0,0,0,0,0,1,5,6,6,6,6,5,0,0,0,0,0,0,0,0,0,2,4,4,4,3,0,5,"mfeat-pixel","att60",0.9
3,6,3,0,0,0,0,0,0,0,0,0,0,0,0,6,6,6,1,0,0,0,0,0,0,0,0,0,0,0,5,6,6,5,0,0,0,0,0,0,0,0,0,0,0,0,6,6,6,3,0,0,0,0,0,0,0,0,0,-2.41,0,4,6,6,6,2,0,0,0,0,0,0,0,0,0,0,0,6,6,6,3,0,0,0,0,0,0,0,0,0,0,0,6,6,6,4,0,0,0,0,0,0,0,0,0,0,0,1,5,6,6,4,0,0,0,0,0,0,0,0,0,0,0,2,6,6,6,3,1,4,3,0,0,0,0,0,0,0,0,6,6,6,3,6,6,6,3,0,0,0,0,0,0,0,6,6,6,3,2,6,6,6,4,2,1,0,0,0,0,5,6,6,3,1,6,6,6,6,6,6,0,0,0,0,1,6,6,6,6,6,6,6,6,6,6,0,0,0,0,0,6,6,6,6,6,6,6,6,6,6,0,0,0,0,0,6,6,6,6,6,6,6,6,6,6,0,0,0,0,0,3,4,4,4,2,0,0,3,4,3,5,"mfeat-pixel","att60",0.9
0,0,0,0,0,3,6,6,5,1,0,0,0,0,0,0,0,0,0,5,6,6,6,6,3,0,0,0,0,0,0,0,0,2,6,6,6,6,3,0,0,0,0,0,0,0,0,0,6,6,6,6,3,0,0,0,0,0,0,1.18,0,0,2,6,6,6,5,0,0,0,2,4,2,1,0,0,0,6,6,6,6,2,0,0,5,6,6,6,6,2,0,1,6,6,6,6,1,1,5,6,6,6,6,6,1,1,5,6,6,6,6,6,6,6,6,6,6,6,6,0,5,6,6,6,6,6,6,6,6,6,6,6,6,6,0,1,2,2,2,2,1,1,2,5,6,6,6,6,6,0,0,0,0,0,0,0,0,0,3,6,6,6,6,6,0,0,0,0,0,0,0,0,0,1,6,6,6,6,6,0,0,0,0,0,0,0,0,0,0,6,6,6,6,4,0,0,0,0,0,0,0,0,0,0,6,6,6,6,3,0,0,0,0,0,0,0,0,0,1,6,6,6,6,4,0,0,0,0,0,0,0,0,0,1,4,4,4,4,3,0,5,"mfeat-pixel","att60",0.9
0,0,0,0,5,6,6,6,2,0,0,0,0,0,0,0,0,0,0,3,6,6,6,3,0,0,0,0,0,0,0,0,0,0,3,6,6,6,6,0,0,0,0,0,0,0,0,0,1,6,6,6,6,3,0,0,0,0,0,1.82,0,0,0,5,6,6,6,6,1,0,0,0,0,0,0,0,0,1,6,6,6,6,2,0,0,0,0,0,0,0,0,0,5,6,6,6,4,0,0,0,0,0,0,0,0,0,0,6,6,6,6,3,0,0,0,0,0,0,0,0,0,4,6,6,6,5,0,0,1,1,0,0,0,0,0,1,6,6,6,6,3,0,3,6,6,3,0,0,0,0,3,6,6,6,6,0,0,6,6,6,6,0,0,0,0,1,6,6,6,6,0,0,4,6,6,6,4,0,0,0,5,6,6,6,6,4,5,6,6,6,6,6,5,2,0,6,6,6,6,6,6,6,6,6,6,6,6,6,6,5,5,6,5,4,4,4,4,6,6,6,6,6,6,5,1,0,0,0,0,0,0,0,1,4,4,4,4,1,0,0,5,"mfeat-pixel","att60",0.9
0,0,0,0,0,0,0,0,2,6,6,5,0,0,0,0,0,0,0,0,0,0,3,5,6,6,6,0,0,0,0,0,0,0,0,0,5,6,6,6,6,2,0,0,0,0,0,0,0,0,5,6,6,6,6,2,0,0,0,-1.76,0,0,0,0,0,6,6,6,6,3,0,0,0,0,0,0,0,0,0,2,6,6,6,3,0,0,0,0,0,0,0,0,0,0,6,6,6,4,0,0,0,0,0,0,0,0,0,1,5,6,6,5,0,0,0,0,0,0,0,0,0,2,6,6,6,6,0,0,0,0,3,4,1,0,0,1,6,6,6,6,4,0,0,0,5,6,6,6,2,0,5,6,6,6,6,0,0,1,5,6,6,6,6,3,0,6,6,6,6,6,6,6,6,6,6,6,6,6,3,0,5,6,6,6,6,6,6,6,6,6,6,6,6,6,5,0,2,3,3,3,4,6,6,6,6,6,6,6,6,6,0,0,0,0,0,0,3,6,6,6,6,6,4,4,3,0,0,0,0,0,0,1,4,4,4,4,3,0,0,0,5,"mfeat-pixel","att60",0.9
0,0,0,0,0,1,2,5,6,3,0,0,0,0,0,0,0,0,0,1,6,6,6,6,4,0,0,0,0,0,0,0,0,0,6,6,6,6,6,3,0,0,0,0,0,0,0,0,2,6,6,6,6,6,0,0,0,0,0,0.85,0,0,1,5,6,6,6,6,3,0,0,0,0,0,0,0,1,6,6,6,6,6,3,0,0,0,0,0,0,0,0,5,6,6,6,6,3,0,0,0,0,0,1,2,0,0,6,6,6,6,6,0,0,0,0,5,6,6,6,5,2,6,6,6,6,6,1,0,0,2,6,6,6,6,6,6,6,6,6,6,6,6,4,4,6,6,6,6,6,6,6,6,6,6,6,6,6,6,6,6,6,6,6,6,6,3,4,4,4,4,4,4,6,6,6,6,6,6,6,6,0,0,0,0,0,0,0,0,0,1,6,6,6,6,6,0,0,0,0,0,0,0,0,0,0,6,6,6,6,6,0,0,0,0,0,0,0,0,0,0,6,6,6,6,6,0,0,0,0,0,0,0,0,0,0,4,4,4,4,4,5,"mfeat-pixel","att60",0.9
0,0,0,2,4,6,6,3,0,0,0,0,0,0,0,0,0,5,6,6,6,6,6,5,0,0,0,0,0,0,0,0,6,6,6,6,6,6,3,0,0,0,0,0,0,0,1,6,6,6,6,6,1,0,0,0,0,0,0,1.53,0,3,6,6,6,6,5,0,0,0,0,0,0,0,0,0,3,6,6,6,6,0,0,0,0,0,0,0,0,0,0,6,6,6,6,6,0,0,0,1,4,6,6,5,1,2,6,6,6,6,6,5,4,5,6,6,6,6,6,3,6,6,6,6,6,6,6,6,6,6,6,6,6,6,4,1,5,6,6,4,2,2,3,5,6,6,6,6,6,6,0,0,0,0,0,0,0,0,0,6,6,6,6,6,6,0,0,0,0,0,0,0,0,0,6,6,6,6,6,2,0,0,0,0,0,0,0,0,0,6,6,6,6,6,0,0,0,0,0,0,0,0,0,0,6,6,6,6,6,0,0,0,0,0,0,0,0,0,0,6,6,6,6,6,0,0,0,0,0,0,0,0,0,0,3,4,4,4,3,0,5,"mfeat-pixel","att60",0.9
0,3,4,6,4,3,0,0,0,0,0,0,0,0,0,0,6,6,6,6,6,5,0,0,0,0,0,0,0,0,0,6,6,6,6,6,3,0,0,0,0,0,0,0,0,0,5,6,6,6,6,3,0,0,0,0,0,0,0,-0.33,0,1,6,6,6,6,2,0,0,0,0,0,0,0,0,0,0,6,6,6,6,2,0,0,0,0,0,0,0,0,0,2,6,6,6,6,3,0,0,0,1,1,0,0,0,0,6,6,6,6,6,0,0,0,3,6,6,3,0,0,2,6,6,6,6,6,0,0,0,4,6,6,6,0,0,3,6,6,6,6,3,0,0,0,4,6,6,6,4,0,3,6,6,6,6,6,3,0,0,6,6,6,6,6,0,2,6,6,6,6,6,6,5,5,6,6,6,6,4,0,0,3,6,6,4,4,6,4,4,5,6,6,6,5,0,0,0,0,0,0,0,0,0,0,0,4,6,6,6,1,0,0,0,0,0,0,0,0,0,0,5,6,6,6,5,0,0,0,0,0,0,0,0,0,0,3,4,4,4,3,5,"mfeat-pixel","att60",0.9
0,0,0,0,0,0,0,0,0,0,0,1,4,6,5,0,0,0,0,0,0,0,0,0,0,5,6,6,6,6,0,0,0,0,0,0,0,0,2,5,6,6,6,5,1,0,0,0,0,0,0,0,5,6,6,6,6,3,0,1.83,0,0,0,0,3,4,5,6,6,6,5,1,0,0,0,0,0,0,3,6,6,6,6,6,5,1,0,0,0,0,1,4,6,6,6,6,6,3,1,0,0,0,0,0,0,5,6,6,6,6,5,1,0,0,2,6,2,0,0,0,3,6,6,6,6,5,1,0,1,5,6,6,0,0,0,1,5,6,6,6,6,6,4,6,6,6,3,0,0,0,0,0,0,3,6,6,6,6,6,6,6,2,0,0,0,0,0,0,0,4,6,6,6,6,6,6,0,0,0,0,0,0,0,0,4,6,6,6,6,6,6,3,0,0,0,0,0,0,3,6,6,6,4,5,6,6,2,0,0,0,0,0,0,3,6,6,3,0,0,0,0,0,0,0,0,0,0,0,0,3,4,1,0,0,0,0,0,0,0,0,5,"mfeat-pixel","att60",0.9
0,0,0,0,0,5,6,6,5,1,0,0,0,0,0,0,0,0,0,1,6,6,6,6,3,0,0,0,0,0,0,0,0,2,6,6,6,6,6,0,0,0,0,0,0,0,0,1,6,6,6,6,6,2,0,0,0,0,0,-0.2,0,0,3,6,6,6,6,5,0,0,0,0,0,0,0,0,0,0,6,6,6,6,4,0,0,0,0,0,0,0,0,0,2,6,6,6,6,6,0,0,0,0,0,0,0,0,0,3,6,6,6,6,4,0,0,0,0,0,0,0,0,0,3,6,6,6,6,0,0,0,0,0,0,0,0,0,0,6,6,6,6,6,1,0,0,0,1,2,2,1,0,0,6,6,6,6,6,3,0,0,2,6,6,6,6,1,5,6,6,6,6,5,0,0,0,3,6,6,6,6,3,6,6,6,6,6,5,4,4,4,5,6,6,6,6,5,6,6,6,6,6,6,6,6,6,6,6,6,6,6,0,2,2,2,2,2,2,2,3,6,6,6,6,6,6,0,0,0,0,0,0,0,0,0,3,4,4,4,4,3,5,"mfeat-pixel","att60",0.9
0,0,0,0,2,6,6,6,6,2,0,0,0,0,0,0,0,0,0,3,6,6,6,6,3,0,0,0,0,0,0,0,0,0,3,6,6,6,6,3,0,0,0,0,0,0,0,0,0,5,6,6,6,6,3,0,0,0,0,-2.11,0,0,0,3,6,6,6,6,3,0,0,0,0,0,0,0,0,0,3,6,6,6,6,0,0,0,0,0,0,0,0,0,1,5,6,6,6,6,0,3,6,6,5,1,0,0,0,2,6,6,6,6,1,2,6,6,6,6,6,0,0,0,3,6,6,5,1,0,0,3,6,6,6,6,1,0,4,6,6,6,3,0,0,0,4,6,6,6,6,3,1,6,6,6,6,4,0,1,5,6,6,6,6,6,3,3,6,6,6,6,6,6,6,6,6,6,6,6,6,0,4,6,6,6,6,6,6,6,6,6,6,6,6,6,0,6,6,6,6,6,5,2,2,2,5,6,6,6,6,3,1,5,6,4,2,0,0,0,0,3,6,6,6,6,4,0,0,0,0,0,0,0,0,0,1,4,4,4,4,4,5,"mfeat-pixel","att60",0.9
0,0,0,0,0,0,0,0,0,0,1,5,6,5,0,0,0,0,0,0,0,0,0,0,0,6,6,6,6,0,0,0,0,0,0,0,0,0,0,1,6,6,6,2,0,0,0,0,0,0,0,0,0,3,6,6,6,6,0,2.04,0,0,0,0,0,0,0,4,6,6,6,5,1,0,0,0,0,0,0,0,0,1,6,6,6,6,2,0,0,0,0,0,0,0,0,3,6,6,6,6,4,0,0,0,0,0,0,0,0,3,6,6,6,6,6,2,0,0,0,0,0,0,0,2,6,6,6,6,6,3,0,0,0,0,0,0,0,0,4,6,6,6,5,1,0,0,0,0,0,0,0,1,5,6,6,6,5,1,0,0,0,3,4,1,0,1,5,6,6,6,6,0,0,0,0,5,6,6,6,2,2,6,6,6,6,6,5,4,4,5,6,6,6,5,0,0,1,3,5,6,6,6,6,6,6,6,6,6,3,0,0,0,0,0,2,4,4,6,6,6,6,6,6,0,0,0,0,0,0,0,0,0,1,4,4,4,4,4,0,0,5,"mfeat-pixel","att60",0.9
0,0,0,3,6,6,6,5,0,0,0,0,0,0,0,0,0,2,6,6,6,6,5,0,0,0,0,0,0,0,0,0,3,6,6,6,6,1,0,0,0,0,0,0,0,0,0,4,6,6,6,6,0,0,0,0,0,0,0,-1.97,0,2,6,6,6,6,6,0,0,0,0,1,4,3,0,0,3,6,6,6,6,4,0,0,0,2,6,6,6,3,1,6,6,6,6,6,2,0,0,1,5,6,6,6,3,6,6,6,6,4,1,0,0,0,6,6,6,6,5,0,6,6,6,6,1,0,0,0,0,6,6,6,6,5,0,6,6,6,6,6,6,6,6,6,6,6,6,6,6,3,3,6,6,6,6,6,6,6,6,6,6,6,6,6,3,0,1,2,4,4,4,4,3,2,2,4,6,6,6,6,0,0,0,0,0,0,0,0,0,0,3,6,6,6,6,0,0,0,0,0,0,0,0,0,0,3,6,6,6,5,0,0,0,0,0,0,0,0,0,0,3,6,6,6,3,0,0,0,0,0,0,0,0,0,0,2,4,4,4,1,5,"mfeat-pixel","att60",0.9
0,0,0,0,0,0,0,0,1,4,4,6,3,0,0,0,0,0,0,0,0,0,0,3,6,6,6,6,0,0,0,0,0,0,0,0,0,1,6,6,6,6,5,0,0,0,0,0,0,0,0,1,6,6,6,6,6,1,0,1.72,0,0,0,0,0,0,5,6,6,6,6,4,0,0,0,0,0,0,0,0,3,6,6,6,6,6,0,0,0,0,0,0,0,0,3,6,6,6,5,2,1,0,0,0,0,0,0,0,0,6,6,6,6,3,0,0,0,5,6,5,0,0,0,5,6,6,6,6,3,0,0,4,6,6,6,0,1,5,6,6,6,6,6,4,2,3,6,6,6,6,0,5,6,6,6,6,6,6,6,6,6,6,6,6,6,4,6,6,6,6,6,6,6,6,6,6,6,6,6,6,4,6,6,6,6,6,6,6,6,6,6,6,6,6,6,0,2,1,0,0,0,0,0,0,4,6,6,6,6,6,0,0,0,0,0,0,0,0,0,3,6,6,6,6,5,0,0,0,0,0,0,0,0,0,1,4,4,4,3,0,5,"mfeat-pixel","att60",0.9
0,0,0,0,0,5,6,6,6,5,1,0,0,0,0,0,0,0,0,4,6,6,6,6,6,1,0,0,0,0,0,0,0,0,6,6,6,6,6,1,0,0,0,0,0,0,0,0,4,6,6,6,6,1,0,0,0,0,0,0.55,0,0,0,6,6,6,6,1,0,0,0,0,0,0,0,0,0,1,6,6,6,6,0,0,0,0,0,1,2,0,0,1,5,6,6,6,3,0,0,0,0,3,6,6,5,3,6,6,6,6,6,0,0,0,0,5,6,6,6,6,6,6,6,6,6,6,4,4,4,4,6,6,6,6,6,6,6,6,6,6,6,6,6,6,6,6,6,6,6,4,5,6,6,6,6,6,6,6,6,6,6,6,6,6,0,0,0,1,2,2,2,2,2,2,6,6,6,6,6,0,0,0,0,0,0,0,0,0,0,4,6,6,6,6,2,0,0,0,0,0,0,0,0,0,1,6,6,6,6,6,0,0,0,0,0,0,0,0,0,2,6,6,6,6,4,0,0,0,0,0,0,0,0,0,0,1,4,4,3,0,5,"mfeat-pixel","att60",0.9
0,1,5,5,0,0,0,0,0,0,0,0,0,0,0,0,5,6,6,2,0,0,0,0,0,0,0,0,0,0,0,3,6,6,3,0,0,0,0,0,0,0,0,0,0,0,3,6,6,4,0,0,0,0,0,0,0,0,0,-2.28,0,6,6,6,6,0,0,0,0,0,0,0,0,0,0,2,6,6,6,6,0,0,0,0,0,0,0,0,0,0,6,6,6,6,5,0,0,0,0,0,3,6,3,0,0,6,6,6,6,3,0,0,0,0,5,6,6,6,1,0,6,6,6,6,6,3,0,0,0,6,6,6,6,5,0,6,6,6,6,6,6,5,3,3,6,6,6,6,6,0,6,6,6,6,6,6,6,6,6,6,6,6,6,6,0,5,6,6,6,6,6,6,6,6,6,6,6,6,6,1,0,0,0,0,1,3,4,4,4,6,6,6,6,6,5,0,0,0,0,0,0,0,0,0,3,6,6,6,6,6,0,0,0,0,0,0,0,0,0,0,6,6,6,6,6,0,0,0,0,0,0,0,0,0,0,3,4,4,4,4,5,"mfeat-pixel","att60",0.9
0,5,6,6,6,2,0,0,0,0,0,0,0,0,0,0,6,6,6,6,3,0,0,0,0,0,0,0,0,0,0,6,6,6,6,6,2,0,0,0,0,0,0,0,0,0,3,6,6,6,6,1,0,0,0,0,0,0,0,-1.84,0,3,6,6,6,6,5,0,0,0,0,0,0,0,0,0,6,6,6,6,4,0,0,0,0,0,0,0,0,0,0,6,6,6,6,6,2,0,0,0,1,2,2,0,0,0,6,6,6,6,4,0,0,0,2,6,6,6,6,2,0,6,6,6,6,3,0,0,0,3,6,6,6,6,0,2,6,6,6,6,3,0,0,0,3,6,6,6,6,0,6,6,6,6,6,6,4,4,4,6,6,6,6,6,0,6,6,6,6,6,6,6,6,6,6,6,6,6,6,0,1,2,4,4,3,2,2,2,2,5,6,6,6,6,3,0,0,0,0,0,0,0,0,0,3,6,6,6,6,3,0,0,0,0,0,0,0,0,0,2,6,6,6,6,6,0,0,0,0,0,0,0,0,0,0,1,3,4,4,4,5,"mfeat-pixel","att60",0.9
0,0,0,0,0,5,6,6,6,2,0,0,0,0,0,0,0,0,0,5,6,6,6,5,0,0,0,0,0,0,0,0,0,0,6,6,6,6,2,0,0,0,0,0,0,0,0,0,2,6,6,6,6,0,0,0,0,0,0,2,0,0,1,6,6,6,6,1,0,0,0,0,0,0,0,0,0,5,6,6,6,5,0,0,0,0,0,3,4,3,0,3,6,6,6,6,3,0,0,0,0,3,6,6,6,1,6,6,6,6,6,5,2,2,2,3,6,6,6,6,5,6,6,6,6,6,6,6,6,6,6,6,6,6,5,3,4,4,4,4,4,4,4,6,6,6,6,6,6,5,0,0,0,0,0,0,0,0,0,2,5,6,6,6,5,0,0,0,0,0,0,0,0,0,0,3,6,6,6,3,0,0,0,0,0,0,0,0,0,0,1,6,6,6,3,0,0,0,0,0,0,0,0,0,0,4,6,6,6,3,0,0,0,0,0,0,0,0,0,3,6,6,6,6,3,0,0,0,0,0,0,0,0,0,1,4,4,4,4,2,5,"mfeat-pixel","att60",0.9
0,0,0,0,3,5,6,6,2,0,0,0,0,0,0,0,0,0,0,6,6,6,6,3,0,0,0,0,0,0,0,0,0,0,6,6,6,6,2,0,0,0,0,0,0,0,0,0,1,6,6,6,4,0,0,0,0,0,0,-0.03,0,0,0,5,6,6,6,3,0,0,0,0,0,0,0,0,0,0,6,6,6,6,1,0,0,0,0,0,0,0,0,0,2,6,6,6,6,0,0,0,0,0,0,0,0,0,0,6,6,6,6,3,0,0,0,0,0,1,1,0,0,0,6,6,6,6,0,0,0,0,2,5,6,6,3,0,4,6,6,6,6,1,0,1,5,6,6,6,6,6,3,6,6,6,6,6,6,4,6,6,6,6,6,6,6,0,3,6,6,6,6,6,6,6,6,6,6,6,6,6,0,0,0,0,0,1,2,4,6,6,6,6,6,6,5,0,0,0,0,0,0,0,0,0,0,4,6,6,6,4,0,0,0,0,0,0,0,0,0,0,6,6,6,6,6,0,0,0,0,0,0,0,0,0,0,1,3,4,4,3,5,"mfeat-pixel","att60",0.9
0,0,0,0,0,0,1,4,5,5,1,0,0,0,0,0,0,0,0,0,3,6,6,6,5,1,0,0,0,0,0,0,0,0,5,6,6,6,5,0,0,0,0,0,0,0,0,0,3,6,6,6,6,2,0,0,0,0,0,-1.21,0,0,0,4,6,6,6,6,1,0,0,0,0,0,0,0,0,1,6,6,6,6,6,2,0,0,0,0,0,0,0,3,6,6,6,6,5,1,0,1,4,4,3,1,0,0,6,6,6,6,6,3,0,1,6,6,6,6,6,5,2,6,6,6,6,6,6,4,6,6,6,6,6,6,6,6,6,6,6,6,6,6,6,6,6,6,6,6,6,3,6,6,6,6,6,5,4,4,5,6,6,6,6,3,0,5,6,6,3,1,0,0,0,0,6,6,6,6,6,0,0,0,0,0,0,0,0,0,0,4,6,6,6,6,2,0,0,0,0,0,0,0,0,0,4,6,6,6,6,5,0,0,0,0,0,0,0,0,0,6,6,6,6,6,1,0,0,0,0,0,0,0,0,0,1,4,4,4,3,0,5,"mfeat-pixel","att60",0.9
0,0,0,0,0,1,4,6,4,1,0,0,0,0,0,0,0,0,0,0,3,6,6,6,5,0,0,0,0,0,0,0,0,0,1,6,6,6,6,3,0,0,0,0,0,0,0,0,0,3,6,6,6,4,0,0,0,0,0,0.98,0,0,0,1,6,6,6,6,6,2,0,0,0,0,0,0,0,0,3,6,6,6,5,1,0,0,0,0,0,0,0,0,0,4,6,6,6,3,0,0,0,0,0,0,0,0,1,5,6,6,6,3,0,0,0,0,0,0,0,0,0,6,6,6,6,3,0,0,0,0,0,1,4,3,0,2,6,6,6,6,5,2,2,2,2,5,6,6,6,0,6,6,6,6,6,6,6,6,6,6,6,6,6,6,0,6,6,6,6,6,6,6,6,6,6,6,6,6,6,0,1,2,2,2,2,4,4,4,5,6,6,6,6,6,1,0,0,0,0,0,0,0,0,0,0,4,6,6,6,5,0,0,0,0,0,0,0,0,0,0,3,6,6,6,6,0,0,0,0,0,0,0,0,0,0,1,4,4,4,3,5,"mfeat-pixel","att60",0.9
0,0,0,0,0,5,6,6,5,0,0,0,0,0,0,0,0,0,0,0,6,6,6,6,0,0,0,0,0,0,0,0,0,0,0,6,6,6,4,0,0,0,0,0,0,0,0,0,0,3,6,6,6,0,0,0,0,0,0,1.93,0,0,0,5,6,6,6,6,0,0,0,0,0,0,0,0,0,3,6,6,6,6,2,0,0,0,0,0,0,0,0,0,3,6,6,6,6,0,0,0,0,1,4,1,0,0,0,3,6,6,6,6,0,0,0,0,5,6,6,1,0,0,5,6,6,6,5,0,0,0,0,5,6,6,3,0,3,6,6,6,6,3,0,0,0,3,6,6,6,3,0,5,6,6,6,6,6,4,4,4,5,6,6,6,3,3,6,6,6,6,6,6,6,6,6,6,6,6,6,3,6,6,6,6,6,6,6,4,4,6,6,6,6,6,3,1,5,6,6,3,2,0,0,0,0,4,6,6,6,3,0,0,1,1,0,0,0,0,0,0,3,6,6,6,4,0,0,0,0,0,0,0,0,0,0,2,4,4,4,4,5,"mfeat-pixel","att60",0.9
0,0,1,5,6,6,5,1,0,0,0,0,0,0,0,0,0,3,6,6,6,6,3,0,0,0,0,0,0,0,0,0,5,6,6,6,6,3,0,0,0,0,0,0,0,0,3,6,6,6,6,6,1,0,0,0,0,0,0,0.49,0,3,6,6,6,6,2,0,0,0,0,0,0,0,0,0,4,6,6,6,6,0,0,0,0,0,0,0,0,0,2,6,6,6,6,6,2,0,0,1,1,0,0,0,0,3,6,6,6,6,4,0,0,3,6,6,3,0,0,0,6,6,6,6,6,6,3,4,6,6,6,6,5,0,0,6,6,6,6,6,6,6,6,6,6,6,6,4,0,0,3,4,5,6,6,6,6,6,6,6,6,6,3,0,0,0,0,0,1,2,2,2,6,6,6,6,6,3,0,0,0,0,0,0,0,0,0,5,6,6,6,6,6,3,0,0,0,0,0,0,0,0,3,6,6,6,6,6,6,1,0,0,0,0,0,0,0,1,5,6,6,6,6,6,5,0,0,0,0,0,0,0,0,0,3,4,4,4,4,1,5,"mfeat-pixel","att60",0.9
0,0,0,0,0,2,6,6,6,2,0,0,0,0,0,0,0,0,0,0,3,6,6,6,3,0,0,0,0,0,0,0,0,0,0,3,6,6,6,3,0,0,0,0,0,0,0,0,0,0,5,6,6,6,3,0,0,0,0,-0.06,0,0,0,0,5,6,6,6,6,3,0,0,0,0,0,0,0,0,3,6,6,6,6,3,0,0,0,0,0,0,0,0,0,3,6,6,6,6,0,0,0,0,0,0,0,0,0,0,3,6,6,6,5,0,1,5,6,6,3,0,0,0,1,5,6,6,6,1,0,3,6,6,6,6,3,0,2,6,6,6,6,5,0,0,3,6,6,6,6,3,0,6,6,6,6,4,0,0,0,3,6,6,6,6,3,4,6,6,6,6,6,4,2,4,6,6,6,6,6,4,6,6,6,6,6,6,6,6,6,6,6,6,6,6,5,5,6,6,6,6,6,5,4,6,6,6,6,6,6,3,0,2,0,0,0,0,0,0,4,6,6,6,6,5,1,0,0,0,0,0,0,0,0,3,4,4,4,3,0,0,5,"mfeat-pixel","att60",0.9
0,0,0,0,0,3,6,6,5,0,0,0,0,0,0,0,0,0,0,0,6,6,6,6,0,0,0,0,0,0,0,0,0,0,0,6,6,6,6,0,0,0,0,0,0,0,0,0,0,3,6,6,6,6,0,0,0,0,0,2.4,0,0,0,3,6,6,6,6,2,0,0,0,0,0,0,0,0,0,3,6,6,6,6,0,0,0,0,0,0,0,0,0,0,5,6,6,6,6,0,0,0,0,0,0,0,0,0,3,6,6,6,6,4,0,0,0,0,0,0,0,0,0,4,6,6,6,6,0,0,0,0,0,0,0,0,0,2,6,6,6,6,2,0,0,0,0,1,2,0,0,0,5,6,6,6,6,0,0,0,0,3,6,6,5,0,5,6,6,6,6,6,0,0,0,5,6,6,6,6,3,6,6,6,6,6,6,6,6,6,6,6,6,6,6,3,6,6,6,6,6,6,6,6,6,6,6,6,6,6,3,1,2,2,2,2,3,4,4,6,6,6,6,6,6,6,0,0,0,0,0,0,0,0,0,2,3,4,4,4,3,5,"mfeat-pixel","att60",0.9
0,0,0,0,0,0,0,0,0,0,1,5,6,6,5,0,0,0,0,0,0,0,0,0,0,3,6,6,6,4,0,0,0,0,0,0,0,0,0,3,6,6,6,6,2,0,0,0,0,0,0,0,0,5,6,6,6,5,1,0.49,0,0,0,0,0,0,0,0,3,6,4,3,0,0,0,0,0,0,0,0,0,3,6,5,1,0,0,0,0,0,0,0,0,0,0,4,6,6,6,3,0,0,0,0,0,0,0,0,1,5,6,6,6,3,0,0,1,5,6,5,0,1,3,6,6,6,6,4,0,0,3,6,6,6,6,2,6,6,6,6,6,6,6,4,6,6,6,6,6,6,1,5,6,6,6,6,6,6,6,6,6,6,6,6,1,0,0,0,0,0,4,6,6,6,6,6,6,6,2,0,0,0,0,0,0,0,6,6,6,6,6,6,4,0,0,0,0,0,0,0,1,6,6,6,6,6,6,2,0,0,0,0,0,0,0,3,6,6,6,6,5,1,0,0,0,0,0,0,0,0,0,3,4,4,3,0,0,0,0,0,5,"mfeat-pixel","att60",0.9
0,0,0,0,3,6,6,6,3,0,0,0,0,0,0,0,0,0,3,6,6,6,6,5,0,0,0,0,0,0,0,0,0,5,6,6,6,5,0,0,0,0,0,0,0,0,0,0,6,6,6,4,0,0,0,0,0,0,0,1.14,0,1,5,6,6,6,0,0,0,0,0,0,0,0,0,0,3,6,6,6,2,0,0,0,0,0,0,0,0,0,0,5,6,6,6,0,0,0,0,0,0,1,2,1,0,1,6,6,6,2,0,0,0,0,0,3,6,6,6,3,5,6,6,6,3,3,3,2,0,0,4,6,6,6,6,6,6,6,6,6,6,6,6,6,4,5,6,6,6,6,6,6,6,6,6,6,6,6,6,6,6,6,6,6,6,1,4,4,4,2,2,4,5,6,6,6,6,6,6,6,0,0,0,0,0,0,0,0,0,0,5,6,6,6,6,0,0,0,0,0,0,0,0,0,0,1,6,6,6,6,0,0,0,0,0,0,0,0,0,0,0,6,6,6,6,0,0,0,0,0,0,0,0,0,0,0,3,4,4,4,5,"mfeat-pixel","att60",0.9
0,0,0,0,0,0,0,1,4,1,0,0,0,0,0,0,0,0,0,0,0,3,6,6,5,0,0,0,0,0,0,0,0,0,0,3,6,6,6,5,0,0,0,0,0,0,0,0,0,0,5,6,6,4,1,0,0,0,0,-1.97,0,0,0,0,3,6,6,3,0,0,0,0,0,0,0,0,0,0,0,5,6,6,1,0,0,0,2,6,6,3,0,0,0,4,6,6,3,0,0,0,0,3,6,6,4,0,0,2,6,6,6,3,0,0,0,0,3,6,6,3,0,2,6,6,6,6,6,4,2,0,3,6,6,6,0,2,6,6,6,6,6,6,6,6,6,6,6,6,6,2,3,6,6,6,6,6,6,6,6,6,6,6,6,5,0,6,6,6,6,6,4,4,4,6,6,6,6,6,5,0,1,2,2,2,0,0,0,0,2,6,6,6,6,6,3,0,0,0,0,0,0,0,0,0,6,6,6,6,6,3,0,0,0,0,0,0,0,0,3,6,6,6,5,2,0,0,0,0,0,0,0,0,0,1,4,4,1,0,0,0,5,"mfeat-pixel","att60",0.9
0,0,0,0,0,0,3,6,5,1,0,0,0,0,0,0,0,0,0,0,2,6,6,6,3,0,0,0,0,0,0,0,0,0,1,5,6,6,6,1,0,0,0,0,0,0,0,0,0,3,6,6,6,3,0,0,0,0,0,-0.47,0,0,0,2,6,6,6,5,0,0,0,0,0,0,0,0,0,0,3,6,6,6,3,0,0,0,0,2,3,3,0,0,1,6,6,6,6,2,0,0,0,5,6,6,6,0,0,5,6,6,6,6,1,1,2,3,6,6,6,5,0,5,6,6,6,6,6,6,6,6,6,6,6,6,4,5,6,6,6,6,6,6,6,6,6,6,6,6,6,6,5,6,6,5,3,2,2,1,0,4,6,6,6,6,3,0,0,0,0,0,0,0,0,0,3,6,6,6,6,3,0,0,0,0,0,0,0,0,0,0,6,6,6,6,0,0,0,0,0,0,0,0,0,0,3,6,6,6,6,2,0,0,0,0,0,0,0,0,0,1,5,6,6,6,3,0,0,0,0,0,0,0,0,0,0,0,3,4,3,0,5,"mfeat-pixel","att60",0.9
0,0,0,0,0,3,6,6,3,0,0,0,0,0,0,0,0,0,0,1,6,6,6,6,0,0,0,0,0,0,0,0,0,2,6,6,6,6,2,0,0,0,0,0,0,0,0,0,3,6,6,6,6,0,0,0,0,0,0,0.16,0,0,1,6,6,6,6,6,0,0,0,0,0,0,0,0,0,3,6,6,6,6,5,0,0,0,0,0,0,0,0,0,4,6,6,6,5,1,0,0,0,0,0,0,0,0,2,6,6,6,6,1,0,0,0,0,0,0,0,0,0,4,6,6,6,6,0,0,0,0,0,0,0,0,0,3,6,6,6,6,3,0,0,0,3,4,1,0,0,0,6,6,6,6,1,0,0,1,5,6,6,6,2,0,0,6,6,6,3,0,0,1,5,6,6,6,6,3,0,0,6,6,6,5,4,4,6,6,6,6,6,6,6,5,1,5,6,6,6,6,6,6,6,6,6,6,6,6,6,5,0,2,2,0,2,1,1,5,6,6,6,6,4,2,0,0,0,0,0,0,0,0,1,4,4,4,4,2,0,0,5,"mfeat-pixel","att60",0.9
0,0,0,0,0,0,1,5,6,5,1,0,0,0,0,0,0,0,0,0,3,6,6,6,6,2,0,0,0,0,0,0,0,0,3,6,6,6,6,3,0,0,0,0,0,0,0,0,0,3,6,6,6,5,0,0,0,0,0,-1.57,0,0,0,0,4,6,6,6,1,0,0,0,0,0,0,0,0,0,3,6,6,6,2,0,0,0,0,0,0,0,0,0,5,6,6,6,4,0,0,0,0,0,0,0,0,0,2,6,6,6,6,1,0,0,1,2,1,0,0,0,1,6,6,6,6,3,0,0,2,6,6,6,2,0,0,6,6,6,6,6,0,0,1,6,6,6,5,1,0,0,6,6,6,6,4,2,2,4,6,6,6,5,4,6,3,6,6,6,6,6,6,6,6,6,6,6,6,6,6,6,3,5,6,6,6,6,6,6,6,6,6,6,5,4,1,0,0,0,0,0,0,3,6,6,6,6,4,0,0,0,0,0,0,0,0,0,0,5,6,6,6,3,0,0,0,0,0,0,0,0,0,0,2,4,4,4,2,0,0,0,5,"mfeat-pixel","att60",0.9
0,3,6,6,6,5,0,0,0,0,0,0,0,0,0,0,4,6,6,6,6,0,0,0,0,0,0,0,0,0,0,0,6,6,6,6,0,0,0,0,0,0,0,0,0,0,2,6,6,6,6,0,0,0,0,0,0,0,2,2.2,0,2,6,6,6,6,0,0,0,0,0,1,5,6,6,0,0,6,6,6,6,0,0,0,0,5,6,6,6,2,0,2,6,6,6,6,0,0,0,0,6,6,6,6,0,0,2,6,6,6,6,0,0,0,0,6,6,6,6,0,0,2,6,6,6,6,0,0,0,0,6,6,6,6,0,0,6,6,6,6,6,1,0,0,1,6,6,6,6,0,1,6,6,6,6,6,6,4,4,6,6,6,6,6,0,5,6,6,6,6,6,6,6,6,6,6,6,6,6,0,1,2,2,2,2,2,2,2,3,6,6,6,6,6,0,0,0,0,0,0,0,0,0,0,6,6,6,6,6,0,0,0,0,0,0,0,0,0,0,6,6,6,6,6,0,0,0,0,0,0,0,0,0,0,4,4,4,4,3,0,5,"mfeat-pixel","att60",0.9
0,0,0,0,0,0,0,3,6,6,3,0,0,0,0,0,0,0,0,0,0,5,6,6,6,3,0,0,0,0,0,0,0,0,0,2,6,6,6,5,0,0,0,0,0,0,0,0,0,0,6,6,6,6,3,0,0,0,0,-3.36,0,0,0,0,0,6,6,6,6,3,0,0,0,0,0,0,0,0,0,3,6,6,6,3,0,0,0,0,0,0,0,0,0,3,6,6,6,6,1,0,0,0,0,0,0,0,0,0,3,6,6,6,5,1,0,0,1,5,6,3,0,0,3,6,6,6,5,1,0,0,1,5,6,6,3,0,0,6,6,6,6,0,0,0,0,6,6,6,6,3,0,4,6,6,6,3,0,0,0,0,3,6,6,6,3,4,6,6,6,6,6,4,4,4,4,6,6,6,6,3,6,6,6,6,6,6,6,6,6,6,6,6,6,6,3,1,4,3,2,2,2,2,1,0,3,6,6,6,6,5,0,0,0,0,0,0,0,0,0,0,6,6,6,6,6,0,0,0,0,0,0,0,0,0,0,3,4,4,4,3,5,"mfeat-pixel","att60",0.9
0,0,0,2,6,5,1,0,0,0,0,0,0,0,0,0,0,3,6,6,6,6,2,0,0,0,0,0,0,0,0,0,6,6,6,6,6,3,0,0,0,0,0,0,0,0,4,6,6,6,6,3,0,0,0,0,0,0,0,0.55,0,6,6,6,6,6,0,0,0,0,0,0,0,0,0,0,6,6,6,6,6,0,0,0,0,0,0,0,0,0,0,6,6,6,6,6,0,0,0,0,0,0,0,0,0,0,3,6,6,6,6,0,0,0,0,0,0,0,0,0,0,6,6,6,6,6,0,0,3,4,4,1,0,0,0,0,6,6,6,6,6,0,0,4,6,6,5,1,0,0,4,6,6,6,6,6,3,3,6,6,6,6,6,0,0,6,6,6,6,6,6,6,6,6,6,6,6,6,5,0,4,6,6,6,4,5,6,6,6,6,6,6,6,5,0,0,5,6,2,0,0,3,6,6,6,6,6,6,0,0,0,0,0,0,0,0,0,3,6,6,6,6,6,0,0,0,0,0,0,0,0,0,1,4,4,4,4,3,0,0,5,"mfeat-pixel","att60",0.9
0,0,0,0,0,0,0,1,5,6,6,2,0,0,0,0,0,0,0,0,0,0,3,6,6,6,1,0,0,0,0,0,0,0,0,0,0,6,6,6,5,0,0,0,0,0,0,0,0,0,0,4,6,6,6,1,0,0,0,0.91,0,0,0,0,0,2,6,6,5,1,0,0,0,0,0,0,0,0,0,2,6,6,6,0,0,0,0,0,0,0,0,0,0,3,6,6,6,4,0,3,3,0,0,0,0,0,0,2,6,6,6,3,0,3,6,6,5,0,0,0,0,2,6,6,6,2,0,0,3,6,6,4,0,0,0,1,5,6,6,3,0,0,0,5,6,6,3,0,0,0,6,6,6,6,2,2,2,5,6,6,6,4,2,2,1,6,6,6,6,6,6,6,6,6,6,6,6,6,6,6,5,6,6,6,6,6,6,6,6,6,6,6,6,6,6,0,2,2,2,2,2,4,5,6,6,6,6,2,2,1,0,0,0,0,0,0,0,3,6,6,6,6,2,0,0,0,0,0,0,0,0,0,1,4,4,4,2,0,0,0,5,"mfeat-pixel","att60",0.9
0,0,0,0,0,0,0,0,3,4,6,5,1,0,0,0,0,0,0,0,0,0,0,6,6,6,6,2,0,0,0,0,0,0,0,0,0,3,6,6,6,4,0,0,0,0,0,0,0,0,0,3,6,6,6,5,0,0,0,0.13,0,0,0,0,0,0,6,6,6,6,3,0,0,0,0,0,0,0,0,0,4,6,6,6,5,0,0,0,0,0,0,0,0,0,4,6,6,6,5,0,0,1,2,2,1,0,0,0,4,6,6,6,6,0,0,2,6,6,6,6,0,0,4,6,6,6,6,5,0,0,3,6,6,6,6,1,5,6,6,6,6,4,0,0,0,3,6,6,6,6,4,6,6,6,6,6,6,3,2,3,6,6,6,6,3,6,6,6,6,6,6,6,6,6,6,6,6,6,6,4,3,4,4,4,5,6,6,6,6,6,6,6,6,6,4,0,0,0,0,0,0,0,1,2,5,6,6,6,6,5,0,0,0,0,0,0,0,0,0,5,6,6,6,6,3,0,0,0,0,0,0,0,0,0,4,4,4,4,4,2,5,"mfeat-pixel","att60",0.9
0,0,0,0,0,0,0,3,6,5,0,0,0,0,0,0,0,0,0,0,0,4,6,6,6,0,0,0,0,0,0,0,0,0,0,2,6,6,6,5,0,0,0,0,0,0,0,0,0,0,6,6,6,5,1,0,0,0,0,1.87,0,0,0,0,1,6,6,6,1,0,0,0,0,0,0,0,0,0,1,5,6,6,6,0,0,0,0,0,0,0,0,0,1,5,6,6,5,1,0,0,0,0,0,0,0,0,0,3,6,6,6,0,0,0,0,0,1,4,4,1,0,0,3,6,6,2,0,0,0,0,1,6,6,6,4,0,1,6,6,6,0,0,0,0,0,1,6,6,6,4,1,6,6,6,6,0,0,0,0,0,0,3,6,6,5,6,6,6,6,4,0,0,0,0,0,0,4,6,6,3,6,6,6,6,6,4,4,4,4,4,5,6,6,6,6,6,6,6,6,6,6,6,6,6,6,6,6,6,6,4,1,4,4,4,4,4,4,4,4,4,5,6,6,6,6,0,0,0,0,0,0,0,0,0,0,0,2,4,4,4,5,"mfeat-pixel","att60",0.9
0,0,0,0,0,0,0,1,5,6,5,0,0,0,0,0,0,0,0,0,0,0,4,6,6,5,0,0,0,0,0,0,0,0,0,0,2,6,6,6,3,0,0,0,0,0,0,0,0,0,0,4,6,6,6,3,0,0,0,-2.04,0,0,0,0,0,2,6,6,6,5,0,0,0,0,0,0,0,0,0,0,3,6,6,5,0,0,0,0,0,0,0,0,0,0,1,6,6,6,0,0,0,0,0,0,0,0,0,0,1,6,6,6,6,0,0,0,3,6,5,1,0,0,0,3,6,6,6,3,0,0,0,6,6,6,4,0,0,0,5,6,6,3,0,0,0,0,2,6,6,6,0,0,5,6,6,6,0,0,0,0,0,0,6,6,6,0,5,6,6,6,6,3,0,0,0,0,4,6,6,3,3,6,6,6,6,6,6,6,6,6,6,6,6,6,4,5,6,6,6,6,6,6,6,6,6,6,6,6,6,6,1,4,4,4,2,2,4,4,2,0,4,6,6,6,5,0,0,0,0,0,0,0,0,0,0,1,4,4,4,1,5,"mfeat-pixel","att60",0.9
0,5,6,6,6,2,0,0,0,0,0,0,0,0,0,0,6,6,6,6,3,0,0,0,0,0,0,0,0,0,0,6,6,6,6,3,0,0,0,0,0,0,0,0,0,2,6,6,6,5,1,0,0,0,0,0,0,0,0,2.36,6,6,6,6,0,0,0,0,0,0,0,0,0,0,0,6,6,6,6,0,0,0,0,0,0,0,0,0,0,0,6,6,6,6,0,0,0,0,0,0,0,0,0,0,0,6,6,6,6,0,0,0,0,0,0,0,0,0,0,0,6,6,6,6,5,0,0,0,1,4,4,3,0,0,0,3,6,6,6,6,1,0,0,6,6,6,6,1,0,0,5,6,6,6,6,4,0,1,6,6,6,6,5,1,0,4,6,6,6,6,6,6,6,6,6,6,6,6,6,1,0,3,5,6,6,6,4,6,6,6,6,6,6,6,3,0,0,0,1,2,0,0,0,2,5,6,6,6,6,1,0,0,0,0,0,0,0,0,0,3,6,6,6,6,3,0,0,0,0,0,0,0,0,0,1,4,4,4,4,1,5,"mfeat-pixel","att60",0.9
0,0,1,4,6,5,4,1,0,0,0,0,0,0,0,0,2,6,6,6,6,6,2,0,0,0,0,0,0,0,0,6,6,6,6,6,4,0,0,0,0,0,0,0,0,0,6,6,6,6,6,3,0,0,0,0,0,0,0,2.01,0,6,6,6,6,6,3,0,0,0,0,0,0,0,0,0,6,6,6,6,6,0,0,0,0,0,0,0,0,0,2,6,6,6,6,6,0,0,0,0,0,0,0,0,0,3,6,6,6,6,3,0,0,0,0,0,0,0,0,0,5,6,6,6,6,3,0,0,1,4,4,2,1,0,0,3,6,6,6,6,3,0,1,6,6,6,6,6,0,0,3,6,6,6,3,0,0,3,6,6,6,6,6,0,0,6,6,6,6,3,2,3,6,6,6,6,6,6,5,0,6,6,6,6,6,6,6,6,6,6,6,6,6,6,5,1,2,4,4,4,4,4,4,5,6,6,6,6,6,4,0,0,0,0,0,0,0,0,0,4,6,6,6,6,5,0,0,0,0,0,0,0,0,0,1,4,4,4,4,1,5,"mfeat-pixel","att60",0.9
0,0,0,0,0,0,3,6,6,5,0,0,0,0,0,0,0,0,0,0,4,6,6,6,4,0,0,0,0,0,0,0,0,0,0,6,6,6,6,5,0,0,0,0,0,0,0,0,0,0,6,6,6,6,2,0,0,0,0,-1.76,0,0,0,0,2,6,6,6,3,0,0,0,0,0,0,0,0,0,1,6,6,6,6,2,0,0,0,0,0,0,0,0,1,6,6,6,5,1,0,0,0,0,0,0,0,0,0,3,6,6,6,3,0,0,0,0,0,0,0,0,0,0,4,6,6,6,3,0,0,0,0,0,0,0,0,0,2,6,6,6,6,2,0,1,4,3,0,0,0,0,0,5,6,6,6,2,0,2,6,6,6,5,0,0,0,3,6,6,6,3,0,0,3,6,6,6,4,0,0,0,6,6,6,6,6,6,6,6,6,6,6,6,6,5,1,5,6,6,6,6,6,6,6,6,6,6,6,6,6,5,0,3,6,4,4,4,4,5,6,6,6,6,5,3,0,0,0,0,0,0,0,0,2,4,4,4,4,1,0,0,5,"mfeat-pixel","att60",0.9
0,0,0,0,3,6,4,1,0,0,0,0,0,0,0,0,0,0,3,6,6,6,6,2,0,0,0,0,0,0,0,0,0,6,6,6,6,4,1,0,0,0,0,0,0,0,0,0,6,6,6,3,0,0,0,0,0,0,0,0.44,0,0,4,6,6,6,4,1,0,0,0,0,0,0,0,0,1,6,6,6,6,6,5,0,0,0,0,0,0,0,0,5,6,6,6,6,6,1,0,0,0,0,0,0,0,2,6,6,6,6,6,6,0,0,0,0,1,4,3,1,6,6,6,6,6,6,2,0,0,0,3,6,6,6,6,6,6,6,6,6,6,1,0,0,1,6,6,6,6,6,6,6,6,6,6,6,6,6,6,6,6,6,6,6,6,6,6,6,6,6,6,6,6,6,6,6,6,6,6,3,1,4,4,5,6,6,5,4,6,6,6,6,6,3,0,0,0,0,0,0,0,0,0,6,6,6,6,6,6,0,0,0,0,0,0,0,0,0,5,6,6,6,6,5,0,0,0,0,0,0,0,0,0,0,3,4,4,3,0,0,5,"mfeat-pixel","att60",0.9
0,0,0,0,0,0,3,6,6,6,3,0,0,0,0,0,0,0,0,0,3,6,6,6,6,4,0,0,0,0,0,0,0,0,0,5,6,6,6,6,3,0,0,0,0,0,0,0,0,3,6,6,6,6,6,3,0,0,0,1.22,0,0,0,0,6,6,6,6,6,3,0,0,0,0,0,0,0,0,4,6,6,6,6,1,0,0,0,0,0,0,0,0,0,6,6,6,6,3,0,0,0,0,0,0,0,0,0,2,6,6,6,6,3,0,0,0,0,0,0,0,0,0,6,6,6,6,5,0,0,0,0,0,0,0,0,0,1,6,6,6,6,3,0,1,4,2,0,0,0,0,0,5,6,6,6,5,0,2,6,6,6,5,1,0,0,5,6,6,6,6,4,2,5,6,6,6,6,3,0,0,6,6,6,6,6,6,6,6,6,6,6,6,6,4,3,3,4,4,4,4,5,6,6,6,6,6,6,6,6,6,0,0,0,0,0,0,4,6,6,6,6,5,4,4,3,0,0,0,0,0,0,1,4,4,4,4,2,0,0,0,5,"mfeat-pixel","att60",0.9
0,0,0,0,3,4,1,0,0,0,0,0,0,0,0,0,0,0,4,6,6,6,0,0,0,0,0,0,0,0,0,0,5,6,6,6,6,0,0,0,0,0,0,0,0,0,0,6,6,6,6,6,1,0,0,0,0,0,0,-1.54,0,0,6,6,6,6,6,3,0,0,0,0,0,0,0,0,0,6,6,6,6,6,0,0,0,0,0,0,0,0,0,4,6,6,6,6,5,0,0,0,0,0,0,0,0,0,6,6,6,6,4,0,0,0,0,0,2,2,1,0,0,6,6,6,6,3,0,0,0,0,4,6,6,6,0,0,6,6,6,6,5,2,2,2,5,6,6,6,6,0,4,6,6,6,6,6,6,6,6,6,6,6,6,6,4,5,6,6,6,6,6,6,6,6,6,6,6,6,6,5,0,3,4,4,4,4,4,5,6,6,6,6,6,6,3,0,0,0,0,0,0,0,0,5,6,6,6,6,6,5,0,0,0,0,0,0,0,0,0,4,6,6,6,6,1,0,0,0,0,0,0,0,0,0,0,3,4,4,4,0,5,"mfeat-pixel","att60",0.9
0,0,0,0,3,6,5,0,0,0,0,0,0,0,0,0,0,0,5,6,6,6,0,0,0,0,0,0,0,0,0,0,0,6,6,6,6,0,0,0,0,0,0,0,0,0,0,0,6,6,6,6,0,0,0,0,0,0,0,-2.22,0,0,3,6,6,6,5,0,0,0,0,0,0,0,0,0,5,6,6,6,6,1,0,0,0,0,0,0,0,0,0,2,6,6,6,6,0,0,0,0,0,0,0,0,0,0,0,6,6,6,6,0,0,0,0,1,4,1,0,0,0,4,6,6,6,6,0,0,0,0,6,6,6,2,0,4,6,6,6,6,6,5,2,2,5,6,6,6,3,0,6,6,6,6,6,6,6,6,6,6,6,6,6,1,0,1,5,6,6,6,6,6,6,6,6,6,6,6,5,0,0,0,2,2,2,2,2,3,5,6,6,6,6,6,1,0,0,0,0,0,0,0,0,0,4,6,6,6,6,5,0,0,0,0,0,0,0,0,0,3,6,6,6,6,6,0,0,0,0,0,0,0,0,0,1,4,4,4,4,3,5,"mfeat-pixel","att60",0.9
0,0,0,0,0,1,4,6,4,1,0,0,0,0,0,0,0,0,0,0,3,6,6,6,3,0,0,0,0,0,0,0,0,0,3,6,6,6,6,3,0,0,0,0,0,0,0,0,0,6,6,6,6,6,3,0,0,0,0,-2.9,0,0,0,0,6,6,6,6,6,3,0,0,0,0,0,0,0,0,0,6,6,6,6,6,3,0,0,0,0,0,0,0,0,0,6,6,6,6,3,0,0,0,0,0,0,0,0,1,5,6,6,6,5,0,0,0,0,0,0,0,0,0,3,6,6,6,6,3,0,0,0,2,4,4,1,0,1,5,6,6,6,6,3,0,2,6,6,6,6,3,2,6,6,6,6,6,6,4,2,5,6,6,6,6,5,6,6,6,6,6,6,6,6,6,6,6,6,6,6,6,5,6,6,6,6,5,4,5,6,6,6,6,6,6,6,0,0,0,0,0,0,0,0,6,6,6,6,6,6,6,0,0,0,0,0,0,0,0,6,6,6,6,6,6,6,0,0,0,0,0,0,0,0,4,4,4,4,4,4,4,5,"mfeat-pixel","att60",0.9
0,0,0,0,0,0,3,4,4,4,4,0,0,0,0,0,0,0,0,0,4,6,6,6,5,1,0,0,0,0,0,0,0,0,0,6,6,6,6,3,0,0,0,0,0,0,0,0,1,5,6,6,6,6,3,0,0,0,0,1.18,0,0,0,3,6,6,6,6,6,1,0,0,0,0,0,0,0,0,3,6,6,6,6,5,0,0,0,0,0,0,0,0,0,3,6,6,6,4,0,0,0,0,0,0,0,0,0,3,6,6,6,6,3,0,0,0,0,0,0,0,0,0,6,6,6,6,6,2,0,0,0,0,0,0,0,0,2,6,6,6,6,1,0,0,0,2,2,2,1,0,0,3,6,6,6,6,0,0,0,5,6,6,6,6,0,0,5,6,6,6,6,1,0,1,6,6,6,6,6,0,2,6,6,6,6,6,6,6,6,6,6,6,6,6,2,2,6,6,6,6,6,6,6,6,6,6,6,6,6,1,0,0,0,0,0,0,0,2,5,6,6,6,6,5,0,0,0,0,0,0,0,0,0,0,3,4,4,3,0,0,5,"mfeat-pixel","att60",0.9
0,0,0,0,0,0,0,0,1,5,6,5,0,0,0,0,0,0,0,0,0,0,1,6,6,6,4,0,0,0,0,0,0,0,0,0,0,3,6,6,6,5,0,0,0,0,0,0,0,0,0,0,4,6,6,6,6,0,0,2.32,0,0,0,0,0,0,5,6,6,6,5,1,0,0,0,0,0,0,0,0,2,6,6,6,6,1,0,0,0,0,0,0,0,0,2,6,6,6,6,2,0,0,0,0,0,0,0,0,0,6,6,6,6,4,0,0,0,0,0,0,0,0,0,2,6,6,6,4,0,0,1,5,6,6,5,0,0,2,6,6,6,4,0,0,0,3,6,6,6,6,0,0,6,6,6,6,1,0,0,0,4,6,6,6,6,0,4,6,6,6,3,0,0,0,0,6,6,6,6,6,3,6,6,6,6,5,4,4,4,4,6,6,6,6,6,6,6,6,6,6,6,6,6,6,6,6,6,6,6,6,3,4,4,4,4,2,4,4,4,5,6,6,6,6,6,0,0,0,0,0,0,0,0,0,2,4,4,4,4,1,5,"mfeat-pixel","att60",0.9
0,0,0,0,3,5,6,6,2,0,0,0,0,0,0,0,0,0,0,6,6,6,6,6,0,0,0,0,0,0,0,0,0,0,6,6,6,6,4,0,0,0,0,0,0,0,0,0,1,6,6,6,6,3,0,0,0,0,0,-0.57,0,0,1,6,6,6,6,6,0,0,0,0,0,0,0,0,0,6,6,6,6,6,5,0,0,2,2,2,1,0,0,0,6,6,6,6,6,1,1,5,6,6,6,6,2,0,4,6,6,6,6,6,6,6,6,6,6,6,6,6,3,6,6,6,6,6,6,6,6,6,6,6,6,6,2,0,3,5,6,6,6,6,6,6,6,6,6,6,6,0,0,0,0,1,2,2,2,3,6,6,6,6,6,6,0,0,0,0,0,0,0,0,0,3,6,6,6,6,6,0,0,0,0,0,0,0,0,0,2,6,6,6,6,6,0,0,0,0,0,0,0,0,0,0,6,6,6,6,6,0,0,0,0,0,0,0,0,0,0,6,6,6,6,6,0,0,0,0,0,0,0,0,0,0,3,4,4,4,3,0,5,"mfeat-pixel","att60",0.9
0,0,0,1,5,6,6,3,0,0,0,0,0,0,0,0,0,0,3,6,6,6,6,0,0,0,0,0,0,0,0,0,0,4,6,6,6,6,0,0,0,0,0,0,0,0,0,0,6,6,6,6,2,0,0,0,0,0,0,-2.01,0,0,0,6,6,6,6,0,0,0,0,0,0,0,0,0,0,2,6,6,6,5,0,0,0,0,0,0,0,0,0,0,5,6,6,6,1,0,0,0,0,0,0,0,0,0,3,6,6,6,3,0,0,1,4,4,1,0,0,0,1,5,6,6,6,1,0,0,6,6,6,6,0,0,0,6,6,6,6,2,0,0,0,6,6,6,6,0,0,0,6,6,6,6,0,0,0,0,6,6,6,6,4,4,1,6,6,6,6,6,6,6,6,6,6,6,6,6,6,6,6,6,6,6,6,6,6,6,6,6,6,6,6,6,3,3,4,3,2,2,2,2,2,4,6,6,6,4,1,0,0,0,0,0,0,0,0,0,3,6,6,6,3,0,0,0,0,0,0,0,0,0,0,2,4,4,4,2,0,0,5,"mfeat-pixel","att60",0.9
0,0,0,3,6,6,5,0,0,0,0,0,0,0,0,0,0,4,6,6,6,5,0,0,0,0,0,0,0,0,0,0,6,6,6,6,1,0,0,0,0,0,0,0,0,0,0,6,6,6,6,0,0,0,0,0,0,0,0,5.19,0,0,6,6,6,6,0,0,0,0,0,0,0,0,0,0,0,6,6,6,6,0,0,0,0,0,1,1,0,0,0,0,6,6,6,4,0,0,0,0,0,6,6,5,1,0,4,6,6,6,0,0,0,0,0,2,6,6,6,3,2,6,6,6,6,3,2,4,1,1,6,6,6,6,2,6,6,6,6,6,6,6,6,6,6,6,6,6,6,0,6,6,6,6,6,6,6,6,6,6,6,6,6,6,0,5,6,5,3,2,0,0,0,2,3,6,6,6,6,4,0,0,0,0,0,0,0,0,0,0,6,6,6,6,5,0,0,0,0,0,0,0,0,0,0,6,6,6,6,4,0,0,0,0,0,0,0,0,0,0,6,6,6,6,6,0,0,0,0,0,0,0,0,0,0,3,4,4,4,3,5,"mfeat-pixel","att60",0.9
0,0,0,3,4,5,6,6,6,5,4,4,3,0,0,0,0,0,6,6,6,6,6,6,6,6,6,6,2,0,0,0,4,6,6,6,6,4,0,1,2,0,0,0,0,0,0,6,6,6,6,6,4,0,0,0,0,0,0,1.09,0,0,6,6,6,6,6,6,6,6,6,6,4,4,1,0,0,2,6,6,6,6,6,6,6,6,6,6,6,5,0,0,0,5,6,6,4,2,2,1,1,6,6,6,6,0,0,0,0,0,0,0,0,0,0,0,6,6,6,6,0,0,0,0,0,0,0,0,0,0,2,6,6,6,6,0,0,0,2,0,0,0,0,0,0,1,6,6,6,5,0,0,5,6,6,6,2,0,0,0,1,6,6,6,3,0,2,6,6,6,6,1,0,0,0,6,6,6,5,0,1,6,6,6,6,3,0,0,0,4,6,6,6,3,0,5,6,6,6,6,5,2,2,3,6,6,6,6,0,0,4,6,6,6,6,6,6,6,6,6,6,6,6,0,0,0,3,4,4,4,4,4,4,4,4,4,4,3,0,0,6,"mfeat-pixel","att60",0.9
0,0,3,4,2,0,0,0,0,0,0,0,1,4,1,0,0,6,6,6,6,6,6,6,6,6,6,6,6,5,0,0,6,6,6,6,6,6,6,6,6,6,6,6,3,0,0,6,6,6,6,6,6,6,6,5,1,0,0,0.66,0,1,6,6,6,6,6,6,6,6,4,0,0,0,0,0,3,6,6,6,6,6,6,6,6,6,2,0,0,0,0,2,6,6,5,1,0,4,6,6,6,3,0,0,0,0,0,1,2,0,0,0,3,6,6,6,6,1,0,0,0,0,0,0,0,0,0,4,6,6,6,6,3,0,0,0,0,0,0,0,0,0,6,6,6,6,6,3,0,0,0,0,0,0,0,0,0,4,6,6,6,6,3,0,0,0,1,2,2,1,0,3,6,6,6,6,6,3,0,0,2,6,6,6,6,6,6,6,6,6,6,6,3,0,0,2,6,6,6,6,6,6,6,6,6,6,4,1,0,0,0,4,6,6,6,6,6,6,6,6,2,0,0,0,0,0,1,4,4,4,4,4,4,4,1,0,0,0,0,0,6,"mfeat-pixel","att60",0.9
0,3,4,5,6,6,6,6,6,5,4,4,3,1,0,5,6,6,6,6,6,6,6,6,6,6,6,6,6,5,3,6,6,6,6,6,6,6,6,6,6,6,6,6,5,3,6,6,6,4,0,0,1,3,4,2,2,2,1,-2.82,1,6,6,6,4,0,0,0,0,0,0,0,0,0,0,3,6,6,6,6,6,6,6,6,6,6,5,3,0,0,5,6,6,6,6,6,6,6,6,6,6,6,6,5,0,5,6,6,6,6,5,2,2,2,5,6,6,6,6,3,1,5,5,4,4,1,0,0,0,1,6,6,6,6,1,0,0,0,0,0,0,0,0,0,0,3,6,6,6,1,0,0,0,0,0,0,0,0,0,0,5,6,6,6,3,0,0,0,0,0,0,0,0,0,3,6,6,6,6,1,0,0,0,0,0,0,1,3,4,6,6,6,6,2,0,1,5,6,6,6,6,6,6,6,6,6,6,3,0,0,6,6,6,6,6,6,6,6,6,6,3,1,0,0,0,3,4,4,4,2,0,0,0,0,0,0,0,0,0,0,6,"mfeat-pixel","att60",0.9
0,3,6,6,6,6,6,6,6,6,6,6,5,0,0,2,6,6,6,6,6,6,6,6,6,6,6,6,0,0,3,6,6,6,6,6,4,2,2,3,4,3,1,0,0,1,6,6,6,5,1,0,0,0,0,0,0,0,0,1.15,5,6,6,6,5,2,2,2,2,1,0,0,0,0,0,6,6,6,6,6,6,6,6,6,6,6,2,0,0,0,6,6,6,6,6,6,6,6,6,6,6,6,3,0,0,5,6,6,6,6,4,0,1,5,6,6,6,6,5,0,1,6,6,6,6,3,0,0,0,3,6,6,6,6,2,0,6,6,6,6,3,0,0,0,0,4,6,6,6,6,0,6,6,6,6,2,0,0,0,0,3,6,6,6,6,0,1,2,2,1,0,0,0,0,0,3,6,6,6,2,0,1,4,3,1,0,0,0,0,1,5,6,6,6,0,2,6,6,6,6,4,4,4,4,6,6,6,6,2,0,2,6,6,6,6,6,6,6,6,6,6,4,1,0,0,0,3,4,4,4,4,4,4,4,2,0,0,0,0,0,6,"mfeat-pixel","att60",0.9
0,0,0,1,4,4,2,2,4,4,4,5,6,6,5,0,0,1,6,6,6,6,6,6,6,4,6,6,4,3,0,0,3,6,6,6,6,6,3,0,0,0,0,0,0,0,0,5,6,6,6,6,1,0,0,0,0,0,0,-0.09,0,4,6,6,6,6,6,3,2,1,0,0,0,0,0,0,6,6,6,6,6,6,6,6,6,5,2,0,0,0,0,3,5,6,6,5,4,4,5,6,6,6,5,0,0,0,0,0,0,0,0,0,0,0,4,6,6,6,4,0,0,0,0,0,0,0,0,0,0,0,5,6,6,5,0,0,0,0,0,0,0,0,0,0,0,5,6,6,3,0,0,0,0,0,0,0,0,0,0,3,6,6,6,5,0,0,0,0,0,0,0,0,0,0,4,6,6,6,2,0,0,0,0,0,0,0,0,0,2,6,6,6,3,0,0,0,0,0,0,0,0,2,3,6,6,6,5,0,0,0,0,3,4,4,4,6,6,6,6,6,6,1,0,0,0,0,4,4,4,4,4,4,4,4,4,1,0,0,0,0,6,"mfeat-pixel","att60",0.9
3,4,4,5,6,6,6,6,6,6,4,2,0,0,0,6,6,6,6,6,6,6,6,5,3,2,1,0,0,0,6,6,6,6,6,1,0,0,0,0,0,0,0,0,0,5,6,6,6,6,1,0,0,0,0,0,0,0,0,-2.35,1,6,6,6,6,6,6,6,6,6,4,4,3,0,0,0,6,6,6,6,6,6,6,6,6,6,6,6,4,0,0,6,6,6,6,6,3,1,1,6,6,6,6,6,0,0,6,6,6,6,6,0,0,0,6,6,6,6,6,0,0,5,6,6,6,6,0,0,0,4,6,6,6,6,0,0,0,3,4,4,3,0,0,0,0,6,6,6,6,0,0,0,0,0,0,0,0,0,0,0,6,6,6,6,1,0,0,0,0,0,0,0,0,0,0,6,6,6,6,5,0,0,0,1,2,2,0,0,0,2,6,6,6,6,4,0,0,2,6,6,6,6,3,3,6,6,6,6,6,0,0,0,0,4,6,6,6,6,6,6,6,6,6,4,0,0,0,0,1,4,4,4,4,4,4,4,4,3,0,0,6,"mfeat-pixel","att60",0.9
0,3,4,4,4,6,6,6,6,6,6,6,3,0,0,2,6,6,6,6,5,4,5,6,6,6,6,6,5,0,2,6,6,6,6,0,0,0,1,2,2,2,2,1,0,0,6,6,6,6,2,0,0,0,0,0,0,0,0,1.08,0,5,6,6,6,6,3,0,2,2,2,2,0,0,0,0,1,6,6,6,6,6,6,6,6,6,6,6,3,0,0,1,6,6,6,6,6,6,6,6,6,6,6,6,0,0,5,6,6,6,6,6,5,2,5,6,6,6,6,0,0,1,5,6,6,6,6,0,0,0,6,6,6,6,2,0,0,0,3,4,4,3,0,0,3,6,6,6,5,1,0,0,0,0,0,0,0,1,5,6,6,6,6,3,0,0,0,0,0,0,0,0,5,6,6,6,6,3,0,0,0,0,0,0,0,0,5,6,6,6,6,2,0,0,0,0,0,0,0,0,5,6,6,6,6,4,0,0,0,0,0,0,0,0,2,6,6,6,6,5,0,0,0,0,0,0,0,0,0,2,4,4,4,4,1,0,0,0,0,0,6,"mfeat-pixel","att60",0.9
3,6,6,6,6,6,6,6,6,6,5,5,6,3,0,6,6,6,6,6,6,4,5,6,6,6,6,6,6,2,6,6,6,6,5,1,0,0,1,2,2,2,2,1,0,6,6,6,6,3,0,0,0,0,0,0,0,0,0,0.17,6,6,6,6,4,0,0,2,2,2,3,3,2,0,0,6,6,6,6,6,6,6,6,6,6,6,6,6,3,0,6,6,6,6,6,6,6,6,6,6,6,6,6,6,0,6,6,6,6,6,5,3,3,6,6,6,6,6,5,0,5,5,3,1,0,0,0,0,6,6,6,6,6,1,0,0,0,0,0,0,0,0,4,6,6,6,5,1,0,0,0,0,0,0,0,1,5,6,6,6,6,2,0,0,0,0,0,0,0,3,6,6,6,6,6,2,0,0,0,0,0,0,0,3,6,6,6,6,5,1,0,0,0,0,0,0,0,3,6,6,6,6,4,0,0,0,0,0,0,0,1,3,6,6,6,6,3,0,0,0,0,0,0,0,0,4,4,4,4,4,1,0,0,0,0,0,0,0,0,0,6,"mfeat-pixel","att60",0.9
0,0,0,1,3,4,4,5,5,4,4,3,0,0,0,0,3,4,6,6,6,6,6,6,6,6,6,5,0,0,3,6,6,6,6,6,5,2,2,2,2,2,1,0,0,2,6,6,6,6,4,0,0,0,0,0,0,0,0,-0.58,0,6,6,6,6,6,3,2,3,4,4,4,4,1,0,0,6,6,6,6,6,6,6,6,6,6,6,6,6,0,0,6,6,6,6,6,6,6,4,6,6,6,6,6,3,0,6,6,6,6,6,5,1,0,3,6,6,6,6,2,0,4,6,6,5,3,0,0,1,5,6,6,6,4,0,0,0,3,3,0,0,0,1,5,6,6,6,6,0,0,0,0,0,0,0,0,1,6,6,6,6,6,2,0,0,0,0,0,0,0,1,6,6,6,6,6,3,0,0,0,0,0,0,0,1,5,6,6,6,6,1,0,0,0,0,0,0,0,2,6,6,6,6,6,6,3,0,0,0,0,0,0,0,3,6,6,6,6,6,4,0,0,0,0,0,0,0,0,0,3,4,4,4,4,1,0,0,0,0,0,6,"mfeat-pixel","att60",0.9
3,6,5,4,6,6,6,6,6,6,6,2,0,0,0,6,6,6,6,6,6,6,6,6,4,2,1,0,0,0,6,6,6,6,1,0,0,0,0,0,0,0,0,0,0,6,6,6,6,3,2,2,2,2,2,1,0,0,0,-0.89,6,6,6,6,6,6,6,6,6,6,6,3,1,0,0,6,6,6,6,6,6,6,6,6,6,6,6,6,5,0,6,6,6,6,6,6,6,5,4,6,6,6,6,6,0,6,6,6,6,6,5,1,0,0,3,6,6,6,6,2,6,6,6,6,6,3,0,0,0,1,5,6,6,6,6,1,2,2,2,2,0,0,0,0,0,0,6,6,6,6,0,0,0,0,0,0,0,0,0,0,5,6,6,6,6,0,0,0,0,0,0,0,0,0,0,1,6,6,6,6,0,0,0,0,0,0,0,0,0,0,1,6,6,6,6,3,4,4,4,4,4,3,1,0,3,6,6,6,6,6,4,6,6,6,6,6,6,6,6,6,6,6,6,6,5,0,3,4,4,4,4,4,4,4,4,4,4,2,0,0,6,"mfeat-pixel","att60",0.9
0,3,6,6,6,6,6,6,6,6,6,4,0,0,0,3,6,6,6,6,4,4,4,4,4,4,2,0,0,0,0,6,6,6,4,0,0,0,0,0,0,0,0,0,0,0,6,6,6,6,0,0,0,0,0,0,0,0,0,0.77,0,4,6,6,6,3,2,4,4,4,4,2,0,0,0,0,5,6,6,6,6,6,6,6,6,6,6,5,1,0,1,6,6,6,6,6,6,4,2,3,6,6,6,6,1,3,6,6,6,6,3,1,0,0,0,4,6,6,6,3,3,6,6,3,0,0,0,0,0,1,5,6,6,6,2,0,2,1,0,0,0,0,0,1,5,6,6,6,2,0,0,0,0,0,0,0,0,1,5,6,6,6,3,0,0,0,0,0,0,0,0,0,5,6,6,5,1,0,0,0,0,0,0,0,0,1,5,6,6,3,0,0,0,0,0,0,0,0,0,5,6,6,6,3,0,0,0,0,0,0,0,0,0,4,6,6,6,3,0,0,0,0,0,0,0,0,0,0,3,4,4,3,0,0,0,0,0,0,0,0,6,"mfeat-pixel","att60",0.9
0,0,0,0,3,4,4,4,4,5,6,6,6,3,0,0,0,0,3,6,6,6,6,6,6,6,6,6,6,2,0,3,5,6,6,6,6,6,6,6,6,5,2,1,0,4,6,6,6,6,5,2,2,0,0,0,0,0,0,-2.56,4,6,6,6,6,3,0,0,0,0,0,0,0,0,0,0,6,6,6,6,5,2,4,6,6,5,3,1,0,0,0,6,6,6,6,6,6,6,6,6,6,6,6,1,0,0,6,6,6,6,6,6,6,6,6,6,6,6,5,0,0,6,6,6,6,6,5,4,6,6,6,6,6,6,2,0,6,6,6,6,4,0,0,1,5,6,6,6,6,6,0,1,2,2,2,0,0,0,0,0,4,6,6,6,3,0,0,0,0,0,0,0,0,0,3,6,6,6,6,2,0,0,0,0,0,0,0,0,2,6,6,6,6,4,0,0,0,0,1,4,4,4,4,6,6,6,6,6,0,0,0,0,3,6,6,6,6,6,6,6,6,5,1,0,0,0,0,4,4,4,4,4,4,4,2,0,0,0,0,0,6,"mfeat-pixel","att60",0.9
0,0,0,3,6,6,5,4,4,4,4,4,4,3,0,0,0,0,6,6,6,6,6,6,6,6,6,6,6,3,0,0,1,6,6,6,5,2,1,1,2,2,2,2,0,0,0,5,6,6,6,3,0,0,0,0,0,0,0,-0.81,0,0,6,6,6,6,5,1,0,0,0,0,0,0,0,0,4,6,6,6,6,6,6,6,5,1,0,0,0,0,0,6,6,6,6,6,6,6,6,6,6,5,3,0,0,0,1,4,4,2,2,2,2,3,6,6,6,6,4,0,0,0,0,0,0,0,0,0,0,3,6,6,6,6,0,0,0,0,0,0,0,0,0,0,3,6,6,6,6,0,0,0,0,0,0,0,0,0,0,3,6,6,6,4,0,0,0,0,0,0,0,0,0,0,0,4,6,6,4,0,0,0,0,0,0,0,0,0,0,0,6,6,6,4,0,0,0,0,0,0,0,0,0,1,5,6,6,6,2,0,1,5,6,6,6,6,6,6,6,6,6,5,1,0,0,1,4,4,4,4,4,4,4,4,4,3,0,0,0,0,6,"mfeat-pixel","att60",0.9
1,2,3,4,5,6,6,6,6,6,6,6,6,3,0,6,6,6,6,6,6,6,6,6,6,6,6,6,6,3,6,6,6,6,5,2,2,2,2,2,2,2,2,2,0,6,6,6,6,4,0,0,0,0,0,0,0,0,0,-2.68,6,6,6,6,6,5,4,3,1,0,0,0,0,0,0,6,6,6,6,6,6,6,6,6,6,6,6,5,0,0,6,6,6,6,6,6,6,6,6,6,6,6,6,4,0,6,6,6,5,1,0,0,3,5,6,6,6,6,6,0,3,4,4,1,0,0,0,0,0,4,6,6,6,6,0,0,0,0,0,0,0,0,0,0,2,6,6,6,6,0,0,0,0,0,0,0,0,0,0,0,6,6,6,5,0,0,0,0,0,0,0,0,0,0,3,6,6,6,3,0,0,0,0,0,0,0,0,0,0,4,6,6,6,3,0,1,5,6,6,6,4,2,3,5,6,6,6,6,3,0,5,6,6,6,6,6,6,6,6,6,6,6,5,0,0,0,3,4,4,4,4,4,4,4,4,4,2,0,0,0,6,"mfeat-pixel","att60",0.9
0,0,3,5,6,4,4,4,4,6,6,5,4,3,0,0,0,6,6,6,6,6,6,6,6,6,6,6,5,0,0,0,6,6,5,1,0,0,0,0,0,0,0,0,0,0,0,6,6,5,1,0,0,0,0,0,0,0,0,-0.34,0,1,6,6,6,6,6,4,2,2,0,0,0,0,0,0,5,6,6,6,6,6,6,6,6,6,4,1,0,0,0,6,6,6,6,3,2,5,6,6,6,6,6,0,0,0,3,4,4,3,0,0,0,3,6,6,6,6,0,0,0,0,0,0,0,0,0,0,0,6,6,6,6,0,0,0,0,0,0,0,0,0,0,0,6,6,6,6,2,0,0,0,0,0,0,0,0,0,0,6,6,6,6,6,0,0,0,0,0,0,0,0,0,0,6,6,6,6,6,0,5,6,6,2,0,0,0,0,0,6,6,6,6,6,0,6,6,6,6,3,1,0,0,1,6,6,6,6,6,0,5,6,6,6,6,6,6,6,6,6,6,6,6,5,0,0,3,4,4,4,4,4,4,4,4,4,4,3,0,0,6,"mfeat-pixel","att60",0.9
0,0,0,1,2,2,4,4,4,4,4,5,6,6,5,0,3,4,6,6,6,6,6,6,6,6,6,6,6,5,2,6,6,6,6,4,4,4,4,4,4,4,3,1,0,6,6,6,6,4,0,0,0,0,0,0,0,0,0,-2,4,6,6,6,6,6,5,4,5,6,6,6,6,5,1,3,6,6,6,6,6,6,6,6,6,6,6,6,6,3,4,6,6,6,6,6,6,6,6,6,6,6,6,6,3,3,5,6,6,6,5,2,2,5,6,6,6,6,6,3,0,0,1,2,2,0,0,0,4,6,6,6,6,6,3,0,0,0,0,0,0,0,4,6,6,6,6,6,6,0,0,0,0,0,0,0,1,6,6,6,6,6,6,2,0,0,0,0,0,0,3,6,6,6,6,6,6,5,0,0,0,0,0,2,5,6,6,6,6,6,5,1,0,0,0,0,1,5,6,6,6,6,6,6,3,0,0,0,0,0,0,5,6,6,6,6,5,1,0,0,0,0,0,0,0,0,4,4,4,4,2,0,0,0,0,0,0,0,0,0,6,"mfeat-pixel","att60",0.9
0,0,3,4,4,4,4,4,4,6,6,5,4,3,0,0,2,6,6,6,6,6,6,6,6,6,6,6,6,2,0,6,6,6,6,6,4,4,4,6,4,4,3,1,0,0,6,6,6,6,1,0,0,0,0,0,0,0,0,0.73,0,6,6,6,6,5,2,2,2,2,2,0,0,0,0,0,6,6,6,6,6,6,6,6,6,6,6,3,0,0,0,6,6,6,6,6,6,6,6,6,6,6,6,5,0,0,6,6,6,6,6,6,4,2,3,6,6,6,6,4,0,6,6,6,6,6,1,0,0,0,6,6,6,6,6,0,5,6,6,6,3,0,0,0,0,6,6,6,6,6,0,0,0,0,0,0,0,0,0,0,6,6,6,6,4,0,0,0,0,0,0,0,0,0,3,6,6,6,6,0,0,0,0,0,0,0,0,2,5,6,6,6,6,2,0,2,6,6,6,6,4,6,6,6,6,6,6,5,0,0,1,5,6,6,6,6,6,6,6,6,6,3,0,0,0,0,0,3,4,4,4,4,4,4,3,1,0,0,0,0,6,"mfeat-pixel","att60",0.9
5,6,6,6,6,6,6,6,6,6,4,4,3,0,0,6,6,6,6,6,5,4,4,4,4,4,4,3,0,0,6,6,6,6,6,0,0,0,0,0,0,0,0,0,0,3,6,6,6,6,3,2,2,1,0,0,0,0,0,-0.32,3,6,6,6,6,6,6,6,6,5,4,4,3,0,0,2,6,6,6,6,6,6,6,6,6,6,6,6,4,0,1,6,6,6,6,6,6,2,0,4,6,6,6,6,0,5,6,6,6,6,1,0,0,0,0,6,6,6,6,0,6,6,6,6,5,0,0,0,0,0,6,6,6,6,0,5,6,4,0,0,0,0,0,0,1,6,6,6,6,0,0,3,1,0,0,0,0,0,0,3,6,6,6,4,0,0,0,0,0,0,0,0,0,0,1,6,6,6,5,0,0,0,0,0,0,0,0,0,0,0,3,6,6,6,3,0,2,6,6,3,0,0,0,0,0,6,6,6,6,2,0,0,2,5,6,5,1,0,1,5,6,6,6,5,0,0,0,0,2,4,4,4,4,4,4,4,4,3,0,0,6,"mfeat-pixel","att60",0.9
0,2,4,3,2,2,2,2,2,2,4,3,1,0,0,0,4,6,6,6,6,4,5,6,4,6,5,2,0,0,0,6,6,6,6,1,0,0,0,0,0,0,0,0,0,1,6,6,6,6,1,0,0,0,0,0,0,0,0,0.97,2,6,6,6,6,6,4,4,4,4,4,4,4,1,0,0,6,6,6,6,6,6,6,6,6,6,6,6,6,1,0,6,6,6,6,5,1,0,1,5,6,6,6,6,3,0,3,6,6,3,0,0,0,0,2,6,6,6,6,3,0,0,0,0,0,0,0,0,0,0,4,6,6,6,1,0,0,0,0,0,0,0,0,0,0,5,6,6,6,2,0,0,3,4,4,4,1,0,0,0,4,6,6,6,1,0,0,4,6,6,6,6,0,0,0,5,6,6,6,2,0,0,3,6,6,6,6,0,0,0,4,6,6,6,3,0,0,4,6,6,6,6,3,0,1,5,6,6,6,3,0,2,6,6,6,6,6,6,6,6,6,6,6,6,3,0,1,4,4,4,4,4,4,4,4,4,4,4,4,1,6,"mfeat-pixel","att60",0.9
0,3,4,4,4,6,6,6,6,4,4,1,0,0,0,5,6,6,6,6,6,6,6,6,5,4,3,0,0,0,6,6,6,3,2,2,2,2,1,0,0,0,0,0,0,6,6,6,2,0,0,1,3,4,4,4,4,4,1,-0.55,6,6,6,6,4,5,6,6,6,6,6,6,6,6,1,6,6,6,6,6,6,6,6,4,6,6,6,6,6,3,6,6,6,6,6,6,4,1,0,3,6,6,6,5,0,5,6,6,5,3,1,0,0,1,6,6,6,6,3,0,0,0,0,0,0,0,0,2,6,6,6,6,6,3,0,0,0,0,0,0,0,0,3,6,6,6,6,6,1,0,0,0,0,0,0,0,3,6,6,6,6,4,1,0,0,0,0,0,0,2,5,6,6,6,4,0,0,0,0,0,0,0,0,3,6,6,6,6,6,2,0,0,0,0,0,0,0,0,6,6,6,6,6,6,0,0,0,0,0,0,0,0,3,6,6,6,6,6,4,0,0,0,0,0,0,0,0,4,4,4,4,4,4,1,0,0,0,0,0,0,6,"mfeat-pixel","att60",0.9
0,0,0,1,5,6,6,6,6,6,6,5,1,0,0,0,0,0,3,6,6,6,6,6,6,6,4,1,0,0,0,0,1,5,6,6,5,3,1,0,0,0,0,0,0,0,0,6,6,6,6,0,0,0,0,0,0,0,0,-0.06,0,1,6,6,6,3,0,0,0,0,0,0,0,0,0,0,5,6,6,6,1,0,0,0,0,0,0,0,0,0,4,6,6,6,6,6,4,2,2,0,0,0,0,0,0,6,6,6,6,6,6,6,6,6,6,4,3,1,0,0,1,2,4,3,2,3,4,5,6,6,6,6,6,2,0,0,0,0,0,0,0,0,0,1,5,6,6,6,4,0,0,0,0,0,0,0,0,0,0,0,5,6,6,6,0,0,0,0,0,0,0,0,0,0,0,2,6,6,6,1,0,0,0,0,0,0,0,0,0,0,1,6,6,6,5,0,0,0,0,0,0,1,3,4,4,6,6,6,6,6,0,0,1,4,6,6,6,6,6,6,6,6,6,6,5,0,0,1,4,4,4,4,4,4,4,4,4,4,3,0,6,"mfeat-pixel","att60",0.9
0,3,4,4,6,5,4,4,4,5,6,6,3,0,0,5,6,6,6,6,6,6,6,6,6,6,6,5,0,0,5,6,6,6,3,2,2,2,2,2,2,2,0,0,0,0,3,6,6,0,0,0,0,0,0,0,0,0,0,-2.75,0,2,6,6,3,2,2,2,2,0,0,0,0,0,0,0,6,6,6,6,6,6,6,6,6,3,0,0,0,0,0,6,6,6,6,6,6,6,6,6,6,3,0,0,0,0,6,6,6,6,5,2,3,6,6,6,6,3,0,0,2,6,6,6,6,0,0,0,6,6,6,6,6,2,0,1,5,6,5,1,0,0,0,3,6,6,6,6,3,0,0,0,0,0,0,0,0,0,0,3,6,6,6,6,0,0,0,0,0,0,0,0,0,0,3,6,6,6,6,3,0,0,0,0,0,0,0,0,0,4,6,6,6,4,0,0,0,1,3,4,4,4,4,5,6,6,6,6,5,0,0,0,5,6,6,6,6,6,6,6,6,6,6,4,0,0,0,0,3,4,4,4,4,4,4,4,4,3,0,0,6,"mfeat-pixel","att60",0.9
0,1,3,4,4,5,6,6,6,6,6,6,6,5,0,2,6,6,6,6,6,6,6,6,6,6,6,6,5,0,1,6,6,6,4,0,0,0,0,0,0,0,0,0,0,0,6,6,6,4,0,0,0,0,0,0,0,0,0,1.58,0,6,6,6,6,5,4,4,6,6,6,6,6,3,0,0,6,6,6,6,6,6,6,6,6,6,6,6,6,5,0,6,6,6,6,6,6,5,1,0,4,6,6,6,6,0,6,6,6,6,5,2,0,0,0,4,6,6,6,5,0,6,6,6,5,1,0,0,0,3,6,6,6,5,0,0,3,4,2,0,0,0,0,5,6,6,6,5,0,0,0,0,0,0,0,0,0,3,6,6,6,3,0,0,0,0,0,0,0,0,3,6,6,6,6,2,0,0,0,0,0,0,0,0,4,6,6,6,6,3,0,0,0,0,0,0,0,0,4,6,6,6,6,4,1,0,0,0,0,0,0,0,5,6,6,6,5,1,0,0,0,0,0,0,0,0,0,4,4,4,2,0,0,0,0,0,0,0,0,0,6,"mfeat-pixel","att60",0.9
0,0,0,0,0,2,5,6,5,4,4,4,4,3,0,0,0,1,5,6,6,6,6,6,6,6,6,6,6,5,0,3,6,6,6,6,4,4,4,4,4,4,4,4,1,4,6,6,6,3,0,0,0,0,0,0,0,0,0,-1.94,5,6,6,4,0,0,0,0,0,0,0,0,0,0,0,1,6,6,6,6,4,2,2,0,0,0,0,0,0,0,0,6,6,6,6,6,6,6,6,4,3,0,0,0,0,0,6,6,6,6,6,6,6,6,6,6,5,1,0,0,2,6,6,6,6,6,6,6,6,6,6,6,5,1,0,1,5,6,6,6,4,0,4,6,6,6,6,6,3,0,0,0,1,2,2,0,0,0,5,6,6,6,6,6,0,0,0,0,0,0,0,0,0,2,6,6,6,6,6,4,0,0,0,1,2,2,0,0,3,6,6,6,6,6,6,0,1,5,6,6,6,6,6,6,6,6,6,6,3,1,0,5,6,6,6,6,6,6,6,6,6,6,2,0,0,0,0,3,4,4,4,4,4,4,4,4,3,0,0,0,6,"mfeat-pixel","att60",0.9
0,3,4,5,5,4,4,4,4,4,4,4,3,0,0,2,6,6,6,6,6,6,6,6,6,6,6,6,5,0,2,6,6,6,6,6,4,4,4,4,4,4,4,1,0,0,6,6,6,6,3,0,0,0,0,0,0,0,0,-0.21,0,6,6,6,6,5,2,2,2,2,2,2,2,0,0,0,6,6,6,6,6,6,6,6,6,6,6,6,5,1,0,5,6,6,6,6,6,6,6,6,6,6,6,6,5,0,1,6,6,6,6,6,3,0,3,6,6,6,6,4,0,0,5,6,5,4,3,0,0,1,6,6,6,5,3,0,0,0,0,0,0,0,0,5,6,6,6,3,0,0,0,0,0,0,0,0,1,5,6,6,6,3,0,0,0,0,0,0,0,0,3,6,6,6,6,5,0,0,0,0,0,0,0,0,0,6,6,6,6,6,1,0,0,0,0,0,0,0,1,3,6,6,6,5,1,0,0,0,0,0,0,0,0,5,6,6,6,6,0,0,0,0,0,0,0,0,0,0,2,4,4,4,3,0,0,0,0,0,0,0,6,"mfeat-pixel","att60",0.9
0,0,0,3,4,6,6,6,6,6,6,6,3,0,0,0,0,5,6,6,6,6,6,6,6,6,6,6,0,0,0,4,6,6,6,6,6,6,6,6,6,6,5,0,0,0,6,6,6,6,6,1,0,0,0,1,2,0,0,-0.92,0,3,6,6,6,6,5,1,0,0,0,0,0,0,0,0,3,6,6,6,6,6,6,6,6,4,3,0,0,0,0,5,6,6,6,6,6,6,6,6,6,6,5,0,0,0,6,6,6,6,6,6,6,6,6,6,6,6,4,0,0,6,6,6,6,6,1,0,1,6,6,6,6,6,0,4,6,6,6,5,1,0,0,0,2,6,6,6,6,4,3,4,3,1,0,0,0,0,0,1,6,6,6,6,4,0,0,0,0,0,0,0,0,1,6,6,6,6,4,0,0,0,0,1,2,1,0,1,6,6,6,6,6,2,0,0,0,5,6,6,6,6,6,6,6,6,5,1,0,0,0,3,6,6,6,6,6,6,6,6,5,0,0,0,0,0,0,3,4,4,4,4,4,3,1,0,0,0,0,0,6,"mfeat-pixel","att60",0.9
0,3,5,6,6,6,6,6,6,6,6,6,5,0,0,0,6,6,6,6,6,6,6,6,6,5,3,1,0,0,0,6,6,6,6,6,1,0,0,0,0,0,0,0,0,0,6,6,6,6,6,0,0,0,0,0,0,0,0,0.57,0,6,6,6,6,4,0,0,0,0,0,0,0,0,0,0,6,6,6,6,5,1,0,0,0,0,0,0,0,0,0,6,6,6,6,6,6,3,2,0,0,0,0,0,0,3,6,6,6,6,6,6,6,6,6,6,6,6,3,0,2,6,6,6,6,6,4,4,4,6,6,6,6,6,0,0,1,3,4,2,0,0,0,0,3,6,6,6,6,3,0,0,0,0,0,0,0,0,0,3,6,6,6,6,0,0,0,0,0,0,0,0,0,0,3,6,6,6,6,3,0,0,0,0,0,0,0,0,0,3,6,6,6,6,1,0,0,0,0,0,0,0,0,0,4,6,6,6,6,0,0,1,4,4,4,4,6,6,6,6,6,6,6,6,0,0,1,4,4,4,4,4,4,4,4,4,4,4,3,0,6,"mfeat-pixel","att60",0.9
0,0,0,3,5,6,2,0,0,0,0,0,0,0,0,0,0,4,6,6,6,3,0,0,0,0,0,0,0,0,3,5,6,6,6,5,1,0,0,0,0,0,0,0,0,6,6,6,6,3,0,0,0,0,0,0,0,0,0,0.72,6,6,6,5,2,5,6,5,3,2,0,0,0,0,0,6,6,6,6,6,6,6,6,6,6,4,0,0,0,0,4,6,6,6,6,6,6,6,6,6,6,5,0,0,0,0,3,6,6,6,6,5,2,3,6,6,6,5,1,0,0,0,6,6,6,6,0,0,0,3,6,6,6,5,1,0,0,2,6,6,6,3,0,0,0,1,6,6,6,3,0,0,0,6,6,6,1,0,0,0,0,5,6,6,3,0,0,0,1,4,1,0,0,0,0,0,0,4,6,5,0,0,0,0,0,0,0,0,0,0,0,0,6,6,6,0,0,0,0,0,0,0,0,3,6,4,5,6,6,4,0,0,0,0,0,0,0,0,4,6,6,6,6,5,1,0,0,0,0,0,0,0,0,0,4,4,4,3,0,0,6,"mfeat-pixel","att60",0.9
0,0,0,2,5,5,4,4,4,4,4,1,0,0,0,0,3,6,6,6,6,6,6,6,6,6,6,3,0,0,0,6,6,6,6,6,6,6,6,6,6,6,5,0,0,1,6,6,6,6,5,2,0,0,0,0,0,0,0,1.13,5,6,6,6,6,6,4,4,6,6,5,4,4,3,0,6,6,6,6,6,6,6,6,6,6,6,6,6,6,0,6,6,6,6,6,6,6,5,4,6,6,6,6,6,3,6,6,6,6,6,3,1,0,0,3,6,6,6,6,3,2,6,6,6,3,0,0,1,4,6,6,6,6,6,2,0,1,2,2,0,2,3,6,6,6,6,6,6,2,0,0,0,0,0,3,6,6,6,6,6,6,5,1,0,0,0,0,0,1,5,6,6,6,6,6,3,0,0,0,0,0,1,5,6,6,6,6,6,5,1,0,0,0,0,0,0,5,6,6,6,6,6,4,0,0,0,0,0,0,0,1,6,6,6,6,6,5,0,0,0,0,0,0,0,0,2,4,4,4,4,2,0,0,0,0,0,0,0,0,0,6,"mfeat-pixel","att60",0.9
0,0,0,0,0,0,0,0,0,0,2,4,4,3,0,0,5,6,6,6,6,6,6,6,6,6,6,6,6,3,0,6,6,6,6,6,6,4,4,5,6,6,6,5,1,3,6,6,6,6,5,1,0,0,0,0,0,0,0,-0.92,1,6,6,6,6,5,1,0,1,2,2,0,0,0,0,0,6,6,6,6,6,6,6,6,6,6,6,6,5,1,0,6,6,6,6,6,6,6,6,6,6,6,6,6,3,3,6,6,6,6,6,6,6,6,6,6,6,6,6,3,3,6,6,6,6,5,4,5,6,6,6,6,6,6,3,2,4,4,4,2,0,0,0,6,6,6,6,6,6,2,0,0,0,0,0,0,0,0,6,6,6,6,5,1,0,0,0,0,0,0,0,1,5,6,6,6,6,0,0,0,0,0,0,0,0,1,5,6,6,6,6,6,0,0,0,0,0,0,2,4,6,6,6,6,6,6,1,0,0,0,0,0,0,6,6,6,6,6,6,6,4,0,0,0,0,0,0,0,0,2,4,4,4,3,1,0,0,0,0,0,6,"mfeat-pixel","att60",0.9
0,0,0,5,6,4,4,4,4,4,6,4,4,1,0,0,0,3,6,6,6,6,6,6,6,6,6,6,6,3,0,0,3,6,6,6,3,3,4,4,2,2,2,3,3,1,3,6,6,6,3,0,0,0,0,0,0,0,0,1.02,6,6,6,6,6,3,1,0,0,0,0,0,0,0,0,6,6,6,6,6,6,6,4,2,2,0,0,0,0,0,3,4,4,4,4,4,6,6,6,6,5,1,0,0,0,0,0,0,0,0,0,1,5,6,6,6,5,1,0,0,0,0,0,0,0,0,0,0,1,6,6,6,4,0,0,0,0,0,0,0,0,0,0,0,6,6,6,6,0,0,0,0,0,0,0,0,0,0,0,6,6,6,6,1,0,0,0,0,0,0,0,0,0,1,6,6,6,6,1,0,0,0,0,0,0,0,0,0,3,6,6,6,3,0,0,0,0,1,4,2,2,3,4,6,6,6,5,1,0,0,0,0,3,6,6,6,6,6,6,6,5,0,0,0,0,0,0,0,3,4,4,4,4,3,1,0,0,0,0,0,6,"mfeat-pixel","att60",0.9
0,3,4,5,6,6,6,6,6,6,5,4,4,3,0,0,6,6,6,6,6,6,6,6,6,6,6,6,6,5,0,6,6,6,6,6,3,0,0,0,1,2,2,2,1,1,6,6,6,6,6,6,6,4,2,0,0,0,0,1.13,5,6,6,6,6,6,6,6,6,6,5,1,0,0,0,6,6,6,6,5,2,3,6,6,6,6,4,0,0,0,6,6,6,6,3,0,0,1,6,6,6,6,5,0,0,5,6,6,3,0,0,0,0,6,6,6,6,6,1,0,0,0,0,0,0,0,0,0,6,6,6,6,6,5,0,0,0,0,0,0,0,0,0,6,6,6,6,6,6,0,0,0,0,0,0,0,0,0,6,6,6,6,6,6,0,1,5,6,6,5,0,0,1,6,6,6,6,6,5,0,5,6,6,6,4,0,0,5,6,6,6,6,3,0,0,5,6,6,6,5,2,3,6,6,6,6,1,0,0,0,1,6,6,6,6,6,6,6,6,6,3,0,0,0,0,0,3,4,4,4,4,4,4,4,4,1,0,0,0,0,6,"mfeat-pixel","att60",0.9
0,0,3,4,6,6,6,6,6,6,6,6,6,5,0,1,5,6,6,6,6,6,6,6,6,6,6,5,1,0,6,6,6,6,6,6,6,6,6,6,6,6,1,0,0,2,6,6,6,6,6,6,6,6,6,6,6,6,5,0.03,0,6,6,6,6,6,6,6,6,6,6,6,6,6,6,1,6,6,6,6,6,6,5,2,5,6,6,6,6,6,3,6,6,6,6,6,3,0,0,3,6,6,6,6,4,0,3,6,4,4,1,0,0,1,5,6,6,6,5,0,0,0,0,0,0,0,1,5,6,6,6,6,6,1,0,0,0,0,0,0,3,6,6,6,6,6,6,1,0,0,0,0,0,0,5,6,6,6,6,6,5,1,0,0,0,0,0,0,4,6,6,6,6,5,1,0,0,0,0,0,0,1,5,6,6,6,6,3,0,0,0,0,0,0,0,0,3,6,6,6,6,5,0,0,0,0,0,0,0,0,2,6,6,6,6,3,0,0,0,0,0,0,0,0,0,0,3,4,3,1,0,0,0,0,0,0,0,0,0,0,6,"mfeat-pixel","att60",0.9
1,4,4,4,4,4,4,4,4,4,4,4,4,2,0,3,6,6,6,6,6,6,6,6,6,5,3,2,1,0,3,6,6,6,6,3,0,0,0,0,0,0,0,0,0,3,6,6,6,5,0,0,0,0,0,0,0,0,0,-0.37,3,6,6,6,5,1,1,3,4,2,0,0,0,0,0,3,6,6,6,6,6,6,6,6,6,6,4,4,2,0,3,6,6,6,6,6,6,6,6,6,6,6,6,3,0,3,6,6,6,6,6,6,6,6,6,6,6,6,6,1,1,4,6,6,5,3,1,0,3,6,6,6,6,6,3,0,0,0,0,0,0,0,0,0,4,6,6,6,6,3,0,0,0,0,0,0,0,0,0,3,6,6,6,6,3,0,0,0,0,0,0,0,0,0,0,6,6,6,6,3,0,0,0,0,0,0,0,0,0,0,6,6,6,6,3,0,0,3,6,6,4,2,2,2,5,6,6,6,5,1,0,3,6,6,6,6,6,6,6,6,6,5,2,0,0,0,1,2,2,2,2,2,4,2,2,1,0,0,0,0,6,"mfeat-pixel","att60",0.9
0,3,4,4,4,4,4,4,6,5,1,0,0,0,0,3,6,6,6,6,6,6,6,6,6,2,0,0,0,0,0,6,6,6,6,5,2,2,2,0,0,0,0,0,0,0,6,6,6,6,5,2,2,0,0,0,0,0,0,-1.07,0,6,6,6,6,6,6,6,6,6,4,2,2,0,0,1,6,6,6,6,6,4,6,6,6,6,6,6,2,0,3,6,6,6,6,3,0,3,6,6,6,6,6,0,0,1,6,6,6,6,1,0,1,6,6,6,6,6,0,0,0,3,4,4,1,0,0,0,6,6,6,6,6,0,0,0,0,0,0,0,0,0,0,3,6,6,6,6,2,0,0,0,0,0,0,0,0,0,0,3,6,6,6,6,0,0,0,0,0,0,0,0,0,0,3,6,6,6,6,0,0,0,3,4,2,0,0,0,0,3,6,6,6,6,0,0,3,6,6,6,5,4,4,2,5,6,6,6,6,0,0,0,5,6,6,6,6,6,6,6,6,6,6,4,0,0,0,0,2,4,4,4,4,4,4,4,4,3,0,0,6,"mfeat-pixel","att60",0.9
0,2,2,2,2,2,2,2,2,4,2,2,2,1,0,2,6,6,6,6,6,6,6,6,6,6,6,6,3,0,3,6,6,6,6,6,5,4,4,4,4,4,3,0,0,3,6,6,6,6,6,0,0,0,0,0,0,0,0,-0.78,3,6,6,6,6,6,5,4,4,3,1,0,0,0,0,3,6,6,6,6,6,6,6,6,6,6,6,4,0,0,3,6,6,6,6,6,6,6,6,6,6,6,6,2,0,3,6,6,6,5,3,2,4,6,6,6,6,6,5,0,2,4,4,2,0,0,0,0,1,5,6,6,6,5,0,0,0,0,0,0,0,0,0,0,4,6,6,6,3,0,0,0,0,0,0,0,0,0,5,6,6,6,6,3,0,0,0,0,0,0,0,0,0,6,6,6,6,6,3,0,0,0,0,0,0,0,0,1,6,6,6,6,6,2,0,0,2,1,0,0,1,3,6,6,6,6,5,1,0,0,2,6,6,6,6,6,6,6,6,6,5,0,0,0,0,0,3,4,4,4,4,2,2,2,1,0,0,0,0,0,6,"mfeat-pixel","att60",0.9
0,0,3,4,4,6,6,6,6,6,6,6,6,2,0,0,4,6,6,6,6,6,6,6,5,3,2,2,0,0,0,6,6,6,6,4,0,0,0,0,0,0,0,0,0,0,3,6,6,6,5,1,0,0,0,0,0,0,0,-0.49,0,5,6,6,6,6,6,6,6,6,4,1,0,0,0,0,6,6,6,6,5,2,2,2,5,6,6,4,1,0,4,6,6,6,6,0,0,0,0,0,6,6,6,6,0,6,6,6,6,3,0,0,0,0,0,6,6,6,6,0,3,4,4,1,0,0,0,0,0,0,1,5,6,6,4,0,0,0,0,2,2,2,0,0,0,0,3,6,6,4,0,0,2,6,6,6,6,3,0,0,0,3,6,6,3,0,0,3,6,6,6,4,0,0,0,0,5,6,6,0,0,0,2,6,6,6,6,3,0,0,3,6,6,6,0,0,0,0,2,6,6,6,6,6,6,6,6,6,4,0,0,0,0,0,0,1,5,6,6,6,6,6,6,0,0,0,0,0,0,0,0,0,2,4,4,4,4,3,0,0,6,"mfeat-pixel","att60",0.9
3,4,6,5,4,6,6,5,4,6,4,5,5,0,0,6,6,6,6,6,6,6,6,6,6,6,6,6,2,0,6,6,6,4,0,0,0,0,1,3,4,4,3,0,0,4,6,6,6,3,0,0,0,0,0,0,0,0,0,-0.02,0,6,6,6,6,4,0,0,0,0,0,0,0,0,0,0,6,6,6,6,6,1,0,0,0,0,0,0,0,0,0,6,6,6,6,6,6,6,5,3,2,1,0,0,0,0,6,6,6,6,6,6,6,6,6,6,6,5,0,0,0,6,6,6,6,6,6,6,6,6,6,6,6,5,0,0,1,5,6,6,5,1,1,3,6,6,6,6,6,3,0,0,0,2,2,0,0,0,0,5,6,6,6,6,5,0,0,0,0,0,0,0,0,0,1,6,6,6,6,6,0,0,0,0,0,0,0,0,2,3,6,6,6,6,6,0,0,0,2,4,4,4,6,6,6,6,6,6,6,6,0,0,5,6,6,6,6,6,6,6,6,6,6,6,2,0,0,3,4,4,4,4,4,4,4,4,4,4,3,0,6,"mfeat-pixel","att60",0.9
1,4,5,6,6,6,6,6,6,5,1,0,0,0,0,3,6,6,6,4,4,4,4,4,4,1,0,0,0,0,5,6,6,3,0,0,0,0,0,0,0,0,0,0,0,6,6,6,3,0,0,0,0,0,0,0,0,0,0,0.64,6,6,6,5,2,2,2,4,4,2,1,0,0,0,0,6,6,6,6,6,6,6,6,6,6,6,3,0,0,0,6,6,6,6,6,5,2,5,6,6,6,6,3,0,0,6,6,6,6,5,1,0,0,4,6,6,6,6,6,2,5,5,4,3,0,0,0,0,1,6,6,6,6,6,3,0,0,0,0,0,0,0,0,0,3,6,6,6,6,6,0,0,0,0,0,0,0,0,0,2,6,6,6,6,6,0,0,0,0,0,0,0,0,0,0,4,6,6,6,6,0,0,0,0,2,4,1,0,0,0,3,6,6,6,6,0,0,2,6,6,6,6,4,4,4,6,6,6,6,4,0,0,0,3,6,6,6,6,6,6,6,6,6,3,0,0,0,0,0,0,2,4,4,4,4,4,2,0,0,0,6,"mfeat-pixel","att60",0.9
0,4,4,4,4,4,4,4,4,4,4,4,4,3,0,0,4,6,6,6,6,6,6,6,6,6,6,6,6,0,0,3,6,6,6,6,5,3,2,2,4,4,4,2,0,0,3,6,6,6,6,0,0,0,0,0,0,0,0,-2.34,0,3,6,6,6,6,5,4,4,2,0,0,0,0,0,0,3,6,6,6,6,6,6,6,6,6,6,5,1,0,0,3,6,6,6,6,6,6,6,6,6,6,6,6,1,0,1,6,6,6,6,6,3,2,5,6,6,6,6,3,0,0,2,6,6,4,2,0,0,0,3,6,6,6,3,0,0,0,0,0,0,0,0,0,0,2,6,6,6,3,0,0,0,0,0,0,0,0,0,0,1,6,6,6,3,0,1,2,2,0,0,0,0,0,0,4,6,6,6,2,0,5,6,6,5,1,0,0,0,3,6,6,6,4,0,0,4,6,6,6,6,4,4,6,6,6,6,5,1,0,0,2,6,6,6,6,6,6,6,6,6,3,0,0,0,0,0,3,4,3,3,4,4,2,2,2,0,0,0,0,6,"mfeat-pixel","att60",0.9
0,3,4,4,4,6,6,6,6,6,6,5,3,0,0,2,6,6,6,6,6,6,6,6,6,6,5,3,0,0,3,6,6,6,5,1,0,0,0,0,0,0,0,0,0,3,6,6,6,5,2,2,2,1,0,0,0,0,0,-0.31,3,6,6,6,6,6,6,6,6,5,2,0,0,0,0,5,6,6,6,6,6,6,6,6,6,6,4,0,0,0,3,6,6,6,6,5,1,1,3,6,6,6,5,0,0,3,6,6,6,6,1,0,0,0,6,6,6,6,4,0,2,6,6,6,5,0,0,0,0,4,6,6,6,6,0,0,1,2,2,0,0,0,0,0,0,6,6,6,6,1,0,0,0,0,0,0,0,0,0,0,6,6,6,6,3,0,0,0,0,0,0,0,0,0,0,1,5,6,6,4,0,0,0,0,0,0,0,0,0,0,0,3,6,6,6,1,4,4,4,3,1,0,0,0,1,3,6,6,6,6,1,6,6,6,6,6,6,6,6,6,6,6,6,6,6,0,1,4,4,4,4,4,4,4,4,4,4,4,4,3,6,"mfeat-pixel","att60",0.9
0,0,3,5,6,6,6,6,6,6,6,5,4,3,0,0,3,6,6,6,6,6,4,2,3,5,6,6,5,0,0,3,6,6,6,4,0,0,0,0,0,0,0,0,0,0,3,6,6,6,3,0,0,0,0,0,0,0,0,1.99,0,4,6,6,6,6,4,3,2,1,0,0,0,0,0,0,6,6,6,6,6,6,6,6,6,5,4,4,1,0,0,6,6,6,6,5,2,2,3,6,6,6,6,6,0,0,6,6,6,6,0,0,0,0,4,6,6,6,6,0,0,6,6,6,3,0,0,0,0,0,6,6,6,6,0,0,1,2,0,0,0,0,0,0,0,6,6,6,6,0,0,0,0,0,0,0,0,0,0,0,6,6,6,6,0,0,0,0,0,0,0,0,0,0,3,6,6,6,6,0,0,2,2,1,0,0,0,0,0,5,6,6,6,3,0,5,6,6,6,5,0,0,0,1,6,6,3,0,0,0,3,6,6,6,6,5,5,6,6,5,1,0,0,0,0,0,1,3,4,4,4,4,4,4,1,0,0,0,0,0,6,"mfeat-pixel","att60",0.9
0,0,0,3,6,6,6,6,6,6,6,6,6,5,0,0,0,4,6,6,6,6,6,6,6,6,6,6,5,0,0,0,6,6,6,6,6,3,0,1,2,0,0,0,0,0,1,6,6,6,6,4,0,0,0,0,0,0,0,-1.14,0,4,6,6,6,6,3,0,0,0,0,0,0,0,0,2,6,6,6,6,6,6,4,4,3,1,0,0,0,0,0,6,6,6,6,6,6,6,6,6,6,0,0,0,0,0,3,6,6,5,4,4,6,6,6,6,5,1,0,0,0,0,1,1,0,0,0,3,6,6,6,6,6,0,0,0,0,0,0,0,0,0,0,5,6,6,6,6,2,0,0,0,0,0,0,0,0,0,1,6,6,6,6,6,2,0,0,0,0,0,0,0,0,0,4,6,6,6,6,2,0,0,0,0,0,0,0,0,0,6,6,6,6,6,0,0,0,0,0,2,1,1,2,3,6,6,6,6,6,0,0,0,0,5,6,6,6,6,6,6,6,6,6,6,0,0,0,0,3,4,4,4,4,4,4,4,4,4,3,0,6,"mfeat-pixel","att60",0.9
0,0,1,3,4,6,6,6,6,6,6,6,6,6,3,0,5,6,6,6,6,6,6,6,6,6,6,6,6,5,0,4,6,6,6,6,1,0,0,0,0,0,0,0,0,0,4,6,6,6,2,0,0,0,0,0,0,0,0,0.72,0,6,6,6,6,1,0,1,3,3,1,0,0,0,0,0,6,6,6,6,6,6,6,6,6,6,3,0,0,0,2,6,6,6,6,6,6,6,6,6,6,6,5,0,0,6,6,6,6,6,4,1,0,1,6,6,6,6,0,0,5,6,6,3,1,0,0,0,0,6,6,6,6,1,0,0,2,1,0,0,0,0,0,0,5,6,6,6,3,0,0,0,0,0,0,0,0,0,0,1,6,6,6,3,0,0,0,0,0,0,0,0,0,0,0,6,6,6,3,0,0,1,4,1,0,0,0,0,0,2,6,6,6,3,0,2,6,6,6,4,1,0,0,1,6,6,6,6,4,0,1,5,6,6,6,6,6,6,6,6,6,6,6,5,0,0,0,3,4,4,4,4,4,4,4,4,4,1,0,0,6,"mfeat-pixel","att60",0.9
0,0,0,0,5,6,6,6,6,6,6,4,5,6,5,0,1,2,3,6,6,6,6,6,6,6,6,6,6,6,0,5,6,6,6,6,6,3,2,2,2,2,2,2,1,0,1,6,6,6,6,6,0,0,0,0,0,0,0,0,0,6,6,6,6,6,6,5,4,2,0,0,0,0,0,2,6,6,6,6,6,6,6,6,6,5,0,0,0,0,6,6,6,6,6,6,6,6,6,6,6,5,1,0,0,6,6,6,6,5,4,5,6,6,6,6,6,5,1,0,5,6,4,1,0,0,0,3,6,6,6,6,6,6,0,0,0,0,0,0,0,0,0,6,6,6,6,6,6,0,0,0,0,0,0,0,0,0,6,6,6,6,6,6,0,0,0,0,2,2,2,2,3,6,6,6,6,6,6,0,0,3,6,6,6,6,6,6,6,6,6,6,6,6,0,3,6,6,6,6,6,6,6,6,6,6,6,6,3,0,0,5,6,6,6,6,6,6,6,6,6,3,0,0,0,0,0,0,1,3,4,4,4,4,4,3,0,0,0,0,6,"mfeat-pixel","att60",0.9
1,4,6,6,5,5,6,6,6,6,6,5,0,0,0,2,6,6,6,6,6,4,2,2,3,3,2,0,0,0,0,6,6,6,6,3,0,0,0,0,0,0,0,0,0,0,6,6,6,6,3,0,0,0,0,0,0,0,0,-0.73,0,6,6,6,6,6,4,4,4,4,3,0,0,0,0,2,6,6,6,6,6,6,6,6,6,6,6,4,1,0,2,6,6,6,6,6,6,1,0,3,6,6,6,6,0,0,6,6,6,6,5,1,0,0,0,6,6,6,6,0,0,5,6,6,6,2,0,0,0,3,6,6,6,6,0,0,0,3,4,1,0,0,0,0,3,6,6,6,6,0,0,0,0,0,0,0,0,0,0,0,5,6,6,6,3,0,0,0,0,0,0,0,0,0,0,3,6,6,6,3,0,0,5,6,3,1,0,0,0,0,3,6,6,6,3,0,0,6,6,6,6,2,0,0,0,4,6,6,6,0,0,0,3,6,6,6,6,4,4,5,6,6,6,2,0,0,0,0,1,4,4,4,4,4,4,4,4,3,0,0,6,"mfeat-pixel","att60",0.9
0,0,0,0,0,1,5,6,6,6,6,6,6,6,5,0,0,0,0,2,6,6,6,6,6,6,6,6,6,2,0,0,0,1,6,6,6,5,1,0,0,0,0,0,0,0,0,0,4,6,6,4,0,0,0,0,0,0,0,0.28,0,1,5,6,6,5,0,0,0,0,0,0,0,0,0,1,6,6,6,6,4,0,0,0,0,0,0,0,0,0,3,6,6,6,6,6,6,6,5,4,4,2,0,0,0,6,6,6,6,4,4,6,6,6,6,6,6,5,1,0,1,4,2,0,0,0,0,0,2,5,6,6,6,6,2,0,0,0,0,0,0,0,0,0,0,0,4,6,6,3,0,0,0,0,0,0,0,0,0,0,0,3,6,6,3,0,0,0,0,0,0,0,0,0,0,0,3,6,6,3,0,0,0,0,0,0,0,0,0,0,0,3,6,6,3,0,0,0,0,0,0,0,0,0,0,1,5,6,6,2,0,0,0,3,6,6,4,2,4,6,6,6,6,4,0,0,0,0,3,4,4,4,4,4,4,4,4,4,1,0,6,"mfeat-pixel","att60",0.9
0,0,0,0,1,3,6,6,6,6,6,6,4,1,0,0,0,0,5,6,6,6,6,6,6,6,6,6,1,0,0,0,2,6,6,6,6,4,4,4,4,4,1,0,0,0,0,3,6,6,6,3,0,0,0,0,0,0,0,-0.26,0,0,3,6,6,6,5,2,2,2,2,2,0,0,0,0,0,2,6,6,6,6,6,6,6,6,6,5,2,0,0,0,2,6,6,6,6,6,6,6,6,6,6,6,3,0,1,6,6,6,6,5,2,2,3,6,6,6,6,3,0,3,6,6,6,6,0,0,0,0,4,6,6,6,6,0,1,4,4,3,1,0,0,0,0,5,6,6,6,5,0,0,0,0,0,0,0,0,0,1,6,6,6,6,3,0,0,0,0,0,0,0,0,0,3,6,6,6,5,0,0,0,0,2,1,0,0,0,1,5,6,6,6,1,0,0,3,6,6,6,5,3,3,6,6,6,6,2,0,0,5,6,6,6,6,6,6,6,6,6,5,1,0,0,0,1,4,4,4,4,4,4,4,4,3,0,0,0,0,0,6,"mfeat-pixel","att60",0.9
0,0,0,3,6,4,6,4,4,4,4,4,4,3,0,0,0,5,6,6,6,6,6,6,6,6,6,6,6,3,0,0,2,6,6,6,5,2,2,2,2,2,2,2,0,0,0,1,6,6,6,2,0,0,0,0,0,0,0,3.65,0,0,3,6,6,6,0,0,0,0,0,0,0,0,0,0,0,6,6,6,6,0,0,0,0,0,0,0,0,0,0,0,6,6,6,4,0,1,1,0,0,0,0,0,0,0,4,6,6,6,6,6,6,6,5,4,1,0,0,0,3,6,6,6,6,6,5,5,6,6,6,6,3,0,0,0,3,4,4,2,1,0,0,1,5,6,6,6,4,0,0,0,0,0,0,0,0,0,0,0,6,6,6,6,0,0,0,0,0,0,0,0,0,0,0,3,6,6,6,2,0,0,0,0,0,0,0,0,0,0,1,5,6,6,3,0,0,0,0,0,0,0,0,0,0,0,4,6,6,5,0,0,0,0,3,5,6,6,6,6,6,6,6,6,3,0,0,0,0,3,4,4,4,4,4,4,4,4,3,0,6,"mfeat-pixel","att60",0.9
0,0,3,6,6,6,6,6,6,6,6,6,6,6,5,0,5,6,6,6,6,6,6,6,6,6,6,6,6,3,0,6,6,6,6,6,6,6,6,6,6,6,5,1,0,0,6,6,6,6,6,5,0,1,2,2,2,0,0,0.38,0,6,6,6,6,6,6,6,6,6,5,1,0,0,0,0,6,6,6,6,6,6,6,6,6,6,6,1,0,0,0,5,6,6,6,6,6,6,6,6,6,6,5,0,0,0,3,6,6,6,6,6,4,6,6,6,6,6,2,0,1,6,6,6,6,6,3,0,3,6,6,6,6,6,0,1,4,6,6,6,5,1,0,1,6,6,6,6,6,0,0,0,0,0,0,0,0,0,0,6,6,6,6,6,0,0,0,0,0,0,0,0,0,3,6,6,6,6,6,0,0,0,0,1,2,2,2,2,5,6,6,6,6,4,0,0,0,2,6,6,6,6,6,6,6,6,6,6,0,0,0,0,5,6,6,6,6,6,6,6,6,5,1,0,0,0,0,1,4,4,4,4,4,4,2,0,0,0,0,0,6,"mfeat-pixel","att60",0.9
0,0,0,0,2,5,6,6,6,6,6,6,5,4,1,0,0,3,6,6,6,6,6,6,6,6,6,6,6,6,0,2,6,6,6,6,6,6,4,4,4,6,6,6,3,1,6,6,6,6,6,3,0,0,0,0,0,2,0,-1.76,3,6,6,6,6,6,3,0,0,0,0,0,0,0,0,3,6,6,6,6,6,6,6,5,4,1,0,0,0,0,3,6,6,6,6,6,6,6,6,6,6,3,0,0,0,5,6,6,6,6,6,6,6,6,6,6,6,5,2,0,3,6,6,6,4,2,2,2,5,6,6,6,6,6,3,0,2,2,1,0,0,0,0,0,4,6,6,6,6,3,0,0,0,0,0,0,0,0,0,1,6,6,6,6,3,0,0,0,0,0,0,0,0,0,2,6,6,6,6,1,0,1,2,0,0,0,0,0,1,5,6,6,6,3,0,0,5,6,5,3,0,0,3,6,6,6,6,6,2,0,0,0,5,6,6,6,6,6,6,6,4,2,1,0,0,0,0,1,4,4,4,4,4,3,0,0,0,0,0,0,6,"mfeat-pixel","att60",0.9
0,3,4,4,4,5,5,5,6,5,4,4,3,0,0,0,6,6,6,6,6,6,6,6,6,6,6,6,2,0,3,6,6,6,6,6,5,4,6,6,5,3,1,0,0,3,6,6,6,6,4,0,0,0,0,0,0,0,0,0.68,3,6,6,6,6,4,0,0,0,0,0,0,0,0,0,3,6,6,6,6,6,5,1,0,0,0,0,0,0,0,0,6,6,6,6,6,6,6,4,4,3,1,0,0,0,0,6,6,6,6,6,6,6,6,6,6,6,5,0,0,0,6,6,6,6,5,2,4,6,6,6,6,6,4,0,0,3,5,6,5,1,0,0,0,4,6,6,6,6,0,0,0,0,0,0,0,0,0,0,0,4,6,6,6,1,0,0,0,0,0,0,0,0,0,0,5,6,6,6,5,0,0,0,0,0,0,0,0,0,2,5,6,6,6,6,0,0,0,0,0,0,2,4,6,6,6,6,6,6,6,0,0,0,0,3,6,6,6,6,6,6,6,6,6,5,0,0,0,0,3,4,4,4,4,4,4,4,4,4,1,6,"mfeat-pixel","att60",0.9
0,0,3,4,4,4,4,4,4,5,6,6,4,3,0,0,4,6,6,6,6,6,6,6,6,6,6,6,6,5,0,6,6,6,6,6,6,4,2,2,2,3,5,6,5,0,6,6,6,6,5,1,0,0,0,0,0,0,0,-0.73,3,6,6,6,6,3,0,0,0,0,0,0,0,0,0,3,6,6,6,6,5,2,2,0,0,0,0,0,0,0,4,6,6,6,6,6,6,6,6,3,1,0,0,0,0,4,6,6,6,6,6,6,6,6,6,6,5,1,0,0,3,6,6,6,6,6,6,6,6,6,6,6,6,0,0,6,6,6,6,6,5,2,5,6,6,6,6,6,0,0,3,6,6,5,2,0,0,3,6,6,6,6,6,0,0,0,1,1,0,0,0,0,1,6,6,6,6,6,0,0,0,0,0,0,0,0,0,0,6,6,6,6,6,0,0,0,0,0,2,2,2,2,5,6,6,6,6,6,0,0,0,0,5,6,6,6,6,6,6,6,6,6,5,0,0,0,0,3,4,4,4,4,4,4,4,4,3,0,0,0,6,"mfeat-pixel","att60",0.9
0,0,0,0,3,6,4,4,4,4,3,2,2,2,0,0,0,0,5,6,6,6,6,6,6,6,6,6,6,5,0,0,0,6,6,6,6,4,4,4,4,4,4,4,3,0,0,0,6,6,6,1,0,0,0,0,0,0,0,2.84,0,0,3,6,6,2,0,0,0,0,0,0,0,0,0,0,2,6,6,6,1,0,0,0,0,0,0,0,0,0,0,5,6,6,6,6,4,2,1,0,0,0,0,0,0,3,6,6,6,6,6,6,6,6,5,0,0,0,0,0,5,6,6,5,3,3,6,6,6,6,4,0,0,0,0,0,0,0,0,0,0,2,6,6,6,6,0,0,0,0,0,0,0,0,0,0,1,6,6,6,6,0,0,0,0,0,0,0,0,0,0,1,6,6,6,6,0,0,0,0,0,0,0,0,0,0,0,3,6,6,6,0,0,0,0,0,0,2,2,2,2,3,6,6,6,3,0,0,0,0,1,5,6,6,6,6,6,6,6,6,2,0,0,0,0,1,4,4,4,4,4,4,4,3,1,0,0,0,0,0,6,"mfeat-pixel","att60",0.9
0,1,4,1,0,3,6,6,6,6,6,6,6,5,1,0,3,6,6,6,4,6,6,6,6,6,6,6,6,5,0,4,6,6,2,0,1,2,2,2,2,2,2,2,0,2,6,6,4,0,0,0,0,0,0,0,0,0,0,-0.09,3,6,6,5,1,0,0,0,0,0,0,0,0,0,0,3,6,6,6,6,4,3,1,0,0,0,0,0,0,0,5,6,6,6,6,6,6,6,3,0,0,0,0,0,0,6,6,6,6,6,6,6,6,6,5,0,0,0,0,0,6,6,6,5,2,2,3,6,6,6,2,0,0,0,0,1,4,4,1,0,0,0,4,6,6,4,0,0,0,0,0,0,0,0,0,0,0,0,6,6,6,2,0,0,0,0,0,0,0,0,0,0,0,6,6,6,3,0,0,0,0,0,1,4,3,0,0,1,6,6,6,2,0,0,0,0,2,6,6,6,5,4,6,6,6,4,0,0,0,0,0,3,6,6,6,6,6,6,6,6,1,0,0,0,0,0,1,4,4,4,4,4,4,4,3,0,0,0,0,0,6,"mfeat-pixel","att60",0.9
1,4,5,6,6,6,6,6,6,6,6,6,6,6,5,5,6,6,6,6,6,6,6,6,6,6,6,6,6,3,3,6,6,6,6,3,0,0,0,2,2,2,1,0,0,3,6,6,6,6,0,0,0,0,0,0,0,0,0,2.87,3,6,6,6,6,5,2,3,4,3,1,0,0,0,0,3,6,6,6,6,6,6,6,6,6,6,3,0,0,0,3,6,6,6,6,6,6,6,6,6,6,6,3,0,0,3,6,6,6,6,3,0,0,3,6,6,6,6,3,0,2,6,6,6,6,0,0,0,0,1,6,6,6,6,2,0,3,6,6,2,0,0,0,0,0,3,6,6,6,3,0,0,0,0,0,0,0,0,0,0,2,6,6,6,6,0,0,0,0,0,0,0,0,0,0,0,4,6,6,6,0,0,0,0,0,0,0,0,0,0,1,5,6,6,6,0,0,5,6,4,4,4,3,2,3,6,6,6,6,6,0,0,1,5,6,6,6,6,6,6,6,6,6,6,6,0,0,0,0,3,4,4,4,4,4,4,4,4,4,1,6,"mfeat-pixel","att60",0.9
0,0,0,1,4,6,4,6,4,6,6,6,5,4,1,0,0,0,3,6,6,6,6,6,6,6,6,6,6,2,0,0,0,3,6,6,6,6,3,2,2,3,4,1,0,0,0,0,5,6,6,6,2,0,0,0,0,0,0,0.2,0,0,5,6,6,6,1,0,0,0,0,0,0,0,0,0,3,6,6,6,1,0,0,0,0,0,0,0,0,0,0,5,6,6,6,1,0,0,0,0,0,0,0,0,0,3,6,6,6,6,6,5,3,2,2,0,0,0,0,0,6,6,6,6,6,6,6,6,6,6,4,0,0,0,0,1,2,2,2,2,3,5,6,6,6,6,2,0,0,0,0,0,0,0,0,0,0,4,6,6,6,3,0,0,0,0,0,0,0,0,0,0,2,6,6,6,3,0,0,0,0,0,0,0,0,0,0,0,6,6,6,0,0,0,0,0,0,2,2,2,2,4,5,6,6,6,3,0,0,0,0,5,6,6,6,6,6,6,6,6,6,1,0,0,0,0,3,4,4,4,4,4,4,4,4,3,0,0,0,0,6,"mfeat-pixel","att60",0.9
0,0,3,4,4,4,4,4,4,5,6,6,5,0,0,1,5,6,6,6,6,6,6,6,6,6,5,3,0,0,6,6,6,6,6,6,5,3,1,0,0,0,0,0,0,6,6,6,6,6,6,4,2,2,5,5,1,0,0,2.17,6,6,6,6,6,6,6,6,6,6,6,6,3,0,0,2,6,6,6,6,6,6,6,6,6,6,6,6,1,0,2,6,6,6,6,6,3,1,0,3,6,6,6,5,0,1,6,6,6,6,3,0,0,0,2,6,6,6,6,0,0,5,6,6,5,0,0,0,0,0,6,6,6,6,0,0,0,2,2,0,0,0,0,0,1,6,6,6,6,3,0,0,0,0,0,0,0,0,2,5,6,6,6,6,1,0,0,0,0,0,3,6,6,6,6,6,6,6,6,0,0,0,0,1,5,6,6,6,6,6,6,6,6,2,0,0,0,0,3,6,6,6,6,6,6,6,6,5,0,0,0,0,0,0,5,6,6,6,6,6,6,3,0,0,0,0,0,0,0,0,2,0,0,0,0,0,0,0,0,0,6,"mfeat-pixel","att60",0.9
0,3,6,6,6,5,4,4,4,5,6,3,0,0,0,5,6,6,6,6,6,6,6,6,6,6,6,5,0,0,5,6,6,6,6,5,2,1,1,2,2,2,1,0,0,1,6,6,6,6,3,0,0,0,0,0,0,0,0,1.69,0,6,6,6,6,5,2,3,4,4,4,2,1,0,0,2,6,6,6,6,6,6,6,6,6,6,6,6,3,0,6,6,6,6,6,6,4,4,4,6,6,6,6,6,0,1,4,5,6,3,0,0,0,0,3,6,6,6,6,3,0,0,0,0,0,0,0,0,0,0,3,6,6,6,2,0,0,1,2,2,0,0,0,0,0,0,6,6,6,0,0,0,6,6,6,3,0,0,0,0,0,6,6,3,0,0,4,6,6,6,3,0,0,0,0,3,6,6,2,0,0,6,6,6,6,3,0,0,0,4,6,6,6,0,0,0,6,6,6,6,5,2,4,6,6,6,6,6,0,0,0,4,6,6,6,6,6,6,6,6,6,6,3,0,0,0,0,3,4,4,4,4,4,4,4,3,1,0,0,0,6,"mfeat-pixel","att60",0.9
0,2,6,6,6,6,6,6,6,6,6,6,4,0,0,0,3,6,6,6,6,6,6,3,2,2,2,0,0,0,0,3,6,6,6,6,6,6,1,0,0,0,0,0,0,0,3,6,6,6,6,6,6,6,5,4,1,0,0,-0.69,1,6,6,6,6,6,6,6,6,6,6,6,3,0,0,5,6,6,6,6,1,0,0,1,5,6,6,6,4,0,6,6,6,6,6,0,0,0,0,1,6,6,6,6,2,3,6,6,6,3,0,0,0,0,0,6,6,6,6,6,0,1,2,0,0,0,0,0,0,0,6,6,6,6,6,0,0,0,0,0,0,0,0,0,0,6,6,6,6,2,0,0,0,0,0,0,0,0,0,0,6,6,6,6,0,0,0,0,0,0,0,0,0,0,0,6,6,6,6,0,0,0,0,0,0,0,0,0,0,0,6,6,6,3,0,0,0,0,0,0,0,0,0,0,1,6,6,6,6,0,0,0,0,0,0,0,3,4,4,6,6,6,6,5,0,0,0,0,0,0,0,4,4,4,4,4,4,3,0,0,6,"mfeat-pixel","att60",0.9
0,0,1,4,6,4,4,4,4,4,4,4,1,0,0,0,0,3,6,6,6,6,6,6,6,6,6,5,0,0,0,0,3,6,6,6,6,5,2,2,2,2,0,0,0,0,0,0,6,6,6,4,0,0,0,0,0,0,0,0.77,0,0,3,6,6,6,6,4,4,4,4,3,0,0,0,0,0,3,6,6,6,6,6,6,6,6,6,5,1,0,0,0,2,6,6,6,6,6,6,6,6,6,6,6,1,0,0,0,0,0,0,0,0,0,0,3,6,6,6,5,0,0,0,0,0,0,0,0,0,0,0,5,6,6,3,0,0,0,0,0,0,0,0,0,0,0,3,6,6,6,0,0,0,0,0,0,0,0,0,0,1,6,6,6,3,3,6,5,1,0,0,0,0,0,0,5,6,6,6,1,6,6,6,4,0,0,0,0,0,3,6,6,6,2,0,5,6,6,6,5,3,2,4,6,6,6,6,4,0,0,1,5,6,6,6,6,6,6,6,6,6,6,2,0,0,0,0,1,3,4,4,4,4,4,4,3,1,0,0,0,6,"mfeat-pixel","att60",0.9
1,5,6,3,2,4,4,2,2,1,1,3,4,2,0,5,6,6,6,6,6,6,6,6,6,6,6,6,6,2,3,6,6,6,6,6,6,5,5,6,6,6,6,6,0,3,6,6,6,6,5,1,0,0,0,0,0,2,1,3.39,1,6,6,6,6,6,3,2,2,2,0,0,0,0,0,2,6,6,6,6,6,6,6,6,6,6,5,0,0,0,3,6,6,6,6,6,6,6,6,6,6,6,2,0,0,3,6,6,6,5,2,0,0,4,6,6,6,3,0,0,1,4,4,1,0,0,0,0,4,6,6,6,2,0,0,0,0,0,0,0,0,0,3,6,6,6,3,0,0,0,0,0,0,0,0,0,2,6,6,6,6,2,0,0,0,0,0,0,0,0,1,6,6,6,3,1,0,0,0,0,0,0,0,1,5,6,6,6,4,0,0,0,0,0,0,0,0,3,6,6,6,6,5,0,0,0,0,0,0,0,0,0,5,6,6,6,5,0,0,0,0,0,0,0,0,0,0,0,4,4,3,0,0,0,0,0,0,0,0,0,6,"mfeat-pixel","att60",0.9
0,0,0,0,0,0,0,0,0,5,6,6,5,1,0,0,0,0,0,0,0,0,0,3,6,6,6,6,6,3,0,0,0,0,0,0,0,0,4,6,6,6,6,6,6,0,0,0,0,0,0,0,3,6,6,5,4,4,6,5.76,0,0,0,0,0,0,3,6,6,6,1,0,0,0,0,0,0,0,0,0,2,6,6,6,3,0,0,0,0,0,0,0,0,0,0,4,6,6,6,4,0,0,0,0,0,0,0,0,0,3,6,6,6,6,6,3,0,0,0,0,0,0,0,0,5,6,6,6,6,6,3,0,0,0,0,0,0,0,0,1,4,4,5,6,6,5,0,0,0,0,0,3,4,1,0,0,1,5,6,6,3,0,0,0,0,4,6,6,6,0,2,6,6,6,5,0,0,0,0,0,6,6,6,4,1,5,6,6,6,3,0,0,0,0,0,6,6,6,6,6,6,6,6,6,2,0,0,0,0,0,3,6,6,6,6,6,5,2,1,0,0,0,0,0,0,0,3,4,4,4,4,1,0,0,0,0,0,0,0,0,6,"mfeat-pixel","att60",0.9
0,0,0,0,0,3,4,4,4,4,6,6,5,4,3,0,0,0,0,4,6,6,6,6,6,6,6,6,6,6,0,0,0,0,6,6,6,6,6,5,3,2,2,2,1,0,0,0,4,6,6,6,1,0,0,0,0,0,0,0.68,0,0,0,6,6,6,5,0,0,0,0,0,0,0,0,0,0,2,6,6,6,0,0,0,0,0,0,0,0,0,0,2,6,6,6,6,5,4,2,0,0,0,0,0,0,0,6,6,6,6,6,6,6,6,6,4,3,0,0,0,0,3,6,6,3,2,3,6,6,6,6,6,3,0,0,0,0,0,0,0,0,0,0,3,6,6,6,3,0,0,0,0,0,0,0,0,0,0,1,6,6,6,3,0,0,0,0,0,0,0,0,0,0,3,6,6,6,0,0,0,0,0,0,0,0,0,0,0,4,6,6,5,0,0,0,0,1,1,0,0,2,2,5,6,6,6,1,0,0,0,5,6,6,6,6,6,6,6,6,6,3,0,0,0,0,4,4,4,4,4,4,4,4,4,1,0,0,0,0,0,6,"mfeat-pixel","att60",0.9
5,6,6,6,6,6,6,6,6,5,4,1,0,0,0,5,6,6,6,6,6,6,6,6,6,5,1,0,0,0,3,6,6,6,6,6,3,2,2,2,0,0,0,0,0,3,6,6,6,6,3,0,0,0,0,0,0,0,0,-1.29,1,6,6,6,6,5,2,3,4,3,2,1,0,0,0,0,3,6,6,6,6,6,6,6,6,6,6,3,0,0,0,3,6,6,6,6,6,6,6,6,6,6,6,5,1,0,3,6,6,6,6,6,4,2,3,6,6,6,6,6,0,2,6,6,6,6,3,0,0,0,4,6,6,6,6,0,0,1,2,4,3,0,0,0,0,3,6,6,6,6,0,0,0,0,0,0,0,0,0,0,3,6,6,6,6,0,0,1,4,4,3,1,0,0,0,0,5,6,6,6,0,0,3,6,6,6,6,0,0,0,1,5,6,6,6,0,0,3,6,6,6,6,5,4,4,6,6,6,6,6,0,0,2,6,6,6,6,6,6,6,6,6,6,5,3,0,0,0,1,4,4,4,4,4,4,4,4,2,0,0,6,"mfeat-pixel","att60",0.9
1,5,6,6,6,6,6,6,6,6,6,6,6,4,1,5,6,6,6,6,6,6,6,6,6,6,6,6,6,2,6,6,6,6,2,2,2,1,0,0,0,0,0,0,0,6,6,6,6,4,4,2,0,0,0,0,0,0,0,-1.97,6,6,6,6,6,6,6,6,6,5,3,0,0,0,0,6,6,6,6,6,6,6,6,6,6,6,5,0,0,0,6,6,6,6,6,6,6,6,6,6,6,6,5,0,0,6,6,6,6,6,4,0,1,5,6,6,6,6,1,0,6,6,6,6,6,3,0,0,1,6,6,6,6,5,0,4,6,6,6,6,2,0,0,0,3,6,6,6,6,2,5,6,6,6,1,0,0,0,0,5,6,6,6,6,6,3,6,6,5,0,0,0,0,3,6,6,6,6,6,5,0,1,2,0,0,0,0,0,4,6,6,6,6,6,1,0,0,0,0,1,2,2,5,6,6,6,6,6,4,0,0,0,0,2,6,6,6,6,6,6,6,6,5,0,0,0,0,0,1,4,4,4,4,4,4,4,3,0,0,0,6,"mfeat-pixel","att60",0.9
0,3,4,4,4,4,4,5,5,4,3,1,0,0,0,0,6,6,6,6,6,6,6,6,6,6,6,6,3,0,0,6,6,6,6,6,6,5,4,5,6,6,6,6,2,0,6,6,6,6,6,1,0,0,0,1,3,3,1,-0.71,2,6,6,6,6,6,5,4,6,6,5,3,2,1,0,1,6,6,6,6,6,6,6,6,6,6,6,6,6,0,3,6,6,6,6,6,6,6,4,6,6,6,6,6,0,0,6,6,6,6,6,5,1,0,3,6,6,6,6,0,0,6,6,6,6,6,3,0,0,5,6,6,6,6,0,0,1,2,2,2,2,0,1,5,6,6,6,5,1,0,0,0,0,0,0,1,4,6,6,6,6,5,0,0,0,0,0,0,0,3,6,6,6,6,6,5,1,0,0,0,0,0,1,5,6,6,6,6,5,1,0,0,0,0,0,0,0,5,6,6,6,6,4,0,0,0,0,0,0,0,0,2,6,6,6,6,6,1,0,0,0,0,0,0,0,0,4,4,4,4,4,2,0,0,0,0,0,0,0,0,6,"mfeat-pixel","att60",0.9
0,0,1,3,4,4,4,4,4,6,6,5,4,1,0,0,3,6,6,6,6,6,6,4,4,6,6,6,5,0,0,6,6,6,6,6,5,1,0,0,0,0,0,0,0,0,6,6,6,6,6,0,0,0,0,0,0,0,0,0.22,0,6,6,6,6,6,5,4,4,4,2,0,0,0,0,0,6,6,6,6,6,6,6,6,6,6,4,0,0,0,1,6,6,6,6,6,6,6,6,6,6,6,6,3,0,5,6,6,6,6,5,1,0,1,6,6,6,6,6,2,6,6,6,6,6,0,0,0,0,4,6,6,6,6,5,3,6,6,6,5,0,0,0,0,3,6,6,6,6,3,0,0,0,0,0,0,0,0,0,6,6,6,6,6,2,0,0,0,0,0,0,0,0,0,6,6,6,6,6,0,0,0,0,0,0,0,0,0,1,6,6,6,6,5,0,2,6,6,6,5,1,0,3,6,6,6,6,6,1,0,0,5,6,6,6,6,6,6,6,6,6,6,6,0,0,0,0,3,4,4,4,4,4,4,4,4,4,3,0,0,6,"mfeat-pixel","att60",0.9
0,0,0,2,4,4,4,6,6,6,5,4,3,0,0,0,0,5,6,6,6,6,6,6,6,6,6,6,2,0,0,0,6,6,6,6,4,4,4,4,2,0,0,0,0,0,0,6,6,6,4,0,0,0,0,0,0,0,0,3.83,0,0,5,6,6,6,5,1,0,0,0,0,0,0,0,0,0,1,6,6,6,6,6,6,6,3,0,0,0,0,0,0,6,6,6,6,6,6,6,6,6,5,1,0,0,0,0,6,6,6,6,6,6,6,6,6,6,6,2,0,0,0,6,6,6,6,6,5,2,5,6,6,6,6,0,0,0,6,6,6,6,3,0,0,1,6,6,6,6,2,0,0,1,4,3,1,0,0,0,0,3,6,6,6,3,0,0,0,0,0,0,0,0,0,0,3,6,6,6,4,0,0,0,0,0,0,0,0,0,0,3,6,6,6,6,0,3,4,2,0,0,0,0,0,3,6,6,6,6,2,3,6,6,6,6,6,6,6,6,6,6,6,6,6,0,1,4,4,4,4,4,4,4,4,4,4,4,4,3,0,6,"mfeat-pixel","att60",0.9
0,2,5,6,6,6,5,4,5,6,4,3,0,0,0,5,6,6,6,6,6,6,6,6,6,6,6,1,0,0,6,6,6,6,6,6,6,6,6,6,6,6,5,0,0,5,6,6,6,6,6,6,4,4,4,4,4,1,0,-1.92,5,6,6,6,6,6,6,2,2,2,2,1,0,0,0,3,6,6,6,6,6,6,6,6,6,6,6,5,2,0,0,6,6,6,6,6,6,6,6,6,6,6,6,6,5,0,5,6,6,6,6,6,6,5,2,2,3,6,6,6,0,5,6,6,6,6,6,3,0,0,0,0,6,6,6,2,6,6,6,6,6,6,0,0,0,0,3,6,6,5,0,1,5,6,6,6,5,0,0,0,5,6,6,6,1,0,0,0,2,4,2,0,0,1,5,6,6,5,1,0,0,0,0,0,0,0,0,0,4,6,6,5,0,0,0,0,0,0,0,0,0,2,6,6,5,1,0,0,0,0,0,0,0,0,0,0,6,6,6,1,0,0,0,0,0,0,0,0,0,0,0,4,4,2,0,0,0,0,0,0,6,"mfeat-pixel","att60",0.9
0,0,0,0,0,0,0,2,4,4,4,5,5,1,0,0,3,5,6,6,6,6,6,6,6,6,6,6,5,0,4,6,6,6,6,4,3,2,3,3,3,3,2,0,0,5,6,6,6,3,0,0,0,0,0,0,0,0,0,-1.14,3,6,6,6,6,4,6,6,6,4,2,2,2,1,0,3,6,6,6,6,6,6,6,6,6,6,6,6,6,5,3,6,6,6,6,6,5,1,1,2,5,6,6,6,6,3,6,6,6,6,4,0,0,0,0,3,6,6,6,6,3,6,6,6,5,0,0,0,0,0,5,6,6,6,3,5,6,6,6,3,0,0,1,2,5,6,6,6,3,0,0,2,4,4,1,0,3,6,6,6,6,6,3,0,0,0,0,0,0,3,6,6,6,6,5,1,0,0,0,0,0,0,1,5,6,6,6,5,2,0,0,0,0,0,0,0,1,6,6,6,6,3,0,0,0,0,0,0,0,0,1,6,6,6,6,1,0,0,0,0,0,0,0,0,0,1,4,4,4,1,0,0,0,0,0,0,0,0,0,0,6,"mfeat-pixel","att60",0.9
5,6,6,6,6,6,6,6,6,5,3,0,0,0,0,6,6,6,6,6,6,6,6,6,6,5,0,0,0,0,6,6,6,6,0,0,0,0,0,0,0,0,0,0,0,6,6,6,6,6,4,4,6,4,2,2,1,0,0,1.56,5,6,6,6,6,6,6,6,6,6,6,6,2,0,0,1,6,6,6,6,6,3,0,3,6,6,6,6,2,0,0,6,6,6,6,3,0,0,0,3,6,6,6,6,0,0,6,6,6,5,1,0,0,0,0,3,6,6,6,4,0,3,4,3,0,0,0,0,0,0,0,6,6,6,6,0,0,0,0,0,0,0,0,0,0,0,6,6,6,6,0,0,0,0,0,0,0,0,0,0,0,6,6,6,6,0,0,0,0,0,0,0,0,0,0,0,6,6,6,6,0,0,0,0,0,0,0,0,0,0,1,6,6,6,2,0,0,3,4,6,6,5,4,4,5,6,6,6,5,0,0,0,3,6,6,6,6,6,6,6,6,6,6,1,0,0,0,0,1,3,4,4,4,4,4,4,4,3,0,0,6,"mfeat-pixel","att60",0.9
0,0,5,6,6,6,6,6,6,6,6,6,6,4,1,0,0,6,6,6,6,6,6,6,6,6,6,6,5,1,0,2,6,6,6,6,6,3,0,0,0,0,0,0,0,0,6,6,6,6,6,6,6,5,3,0,0,0,0,-1.29,0,6,6,6,6,6,6,6,6,6,0,0,0,0,0,0,6,6,6,6,6,6,6,6,6,1,0,0,0,0,0,6,6,6,6,6,6,6,6,6,5,0,0,0,0,0,6,6,6,6,5,5,6,6,6,6,0,0,0,0,4,6,6,6,6,0,0,6,6,6,6,0,0,0,0,6,6,6,6,2,0,0,6,6,6,6,0,0,0,0,5,6,6,5,0,0,0,6,6,6,6,0,0,0,0,0,0,0,0,0,0,0,6,6,6,6,0,0,0,0,0,0,0,0,0,0,4,6,6,6,3,0,0,0,0,0,0,1,3,4,5,6,6,6,6,2,0,0,0,0,0,3,6,6,6,6,6,6,6,5,0,0,0,0,0,0,3,4,4,4,4,4,4,3,0,0,0,0,0,0,6,"mfeat-pixel","att60",0.9
0,0,0,3,4,5,6,6,6,6,6,4,6,6,2,0,0,4,6,6,6,6,6,6,6,6,6,6,6,2,0,0,6,6,6,6,5,2,2,2,2,2,0,0,0,0,0,6,6,6,6,0,0,0,0,0,0,0,0,-0.56,0,2,6,6,6,6,1,0,0,0,0,0,0,0,0,0,6,6,6,6,6,6,4,3,2,1,0,0,0,0,0,6,6,6,6,6,6,6,6,6,6,3,0,0,0,0,5,6,6,6,6,4,6,6,6,6,6,4,0,0,0,0,1,2,2,0,0,1,5,6,6,6,6,2,0,0,0,0,0,0,0,0,0,0,5,6,6,6,3,0,0,0,0,0,0,0,0,0,0,3,6,6,6,0,0,0,0,0,0,0,0,0,0,0,3,6,6,6,0,0,0,0,0,0,0,0,0,0,0,5,6,6,6,0,0,0,0,0,2,0,1,2,2,3,6,6,6,6,2,0,2,6,6,6,6,6,6,6,6,6,6,6,5,1,0,0,3,4,4,4,4,4,4,4,4,4,3,0,0,0,6,"mfeat-pixel","att60",0.9
0,0,2,6,6,4,4,4,3,1,1,2,1,0,0,0,0,4,6,6,6,6,6,6,6,6,6,6,5,1,0,2,6,6,6,5,4,4,5,6,6,6,6,6,5,0,3,6,6,6,0,0,0,0,0,0,1,2,2,2.41,0,3,6,6,6,4,0,0,2,2,1,0,0,0,0,0,3,6,6,6,6,6,6,6,6,6,3,0,0,0,0,4,6,6,6,6,6,6,6,6,6,6,5,0,0,2,6,6,6,6,6,6,4,5,6,6,6,6,0,0,3,6,6,6,3,1,0,0,0,6,6,6,6,2,0,6,6,6,1,0,0,0,0,3,6,6,6,5,1,0,1,4,1,0,0,0,1,5,6,6,6,6,0,0,0,0,0,0,0,1,3,6,6,6,6,3,1,0,0,0,0,0,0,0,6,6,6,6,5,1,0,0,0,0,0,0,0,0,1,6,6,6,5,0,0,0,0,0,0,0,0,0,2,6,6,6,5,0,0,0,0,0,0,0,0,0,0,2,4,4,4,2,0,0,0,0,0,0,0,0,6,"mfeat-pixel","att60",0.9
0,1,4,4,4,6,6,6,6,6,6,4,4,4,1,0,3,6,6,6,6,6,4,2,2,3,5,6,6,5,0,3,6,6,1,0,0,0,0,0,0,0,0,0,0,0,4,6,6,1,0,0,0,0,0,0,0,0,0,1.31,2,6,6,6,6,6,6,4,2,0,0,0,0,0,0,3,6,6,6,6,6,6,6,6,5,1,0,0,0,0,3,6,6,6,6,3,2,3,6,6,6,2,0,0,0,3,6,6,6,2,0,0,0,1,6,6,6,0,0,0,1,4,4,1,0,0,0,0,0,4,6,6,2,0,0,0,0,0,0,0,0,0,0,0,4,6,6,1,0,0,0,0,0,0,0,0,0,0,0,6,6,6,0,0,0,0,0,0,0,0,0,0,0,0,6,6,6,0,0,0,0,0,0,0,0,0,0,0,0,6,6,6,3,0,0,0,1,1,0,0,0,0,0,1,6,6,6,3,0,0,2,6,6,3,2,3,5,6,6,6,6,5,0,0,0,1,4,4,4,4,4,4,4,4,4,4,1,0,0,0,6,"mfeat-pixel","att60",0.9
5,5,4,4,2,0,0,0,2,1,0,0,0,0,0,6,6,6,6,6,6,6,6,6,6,0,0,0,0,0,5,6,6,6,4,4,2,0,2,1,0,0,0,0,0,3,6,6,3,0,0,0,0,0,0,0,0,0,0,-2.21,1,6,6,5,0,0,0,0,0,0,0,0,0,0,0,0,2,6,6,4,0,2,2,0,0,0,0,0,0,0,0,0,4,6,6,6,6,6,6,6,6,6,3,0,0,0,0,3,6,6,6,6,5,5,6,6,6,6,3,0,0,0,3,6,6,6,3,0,0,3,6,6,6,6,2,0,0,1,6,6,6,0,0,0,0,3,6,6,6,3,0,0,0,1,4,1,0,0,0,0,3,6,6,6,3,0,0,0,0,0,0,0,0,0,0,0,6,6,6,5,0,0,0,0,0,0,0,0,0,0,0,6,6,6,6,0,0,0,0,5,6,6,6,6,5,5,6,6,6,3,0,0,0,0,3,6,6,6,6,6,6,6,6,6,2,0,0,0,0,0,0,2,2,2,4,4,4,4,1,0,6,"mfeat-pixel","att60",0.9
3,4,6,6,6,6,6,6,4,5,5,5,5,0,0,6,6,6,6,6,6,6,5,4,6,6,6,5,0,0,6,6,6,6,6,3,1,0,0,0,0,0,0,0,0,6,6,6,6,3,0,0,0,0,0,0,0,0,0,-1.08,3,6,6,6,5,2,2,4,4,4,4,4,4,3,0,6,6,6,6,6,6,6,6,6,6,6,6,6,6,5,6,6,6,6,6,6,6,5,2,5,6,6,6,6,6,6,6,6,6,6,5,3,0,0,3,6,6,6,6,4,5,6,6,6,3,0,0,0,3,6,6,6,6,6,2,0,0,0,0,0,0,0,0,6,6,6,6,6,5,0,0,0,0,0,0,0,1,5,6,6,6,6,5,1,0,0,0,0,0,0,3,6,6,6,6,6,4,0,0,0,0,0,0,0,1,6,6,6,6,6,5,0,0,0,0,0,0,0,1,5,6,6,6,6,5,0,0,0,0,0,0,0,0,3,6,6,6,6,6,5,0,0,0,0,0,0,0,0,1,4,4,4,4,4,1,0,0,0,0,0,6,"mfeat-pixel","att60",0.9
0,0,1,4,4,5,6,6,5,5,6,5,5,5,3,0,0,6,6,6,6,6,6,6,6,6,6,4,4,3,0,1,6,6,6,6,3,2,1,0,0,0,0,0,0,0,4,6,6,6,4,0,0,0,0,0,0,0,0,0.81,0,6,6,6,5,0,0,0,0,0,0,0,0,0,0,2,6,6,6,0,0,0,0,0,0,0,0,0,0,0,5,6,6,6,3,0,0,0,0,0,0,0,0,0,0,6,6,6,6,6,6,6,6,6,6,3,0,0,0,0,1,4,5,6,6,6,5,5,6,6,6,4,0,0,0,0,0,0,0,0,0,0,0,3,6,6,6,5,0,0,0,0,0,0,0,0,0,0,0,2,6,6,6,4,0,0,0,0,0,0,0,0,0,0,0,6,6,6,6,0,0,0,0,0,0,0,0,0,0,0,6,6,6,6,0,0,0,0,0,0,0,1,2,2,3,6,6,6,4,0,0,0,2,6,6,6,6,6,6,6,6,6,6,1,0,0,0,1,4,4,4,4,4,4,4,4,4,1,0,0,6,"mfeat-pixel","att60",0.9
0,0,0,0,0,1,5,6,6,5,4,4,4,4,1,0,0,0,1,3,6,6,6,6,6,6,6,6,6,4,0,0,1,5,6,6,6,6,6,6,6,6,6,6,4,0,0,6,6,6,6,6,1,0,1,2,2,2,2,-0.08,0,0,4,6,6,6,6,5,6,6,3,0,0,0,0,0,1,6,6,6,6,6,6,6,6,6,4,0,0,0,0,4,6,6,6,6,6,6,6,6,6,6,3,0,0,0,6,6,6,6,6,6,4,6,6,6,6,6,2,0,1,6,6,6,6,5,1,0,1,5,6,6,6,3,0,5,6,6,6,3,0,0,0,0,5,6,6,6,3,0,0,0,0,0,0,0,0,0,3,6,6,6,5,1,0,0,0,0,0,0,0,0,0,3,6,6,5,1,0,0,0,0,0,0,0,0,0,1,5,6,6,2,0,0,0,0,3,4,2,2,2,4,6,6,6,4,0,0,0,0,3,6,6,6,6,6,6,6,6,3,0,0,0,0,0,2,4,4,4,4,4,4,4,1,0,0,0,0,0,0,6,"mfeat-pixel","att60",0.9
0,0,3,4,4,4,4,4,4,6,6,5,4,3,0,0,2,6,6,6,6,6,6,6,6,6,6,6,6,2,0,6,6,6,6,6,4,4,4,6,4,4,3,1,0,0,6,6,6,6,1,0,0,0,0,0,0,0,0,-0.26,0,6,6,6,6,5,2,2,2,2,2,0,0,0,0,0,6,6,6,6,6,6,6,6,6,6,6,3,0,0,0,6,6,6,6,6,6,6,6,6,6,6,6,5,0,0,6,6,6,6,6,6,4,2,3,6,6,6,6,4,0,6,6,6,6,6,1,0,0,0,6,6,6,6,6,0,5,6,6,6,3,0,0,0,0,6,6,6,6,6,0,0,0,0,0,0,0,0,0,0,6,6,6,6,4,0,0,0,0,0,0,0,0,0,2,6,6,6,6,0,0,0,0,0,0,0,0,0,1,6,6,6,6,5,0,2,6,6,6,6,4,6,6,6,6,6,6,5,1,0,1,5,6,6,6,6,6,6,6,6,6,3,0,0,0,0,0,3,4,4,4,4,4,4,3,1,0,0,0,0,6,"mfeat-pixel","att60",0.9
0,0,0,5,6,6,6,6,6,6,6,6,6,6,6,0,0,4,6,6,6,6,6,6,6,6,6,6,6,5,0,0,6,6,6,5,2,2,2,2,2,2,2,2,0,0,1,6,6,6,3,0,0,0,0,0,0,0,0,0.8,1,6,6,6,6,0,0,0,0,0,0,0,0,0,0,6,6,6,6,6,0,0,0,0,0,0,0,0,0,0,6,6,6,6,6,5,2,0,0,0,0,0,0,0,0,6,6,6,6,6,6,6,5,1,0,0,0,0,0,0,1,4,4,5,6,6,6,6,6,3,0,0,0,0,0,0,0,0,0,2,5,6,6,6,6,3,0,0,0,0,0,0,0,0,0,0,6,6,6,6,6,4,0,0,0,0,0,0,0,0,0,1,4,6,6,6,6,4,0,0,0,0,0,0,0,0,0,0,6,6,6,6,6,1,0,0,0,0,2,2,2,2,2,6,6,6,6,6,5,0,0,0,5,6,6,6,6,6,6,6,6,6,6,5,0,0,0,3,4,4,4,4,4,4,4,4,4,4,1,0,6,"mfeat-pixel","att60",0.9
0,0,3,4,4,4,6,4,4,6,6,6,6,5,1,0,0,6,6,6,6,6,6,6,6,6,6,6,5,1,0,0,6,6,6,6,3,2,2,2,2,2,0,0,0,0,0,6,6,6,1,0,0,0,0,0,0,0,0,2.29,0,0,6,6,6,5,4,4,3,1,0,0,0,0,0,0,0,6,6,6,6,6,6,6,6,6,3,0,0,0,0,1,6,6,6,6,6,6,6,6,6,6,4,0,0,0,5,6,6,6,6,3,0,1,5,6,6,6,1,0,0,5,6,6,6,3,0,0,0,1,6,6,6,5,1,0,0,3,3,1,0,0,0,0,0,6,6,6,6,3,0,0,0,0,0,0,0,0,0,0,5,6,6,6,3,5,5,1,0,0,0,0,0,0,0,1,6,6,6,6,4,6,6,3,0,0,0,0,0,0,0,6,6,6,6,0,6,6,6,5,3,2,2,2,2,3,6,6,6,6,0,4,6,6,6,6,6,6,6,6,6,6,6,6,5,0,0,3,4,4,4,4,4,4,4,4,4,4,3,0,6,"mfeat-pixel","att60",0.9
0,0,1,3,4,4,4,2,4,4,4,3,2,4,2,0,3,6,6,6,6,6,6,6,6,4,6,6,5,2,0,6,6,6,6,5,2,2,2,0,0,0,0,0,0,0,3,6,6,6,0,0,0,0,0,0,0,0,0,-1.3,0,0,6,6,6,5,2,2,2,2,2,1,0,0,0,0,3,6,6,6,6,6,6,6,6,6,6,5,1,0,0,3,6,6,6,6,6,6,6,6,6,6,6,3,0,0,4,6,6,6,6,3,0,0,3,6,6,6,6,1,0,6,6,6,6,1,0,0,0,0,6,6,6,6,3,0,6,6,6,6,0,0,0,0,0,5,6,6,6,3,0,6,6,6,6,0,0,0,0,0,3,6,6,6,3,0,1,2,1,0,0,0,0,0,0,6,6,6,6,0,0,0,0,0,0,0,0,0,0,1,6,6,6,5,0,0,0,0,0,2,2,2,2,4,6,6,6,6,3,0,0,0,2,6,6,6,6,6,6,6,6,6,6,3,0,0,0,1,3,4,4,4,4,4,4,4,4,4,1,0,6,"mfeat-pixel","att60",0.9
0,3,6,6,6,4,4,5,6,4,4,4,4,3,0,0,6,6,6,6,6,6,6,6,6,6,6,6,5,0,0,3,6,6,6,3,2,2,2,2,0,1,2,0,0,0,5,6,6,6,0,0,0,0,0,0,0,0,0,0.94,0,6,6,6,6,0,0,0,0,0,0,0,0,0,0,1,6,6,6,5,0,0,0,0,0,0,0,0,0,0,3,6,6,6,1,0,0,0,0,0,0,0,0,0,0,5,6,6,6,6,6,4,4,3,0,0,0,0,0,0,6,6,6,6,6,6,6,6,6,5,1,0,0,0,0,3,4,4,2,2,3,6,6,6,6,6,3,0,0,0,0,0,0,0,0,0,0,3,6,6,6,6,5,0,0,0,0,0,0,0,0,0,0,1,6,6,6,6,1,0,0,0,0,0,0,0,0,0,0,4,6,6,6,5,0,0,0,0,0,0,0,2,2,2,5,6,6,6,6,2,0,0,5,6,6,6,6,6,6,6,6,6,6,6,3,0,0,3,4,4,4,4,4,4,4,4,4,4,3,0,6,"mfeat-pixel","att60",0.9
0,0,0,3,6,4,6,6,6,6,6,5,4,4,3,0,2,6,6,6,6,6,6,6,6,6,6,6,6,6,0,0,6,6,6,6,4,4,4,3,2,4,6,6,5,0,0,6,6,6,3,0,0,0,0,0,0,0,0,-1.44,0,0,6,6,6,6,1,0,0,0,0,0,0,0,0,0,1,6,6,6,6,6,6,6,6,6,5,3,0,0,0,5,6,6,6,6,6,6,6,6,6,6,6,5,1,0,5,6,6,6,6,6,3,2,5,6,6,6,6,6,0,0,3,4,3,1,0,0,0,1,6,6,6,6,4,0,0,0,0,0,0,0,0,1,5,6,6,6,6,0,0,0,0,0,0,0,0,3,6,6,6,6,6,4,0,0,0,0,0,0,5,6,6,6,6,5,4,3,0,0,0,0,0,2,5,6,6,6,6,6,0,0,0,0,0,0,1,5,6,6,6,6,6,4,3,0,0,0,0,0,3,6,6,6,6,6,3,0,0,0,0,0,0,0,0,3,4,4,4,4,1,0,0,0,0,0,0,0,0,0,6,"mfeat-pixel","att60",0.9
0,0,3,3,1,0,2,4,4,4,4,6,3,0,0,0,4,6,6,6,6,6,6,6,6,6,6,6,5,0,0,6,6,6,6,5,2,3,4,4,4,4,4,1,0,0,6,6,6,6,3,0,0,0,0,0,0,0,0,1.08,0,6,6,6,6,5,2,2,4,6,5,3,1,0,0,1,6,6,6,6,6,6,6,6,6,6,6,6,3,0,3,6,6,6,6,6,5,2,2,5,6,6,6,6,3,1,6,6,6,6,6,1,0,0,1,5,6,6,6,1,0,3,6,6,6,2,0,0,0,1,5,6,6,3,0,0,0,0,0,0,0,0,0,0,5,6,6,6,3,0,0,0,0,0,0,0,0,0,3,6,6,6,6,1,0,0,0,0,0,0,0,0,1,6,6,6,6,2,0,0,0,0,0,0,0,0,0,4,6,6,6,5,0,0,0,0,0,0,0,0,1,5,6,6,5,2,0,0,0,0,0,0,3,4,4,6,6,5,4,1,0,0,0,0,0,0,0,3,4,4,4,2,0,0,0,0,0,0,0,0,6,"mfeat-pixel","att60",0.9
0,0,0,0,0,0,0,0,3,6,6,6,3,0,0,0,0,0,0,0,0,1,5,6,6,6,6,6,5,1,0,0,0,0,0,1,5,6,6,6,6,6,6,6,5,0,0,0,0,0,6,6,6,6,5,4,6,6,6,4.7,0,0,0,0,3,6,6,6,6,4,0,3,6,5,3,0,0,0,3,6,6,6,6,6,6,3,0,0,0,0,0,0,1,6,6,6,6,6,6,6,6,4,0,0,0,0,0,1,6,6,6,6,6,6,6,6,6,0,0,0,0,0,0,3,6,4,2,6,6,6,6,1,0,0,0,0,0,0,0,0,3,6,6,6,6,3,0,0,0,0,0,0,1,2,3,6,6,6,6,6,1,0,0,0,0,1,5,6,6,6,6,6,6,6,3,0,0,0,0,0,6,6,6,6,6,6,6,5,1,0,0,0,0,0,0,6,6,6,6,6,6,3,0,0,0,0,0,0,0,0,6,6,6,5,1,0,0,0,0,0,0,0,0,0,0,3,4,3,0,0,0,0,0,0,0,0,0,0,0,0,6,"mfeat-pixel","att60",0.9
3,4,5,5,5,6,6,6,6,2,0,0,0,0,0,6,6,6,6,6,6,6,6,5,1,0,0,0,0,0,6,6,6,6,5,2,2,1,0,0,0,0,0,0,0,6,6,6,6,3,0,0,0,0,0,0,0,0,0,-0.71,4,6,6,6,4,0,0,2,0,0,0,0,0,0,0,3,6,6,6,6,6,6,6,5,3,1,0,0,0,0,1,6,6,6,6,6,6,6,6,6,6,4,1,0,0,0,6,6,6,6,6,5,4,6,6,6,6,6,3,0,0,4,6,6,6,6,0,0,0,1,6,6,6,6,0,0,0,5,6,6,6,0,0,0,0,4,6,6,6,0,0,0,2,6,5,3,0,0,0,0,3,6,6,6,3,0,0,0,0,0,0,0,0,0,0,5,6,6,6,3,0,0,0,5,6,6,3,0,0,2,6,6,6,6,3,0,0,0,6,6,6,6,5,4,6,6,6,6,6,1,0,0,0,6,6,6,6,6,6,6,6,6,5,1,0,0,0,0,1,4,4,4,4,4,4,1,0,0,0,0,6,"mfeat-pixel","att60",0.9
0,0,0,3,4,5,5,4,4,4,4,4,4,4,3,0,0,5,6,6,6,6,6,6,6,6,6,6,6,6,0,0,6,6,6,6,6,6,6,3,2,2,2,2,1,0,0,6,6,6,6,6,6,3,0,0,0,0,0,-1.08,0,0,4,6,6,6,6,6,3,0,0,0,0,0,0,0,0,1,6,6,6,6,6,3,0,0,0,0,0,0,0,0,5,6,6,6,6,6,4,0,0,0,0,0,0,0,2,6,6,6,6,6,6,6,5,2,0,0,0,0,0,5,6,6,6,6,6,6,6,6,6,5,1,0,0,0,5,6,5,3,1,1,5,6,6,6,6,5,0,0,0,0,0,0,0,0,0,0,3,6,6,6,6,4,0,0,0,0,0,0,0,0,0,0,4,6,6,6,6,0,0,0,0,0,0,0,0,0,0,3,6,6,6,6,0,0,0,0,1,2,2,2,3,4,6,6,6,6,6,0,0,0,5,6,6,6,6,6,6,6,6,6,6,6,0,0,0,3,4,4,4,4,4,4,4,4,4,4,3,0,6,"mfeat-pixel","att60",0.9
0,0,0,2,4,5,6,6,6,6,6,6,6,3,0,0,0,5,6,6,6,6,6,6,6,6,6,6,6,2,0,0,6,6,6,6,4,0,2,2,2,2,2,1,0,0,0,6,6,6,6,5,4,1,0,0,0,0,0,-2.66,0,4,6,6,6,6,6,6,6,5,4,4,3,0,0,0,6,6,6,6,6,6,6,6,6,6,6,6,1,0,1,6,6,6,6,5,2,3,6,6,6,6,6,5,0,1,5,6,6,6,2,0,0,6,6,6,6,6,6,0,0,0,0,0,0,0,0,0,6,6,6,6,6,6,0,0,0,0,0,0,0,0,0,3,6,6,6,6,6,0,0,0,0,0,0,0,0,0,0,3,6,6,6,6,2,0,0,0,0,0,0,0,0,0,4,6,6,6,6,1,0,0,0,0,0,1,2,3,5,6,6,6,6,6,2,0,0,0,1,4,6,6,6,6,6,6,6,6,5,1,0,0,2,6,6,6,6,6,6,6,6,6,6,1,0,0,0,0,3,4,4,4,4,4,4,4,4,3,0,0,6,"mfeat-pixel","att60",0.9
0,1,4,6,6,6,6,6,6,4,6,6,6,4,3,0,3,6,6,6,6,6,6,6,6,6,6,6,6,3,0,0,6,6,6,6,5,2,2,2,2,2,4,1,0,0,0,6,6,6,6,5,2,1,0,0,0,0,0,2.7,0,1,6,6,6,6,6,6,6,5,2,0,0,0,0,0,5,6,6,6,6,6,6,6,6,6,5,1,0,0,0,6,6,6,6,6,5,5,6,6,6,6,5,0,0,0,6,6,6,6,6,0,0,6,6,6,6,6,0,0,0,1,4,3,2,1,0,0,2,6,6,6,6,0,0,0,0,0,0,0,0,0,0,0,6,6,6,6,0,0,0,0,0,0,0,0,0,0,0,6,6,6,6,1,0,3,6,6,3,0,0,0,0,0,6,6,6,6,3,0,6,6,6,6,2,0,0,0,0,6,6,6,6,2,0,6,6,6,6,6,4,4,4,5,6,6,6,6,0,0,5,6,6,6,6,6,6,6,6,6,6,6,5,0,0,0,3,4,4,4,4,4,4,4,4,4,3,0,0,0,6,"mfeat-pixel","att60",0.9
0,0,3,5,6,6,6,6,6,4,4,2,0,0,0,0,0,6,6,6,6,6,6,6,6,6,6,5,0,0,0,0,6,6,6,6,6,3,2,2,2,2,1,0,0,0,3,6,6,6,6,6,5,2,2,2,1,0,0,0.93,3,6,6,6,6,6,6,6,6,6,6,6,5,0,0,0,6,6,6,6,6,3,2,3,6,6,6,6,4,0,0,6,6,6,6,6,0,0,0,1,6,6,6,6,0,0,3,6,6,6,3,0,0,0,0,6,6,6,6,2,0,0,1,2,1,0,0,0,0,0,6,6,6,6,6,0,0,0,0,0,0,0,0,0,0,6,6,6,6,6,0,0,0,0,0,0,0,0,0,0,6,6,6,6,6,0,0,0,0,0,0,0,0,0,0,1,6,6,6,5,0,0,3,4,3,0,0,0,0,0,5,6,6,6,1,0,2,6,6,6,6,3,2,2,5,6,6,6,6,0,0,0,3,5,6,6,6,6,6,6,6,6,6,3,0,0,0,0,0,1,3,4,4,4,4,4,3,0,0,0,6,"mfeat-pixel","att60",0.9
0,0,3,4,4,4,4,5,6,6,6,4,6,5,0,0,5,6,6,6,6,6,6,6,6,6,6,6,6,2,0,6,6,6,6,6,5,2,2,2,2,2,2,0,0,0,6,6,6,6,6,3,0,0,0,0,0,0,0,-0.6,0,6,6,6,6,6,5,2,0,0,0,0,0,0,0,0,6,6,6,6,6,6,6,6,4,4,1,0,0,0,0,6,6,6,6,6,6,6,6,6,6,6,2,0,0,3,6,6,6,6,6,6,6,6,6,6,6,6,0,0,3,6,6,6,6,5,3,6,6,6,6,6,6,2,0,0,3,5,6,5,1,1,6,6,6,6,6,5,1,0,0,0,0,0,0,1,5,6,6,6,6,4,0,0,0,0,0,0,0,3,6,6,6,6,6,5,0,0,0,0,0,0,0,1,6,6,6,6,6,3,0,0,0,0,0,0,0,0,5,6,6,6,6,1,0,0,0,0,0,0,0,0,2,6,6,6,6,6,0,0,0,0,0,0,0,0,0,2,4,4,4,4,4,0,0,0,0,0,0,0,6,"mfeat-pixel","att60",0.9
0,3,5,6,6,6,6,6,6,5,4,4,4,3,0,0,6,6,6,6,6,4,4,4,4,4,4,4,3,0,3,6,6,6,6,3,0,0,0,0,0,0,0,0,0,0,6,6,6,6,6,4,2,2,0,0,0,0,0,2.99,2,6,6,6,6,6,6,6,6,6,4,4,3,1,0,3,6,6,6,6,6,6,6,6,6,6,6,6,6,0,3,6,6,6,6,6,5,1,0,4,6,6,6,6,0,3,6,6,6,6,4,0,0,0,2,6,6,6,6,0,6,6,6,6,6,3,0,0,0,1,6,6,6,6,0,1,5,6,6,6,2,0,0,0,2,6,6,6,6,0,0,0,0,0,0,0,0,0,0,1,6,6,6,6,0,0,0,0,0,0,0,0,0,0,3,6,6,6,6,0,0,0,0,0,0,0,0,0,0,3,6,6,6,6,0,0,0,0,0,0,0,0,0,1,5,6,6,6,6,0,0,0,3,4,4,4,4,5,6,6,6,6,4,1,0,0,0,1,4,4,4,4,4,4,4,3,1,0,0,0,6,"mfeat-pixel","att60",0.9
0,0,2,4,6,6,6,6,6,5,4,6,5,4,3,0,5,6,6,6,6,6,6,6,6,6,6,6,6,4,0,1,6,6,6,6,6,6,6,6,5,4,4,3,0,0,5,6,6,6,6,6,1,0,0,0,0,0,0,-1.72,0,6,6,6,6,6,4,0,1,4,4,3,2,1,0,0,1,6,6,6,6,6,5,6,6,6,6,6,6,1,0,5,6,6,6,6,6,6,6,6,6,6,6,6,3,0,6,6,6,6,6,6,6,4,5,6,6,6,6,1,0,6,6,6,6,6,6,2,0,4,6,6,6,6,3,0,5,6,6,6,5,3,1,5,6,6,6,5,3,0,0,0,0,0,0,0,0,5,6,6,6,1,0,0,0,0,0,0,0,3,4,5,6,6,4,1,0,0,0,0,0,0,0,1,6,6,6,6,1,0,0,0,0,0,0,0,5,6,6,6,6,6,4,0,0,0,0,0,0,0,1,6,6,6,6,6,5,0,0,0,0,0,0,0,0,2,4,4,4,4,3,0,0,0,0,0,0,0,0,0,6,"mfeat-pixel","att60",0.9
0,3,6,6,6,6,6,6,4,5,6,6,6,6,3,0,6,6,6,6,6,6,6,6,6,6,6,6,6,5,0,3,6,6,6,1,0,0,0,1,2,2,2,2,0,0,5,6,6,6,3,0,0,0,0,0,0,0,0,-0.74,0,6,6,6,6,6,6,4,6,5,4,2,0,0,0,0,6,6,6,6,6,6,6,6,6,6,6,5,1,0,0,6,6,6,6,5,2,3,5,6,6,6,6,5,0,0,6,6,6,6,3,0,0,0,4,6,6,6,6,1,2,6,6,6,6,2,0,0,0,3,6,6,6,6,3,0,3,6,6,5,0,0,0,1,5,6,6,6,6,0,0,0,0,0,0,0,0,1,6,6,6,6,6,5,0,0,0,0,0,0,0,0,5,6,6,6,6,6,1,0,0,0,0,0,0,0,1,6,6,6,6,6,3,0,0,0,0,0,0,1,4,6,6,6,6,6,1,0,0,0,1,5,6,6,6,6,6,6,6,6,2,0,0,0,0,2,4,4,4,4,4,4,4,1,0,0,0,0,0,0,6,"mfeat-pixel","att60",0.9
0,0,0,0,3,6,6,6,6,6,6,6,6,6,2,0,0,0,5,6,6,3,2,2,2,2,2,2,2,0,0,0,1,6,6,3,0,0,0,0,0,0,0,0,0,0,1,6,6,6,6,3,2,2,0,0,0,0,0,0.43,0,0,3,6,6,6,6,6,6,5,1,0,0,0,0,0,0,6,6,6,6,6,6,6,6,3,0,0,0,0,0,0,6,6,3,0,4,6,6,6,3,0,0,0,0,0,0,1,1,0,0,0,6,6,6,2,0,0,0,0,0,0,0,0,0,0,0,6,6,6,2,0,0,0,0,0,0,0,0,0,0,0,4,6,6,6,0,0,0,0,0,0,0,0,0,0,0,1,6,6,6,0,0,0,0,0,5,6,3,0,0,0,2,6,6,6,0,0,0,0,1,6,6,6,0,0,0,1,6,6,6,0,0,0,0,3,6,6,6,1,0,0,5,6,6,6,3,0,0,0,1,6,6,6,6,3,3,6,6,6,6,1,0,0,0,0,3,4,4,4,4,4,4,4,4,3,0,0,0,0,6,"mfeat-pixel","att60",0.9
0,1,3,4,4,4,4,4,4,5,5,4,3,1,0,5,6,6,6,6,6,6,6,6,6,6,6,6,6,2,2,6,6,6,6,6,6,5,4,4,6,6,5,3,0,0,6,6,6,6,0,0,0,0,0,0,0,0,0,-3.72,2,6,6,6,6,5,4,4,2,2,1,0,0,0,0,3,6,6,6,6,6,6,6,6,6,6,3,1,0,0,2,6,6,6,6,6,6,6,6,6,6,6,6,2,0,0,3,4,4,4,3,2,5,6,6,6,6,6,6,2,0,0,0,0,0,0,0,0,1,5,6,6,6,6,3,0,0,0,0,0,0,0,0,0,3,6,6,6,6,6,0,0,0,0,0,0,0,0,0,3,6,6,6,6,6,0,0,0,0,0,0,0,0,0,0,6,6,6,6,5,0,0,1,2,4,6,6,5,2,5,6,6,6,6,3,0,2,6,6,6,6,6,6,6,6,6,6,6,6,1,0,6,6,6,6,6,6,6,6,6,6,6,6,4,0,0,3,4,4,4,4,4,4,4,4,4,4,3,0,0,6,"mfeat-pixel","att60",0.9
0,0,0,0,0,3,6,6,5,4,4,4,5,6,5,0,0,0,2,5,6,6,6,6,6,6,6,6,6,5,0,2,6,6,6,6,6,6,6,6,6,6,4,1,0,0,0,5,6,6,6,4,0,0,0,0,0,0,0,-3.21,0,0,3,6,6,6,3,0,0,0,0,0,0,0,0,0,0,3,6,6,6,6,3,2,2,2,2,0,0,0,0,0,6,6,6,6,6,6,6,6,6,6,5,1,0,0,1,6,6,6,6,6,6,6,6,6,6,6,6,1,0,3,6,6,6,6,4,3,0,1,5,6,6,6,5,0,3,6,6,5,1,0,0,0,0,3,6,6,6,6,0,0,2,2,0,0,0,0,0,1,6,6,6,6,4,0,0,0,0,0,0,0,0,3,6,6,6,6,5,0,0,0,0,0,0,0,0,1,6,6,6,6,5,1,0,1,2,2,4,6,6,6,6,6,6,4,0,0,0,0,6,6,6,6,6,6,6,6,6,5,1,0,0,0,0,2,4,4,4,4,4,4,4,2,0,0,0,0,0,0,6,"mfeat-pixel","att60",0.9
0,0,0,3,4,4,6,4,4,6,6,4,4,4,1,0,0,0,6,6,6,6,6,6,6,6,6,6,6,5,0,0,4,6,6,5,4,2,2,2,4,4,2,2,1,0,0,6,6,6,0,0,0,0,0,0,0,0,0,1.96,0,2,6,6,6,1,0,0,0,0,0,0,0,0,0,0,6,6,6,6,6,3,2,1,0,0,0,0,0,0,1,6,6,6,6,6,6,6,6,3,0,0,0,0,0,5,6,6,6,6,6,6,6,6,6,2,0,0,0,0,3,6,6,5,1,1,5,6,6,6,0,0,0,0,0,0,0,0,0,0,0,5,6,6,4,0,0,0,0,0,0,0,0,0,0,0,5,6,6,4,0,0,0,0,0,0,0,0,0,0,0,4,6,6,6,0,0,0,0,0,0,0,0,0,0,0,4,6,6,6,0,0,0,0,0,0,1,2,4,4,4,6,6,6,6,0,0,0,0,0,0,5,6,6,6,6,6,6,6,2,0,0,0,0,0,0,0,3,4,4,4,4,4,3,0,0,0,0,0,0,6,"mfeat-pixel","att60",0.9
0,1,3,4,4,4,4,5,6,6,6,4,4,3,0,2,6,6,6,6,6,6,6,6,6,6,6,6,5,0,1,5,5,4,5,6,6,6,6,6,6,6,3,0,0,0,0,0,0,0,4,6,6,6,6,6,1,0,0,0.06,0,0,0,0,3,6,6,6,6,6,5,0,0,0,0,0,0,0,0,6,6,6,6,6,6,4,0,0,0,0,0,0,0,0,6,6,6,6,6,6,6,5,0,0,0,0,0,0,4,6,6,6,6,6,6,6,6,5,0,0,0,0,0,6,6,6,6,6,6,6,6,6,6,2,0,0,0,0,6,6,6,6,6,5,6,6,6,6,6,0,0,0,0,3,6,5,4,1,0,6,6,6,6,6,0,0,0,0,0,0,0,0,0,0,6,6,6,6,6,0,0,0,0,0,0,0,0,0,0,4,6,6,6,6,1,0,0,0,0,1,2,2,4,6,6,6,6,6,6,3,0,0,0,0,6,6,6,6,6,6,6,6,6,6,0,0,0,0,0,4,4,4,4,4,4,4,4,4,3,0,6,"mfeat-pixel","att60",0.9
1,4,4,4,4,4,5,5,2,0,1,2,2,0,0,3,6,6,6,6,6,6,6,6,6,6,6,6,6,5,3,6,6,6,6,6,4,4,6,6,6,6,6,6,3,3,6,6,6,5,1,0,0,0,0,0,0,0,0,-1.48,5,6,6,6,5,1,0,0,0,0,0,0,0,0,0,3,6,6,6,6,6,5,3,2,2,1,0,0,0,0,3,6,6,6,6,6,6,6,6,6,6,3,0,0,0,3,6,6,6,6,5,2,5,6,6,6,6,2,0,0,3,6,6,6,3,0,0,0,5,6,6,6,6,1,0,0,3,4,1,0,0,0,0,1,6,6,6,6,5,0,0,0,0,0,1,1,0,0,0,2,6,6,6,6,3,0,0,1,5,6,6,3,0,0,2,6,6,6,6,1,0,0,3,6,6,6,6,3,3,6,6,6,6,2,0,0,0,0,4,6,6,6,6,6,6,6,6,4,0,0,0,0,0,0,3,6,6,6,6,6,6,5,0,0,0,0,0,0,0,0,1,4,4,4,4,3,0,0,0,0,6,"mfeat-pixel","att60",0.9
0,0,0,0,1,3,6,5,4,4,4,4,4,4,3,0,1,5,6,6,6,6,6,6,6,6,6,6,6,6,0,6,6,6,6,6,3,2,2,2,2,2,2,2,1,3,6,6,6,6,3,0,0,0,0,0,0,0,0,-1.24,0,6,6,6,6,5,2,3,4,5,6,6,4,3,0,1,6,6,6,6,6,6,6,6,6,6,6,6,6,5,5,6,6,6,6,6,5,2,0,4,6,6,6,6,6,6,6,6,6,6,6,0,0,0,5,6,6,6,6,3,1,3,4,4,2,1,0,1,5,6,6,6,6,4,0,0,0,0,0,0,0,3,6,6,6,6,6,5,1,0,0,0,0,0,0,5,6,6,6,6,6,3,0,0,0,0,0,0,0,5,6,6,6,6,3,0,0,0,0,0,0,0,1,5,6,6,6,6,3,0,0,0,0,0,0,0,3,6,6,6,6,6,5,1,0,0,0,0,0,0,1,6,6,6,6,6,3,0,0,0,0,0,0,0,0,1,4,4,4,4,3,0,0,0,0,0,0,0,0,0,6,"mfeat-pixel","att60",0.9
0,0,3,5,6,4,6,6,6,6,4,4,4,6,3,0,4,6,6,6,6,6,6,6,6,6,6,6,6,5,0,6,6,6,6,6,3,2,2,2,2,1,0,0,0,0,6,6,6,6,6,1,0,0,0,0,0,0,0,5.54,4,6,6,6,6,6,6,6,6,6,6,6,6,6,3,6,6,6,6,6,6,6,6,6,6,6,6,6,6,6,6,6,6,6,6,6,6,6,6,6,6,6,6,6,6,3,6,6,6,4,4,2,0,1,6,6,6,6,6,4,0,1,2,0,0,0,0,0,3,6,6,6,6,6,0,0,0,0,0,0,0,0,3,6,6,6,6,6,4,0,0,0,0,0,0,0,3,6,6,6,3,3,3,0,0,0,0,0,0,2,5,6,6,6,6,0,0,0,0,0,0,0,1,5,6,6,6,6,6,5,0,0,0,0,0,0,3,6,6,6,6,6,5,3,0,0,0,0,0,0,3,6,6,6,6,6,1,0,0,0,0,0,0,0,0,0,4,4,4,4,3,0,0,0,0,0,0,0,0,0,6,"mfeat-pixel","att60",0.9
0,0,0,5,6,4,2,2,2,4,6,6,5,1,0,0,0,1,6,6,6,6,6,6,6,6,6,6,6,0,0,0,5,6,6,6,6,6,6,4,4,5,6,6,0,0,4,6,6,6,6,5,2,0,0,0,0,1,1,2.45,0,6,6,6,6,4,0,0,0,2,2,1,0,0,0,0,3,6,6,6,6,4,4,6,6,6,6,5,3,0,0,0,4,6,6,6,6,6,6,6,6,6,6,6,0,0,4,6,6,6,6,5,5,6,6,6,6,6,6,1,5,6,6,6,5,1,0,0,3,6,6,6,6,6,3,2,6,6,5,0,0,0,0,0,3,6,6,6,6,3,0,6,6,1,0,0,0,0,0,5,6,6,6,6,1,0,1,1,0,0,0,0,0,0,6,6,6,6,6,0,0,0,0,0,0,0,2,2,5,6,6,6,6,6,0,0,0,1,4,4,6,6,6,6,6,6,6,6,2,0,0,0,1,6,6,6,6,6,6,6,6,5,3,0,0,0,0,0,1,2,2,0,1,3,4,1,0,0,0,0,6,"mfeat-pixel","att60",0.9
0,3,4,4,4,4,6,6,6,6,6,6,6,3,0,2,6,6,6,6,6,6,6,6,6,6,6,6,6,2,3,6,6,6,6,5,3,1,0,1,3,4,3,1,0,4,6,6,6,3,0,0,0,0,0,0,0,0,0,3.12,6,6,6,6,0,0,0,0,0,0,0,0,0,0,0,3,6,6,6,5,4,4,6,6,6,6,4,4,3,0,5,6,6,6,6,6,6,6,6,6,6,6,6,6,2,4,6,6,6,6,6,5,1,1,3,5,6,6,6,6,0,6,6,6,6,3,0,0,0,0,0,6,6,6,6,4,6,6,6,5,0,0,0,0,0,1,6,6,6,5,3,6,6,5,1,0,0,0,0,3,6,6,6,5,1,0,0,0,0,0,0,0,0,5,6,6,6,5,0,0,0,0,0,0,0,0,0,0,6,6,6,3,0,0,0,0,0,0,0,0,0,3,5,6,6,3,0,0,0,0,0,0,0,0,0,4,6,6,6,6,0,0,0,0,0,0,0,0,0,0,3,4,4,4,4,0,0,0,0,0,6,"mfeat-pixel","att60",0.9
0,0,3,5,6,4,6,5,4,4,4,4,4,2,0,1,5,6,6,6,6,6,6,6,6,6,6,6,4,0,5,6,6,6,1,0,0,0,0,0,0,0,0,0,0,4,6,6,6,5,0,0,0,0,0,0,0,0,0,1.65,0,6,6,6,6,5,2,2,2,2,0,0,0,0,0,1,6,6,6,6,6,6,6,6,6,6,3,0,0,0,5,6,6,6,6,4,4,5,6,6,6,6,6,3,0,3,4,4,2,0,0,0,0,1,6,6,6,6,6,0,0,0,0,0,0,0,0,0,0,2,6,6,6,6,1,0,0,0,0,0,0,0,0,0,0,6,6,6,6,3,0,0,0,0,0,0,0,0,0,1,6,6,6,6,0,0,0,0,0,0,0,0,0,0,3,6,6,6,6,0,0,0,3,4,4,1,0,0,3,6,6,6,6,3,0,1,5,6,6,6,6,4,5,6,6,6,6,5,1,0,2,6,6,6,6,6,6,6,6,6,5,2,0,0,0,0,3,4,4,4,4,4,4,4,3,0,0,0,0,0,6,"mfeat-pixel","att60",0.9
0,3,4,4,4,6,4,4,4,4,4,4,4,3,0,2,6,6,6,6,6,6,6,6,6,6,6,6,6,3,6,6,6,6,6,6,4,4,4,6,6,6,6,5,1,6,6,6,6,6,3,0,0,0,0,0,0,0,0,-2.56,6,6,6,6,6,6,0,0,0,0,0,0,0,0,0,6,6,6,6,6,6,5,4,4,3,1,0,0,0,0,3,6,6,6,6,6,6,6,6,6,6,6,5,0,0,5,6,6,6,6,6,6,6,6,6,6,6,6,3,0,6,6,6,6,6,4,5,6,6,6,6,6,6,1,0,3,6,6,3,0,0,1,6,6,6,6,6,6,0,0,0,0,0,0,0,0,6,6,6,6,6,6,6,0,0,0,0,0,0,0,0,6,6,6,6,6,6,6,0,0,0,0,0,0,0,1,6,6,6,6,6,6,6,0,0,0,0,0,0,2,6,6,6,6,6,6,6,6,0,0,0,0,0,0,1,6,6,6,6,6,6,5,1,0,0,0,0,0,0,0,3,4,4,4,4,4,1,0,0,0,6,"mfeat-pixel","att60",0.9
0,0,0,2,4,4,5,5,4,4,4,5,5,1,0,1,4,5,6,6,6,6,6,6,6,6,6,6,6,2,6,6,6,6,5,2,2,2,2,2,4,4,2,2,0,3,6,6,6,3,0,0,0,0,0,0,0,0,0,0.63,4,6,6,6,6,4,4,5,6,6,6,6,5,4,1,4,6,6,6,6,6,6,6,6,6,6,6,6,6,5,3,6,6,6,6,4,3,2,0,1,6,6,6,6,5,1,4,4,3,0,0,0,0,0,3,6,6,6,6,3,0,0,0,0,0,0,0,0,0,5,6,6,6,3,0,0,0,0,0,0,0,0,1,5,6,6,6,5,0,0,0,0,0,0,0,0,1,5,6,6,6,3,0,0,0,0,0,0,0,2,2,5,6,6,6,2,0,0,0,0,0,0,0,3,6,6,6,6,6,3,0,0,0,0,0,0,0,1,5,6,6,6,5,1,0,0,0,0,0,0,0,2,6,6,6,6,4,0,0,0,0,0,0,0,0,0,2,4,4,4,4,1,0,0,0,0,0,0,0,0,6,"mfeat-pixel","att60",0.9
0,0,2,4,4,4,4,5,6,4,1,0,0,0,0,2,6,6,6,6,6,6,6,6,6,6,2,0,0,0,1,6,6,6,6,6,6,4,4,4,2,0,0,0,0,1,6,6,6,6,6,6,2,2,0,0,0,0,0,0.79,5,6,6,6,6,6,6,6,6,6,3,0,0,0,0,6,6,6,6,6,6,6,6,6,6,6,6,2,0,0,6,6,6,6,5,2,2,5,6,6,6,6,3,0,0,6,6,6,4,1,0,0,3,6,6,6,6,6,3,0,1,2,0,0,0,0,0,3,6,6,6,6,6,6,0,0,0,0,0,0,0,0,1,5,6,6,6,6,6,2,0,0,0,0,0,0,0,0,0,6,6,6,6,6,6,0,0,0,0,0,0,0,0,0,6,6,6,6,6,6,0,3,4,4,1,0,0,0,0,6,6,6,6,6,2,2,6,6,6,6,4,4,4,5,6,6,6,6,6,0,0,5,6,6,6,6,6,6,6,6,6,6,6,5,0,0,0,2,4,4,4,4,4,4,4,4,4,2,0,0,6,"mfeat-pixel","att60",0.9
0,0,0,3,6,6,6,6,6,6,6,4,4,3,0,0,0,5,6,6,6,6,6,6,6,6,6,6,5,0,0,0,6,6,6,6,6,5,4,4,4,3,1,0,0,0,0,6,6,6,6,6,4,1,0,0,0,0,0,-1.04,0,0,6,6,6,6,6,6,6,5,4,3,1,0,0,0,4,6,6,6,6,6,6,6,6,6,6,6,3,0,0,6,6,6,6,5,1,1,3,5,6,6,6,6,3,2,6,6,6,6,0,0,0,0,0,6,6,6,6,3,5,6,6,6,5,0,0,0,0,0,6,6,6,6,2,0,2,2,0,0,0,0,0,0,4,6,6,6,6,0,0,0,0,0,0,0,0,0,3,6,6,6,6,4,0,0,0,0,0,0,2,5,6,6,6,6,5,3,0,0,0,0,0,1,5,6,6,6,6,6,3,0,0,0,0,0,3,5,6,6,6,6,6,3,1,0,0,0,0,0,5,6,6,6,6,3,2,1,0,0,0,0,0,0,0,4,4,4,3,0,0,0,0,0,0,0,0,0,0,0,6,"mfeat-pixel","att60",0.9
0,1,5,6,6,6,6,5,4,4,4,4,4,3,0,3,6,6,6,6,6,6,6,6,6,6,6,6,6,5,4,6,6,6,3,2,3,3,2,2,2,2,2,2,1,0,6,6,6,3,0,0,2,2,3,4,1,0,0,2.05,0,6,6,6,6,6,6,6,6,6,6,6,3,0,0,0,6,6,6,6,6,6,5,2,5,6,6,6,5,0,0,4,6,6,6,6,3,0,0,1,5,6,6,6,1,0,3,6,6,6,3,0,0,0,0,0,6,6,6,5,0,5,6,5,3,0,0,0,0,0,5,6,6,6,6,0,0,2,0,0,0,0,0,0,0,3,6,6,6,6,0,0,0,0,0,0,0,0,0,0,0,6,6,6,6,0,0,3,3,0,0,0,0,0,0,3,6,6,6,2,0,0,6,6,3,0,0,0,0,3,6,6,6,6,0,0,0,6,6,6,5,2,2,3,6,6,6,6,2,0,0,0,1,5,6,6,6,6,6,6,6,4,1,0,0,0,0,0,0,3,4,4,4,4,2,0,0,0,0,0,6,"mfeat-pixel","att60",0.9
3,6,6,6,6,6,6,6,6,6,6,2,0,0,0,6,6,6,6,6,6,6,6,6,6,5,1,0,0,0,6,6,6,5,2,2,2,2,2,1,0,0,0,0,0,6,6,6,3,0,0,0,0,0,0,0,0,0,0,-1.25,6,6,6,6,3,1,0,0,0,0,0,0,0,0,0,6,6,6,6,6,6,6,6,6,5,3,2,1,0,0,6,6,6,6,6,6,6,6,6,6,6,6,6,1,0,6,6,6,6,6,6,6,6,6,6,6,6,6,5,0,6,6,6,4,2,2,2,0,0,3,6,6,6,6,1,3,4,1,0,0,0,0,0,0,0,6,6,6,6,5,0,0,0,0,0,0,0,0,0,0,6,6,6,6,5,0,0,0,0,0,0,0,0,0,0,6,6,6,5,0,0,3,4,2,0,0,0,0,0,1,6,6,5,0,0,5,6,6,6,6,5,4,4,6,6,6,4,0,0,0,1,5,6,6,6,6,6,6,6,6,6,6,2,0,0,0,0,3,4,4,4,4,4,4,4,4,2,0,0,0,6,"mfeat-pixel","att60",0.9
3,6,6,6,6,6,6,6,6,6,6,6,5,0,0,4,6,6,6,6,6,4,4,4,4,4,4,3,0,0,0,6,6,6,6,3,0,0,0,0,0,0,0,0,0,0,6,6,6,6,6,4,4,4,4,3,0,0,0,-0.79,0,6,6,6,6,6,6,6,6,6,6,3,0,0,0,0,2,6,6,6,6,6,6,6,6,6,4,0,0,0,0,0,6,6,6,6,6,5,5,6,6,6,5,0,0,0,0,6,6,6,6,6,0,0,4,6,6,6,0,0,0,0,5,6,6,6,6,0,0,3,6,6,6,1,0,0,0,0,4,6,6,6,0,0,3,6,6,6,5,0,0,0,0,1,4,4,3,0,0,1,6,6,6,6,0,0,0,0,0,0,0,0,0,0,0,3,6,6,6,0,0,0,1,3,4,3,1,0,0,0,3,6,6,6,3,0,0,6,6,6,6,6,0,0,0,3,6,6,6,2,0,0,6,6,6,6,6,5,4,4,6,6,6,6,0,0,0,3,4,4,4,4,4,4,4,4,4,4,3,0,6,"mfeat-pixel","att60",0.9
3,6,4,4,4,4,6,6,6,4,4,4,4,3,0,4,6,6,6,6,6,6,6,6,6,6,6,6,5,0,2,6,6,6,6,5,2,2,2,2,0,0,0,0,0,2,6,6,6,6,3,0,0,0,0,0,0,0,0,-0.14,3,6,6,6,6,4,0,0,0,0,0,0,0,0,0,0,6,6,6,6,6,6,6,6,6,6,3,0,0,0,0,6,6,6,6,6,5,4,4,6,6,6,6,4,1,0,5,6,6,6,3,0,0,0,1,6,6,6,6,6,0,0,0,0,0,0,0,0,0,0,6,6,6,6,6,0,0,0,0,0,0,0,0,0,0,6,6,6,6,6,0,0,0,0,0,0,0,0,0,0,6,6,6,6,6,0,0,1,3,3,0,0,0,0,3,6,6,6,6,3,0,2,6,6,6,5,1,0,0,4,6,6,6,6,6,0,6,6,6,6,6,4,0,1,6,6,6,6,6,3,0,4,6,6,6,6,6,6,6,6,6,6,4,1,0,0,0,3,4,4,4,4,4,4,4,4,1,0,0,0,6,"mfeat-pixel","att60",0.9
0,0,0,1,3,5,6,5,4,4,4,4,6,3,0,0,1,5,6,6,6,6,6,6,6,6,6,6,6,2,0,6,6,6,6,5,2,2,3,4,4,2,4,1,0,0,4,6,6,6,3,0,0,0,0,0,0,0,0,-2.04,0,3,6,6,6,6,3,2,2,3,4,2,0,0,0,0,5,6,6,6,6,6,6,6,6,6,6,5,1,0,0,6,6,6,6,6,6,6,6,6,6,6,6,6,0,0,6,6,6,6,6,6,3,0,4,6,6,6,6,0,0,6,6,6,6,6,3,0,1,6,6,6,6,2,0,0,2,6,6,6,3,0,1,6,6,6,6,5,0,0,0,0,0,0,0,0,3,6,6,6,6,5,1,0,0,0,0,0,0,3,5,6,6,6,3,2,0,0,0,0,0,0,0,4,6,6,6,4,1,0,0,0,0,0,0,0,3,5,6,6,6,1,0,0,0,0,0,0,0,0,2,6,6,6,5,1,0,0,0,0,0,0,0,0,0,4,4,4,3,0,0,0,0,0,0,0,0,0,0,0,6,"mfeat-pixel","att60",0.9
0,2,6,6,6,6,6,4,4,4,4,4,4,3,0,0,3,6,6,6,6,6,6,6,6,6,6,6,3,0,1,6,6,6,6,4,0,0,0,0,0,0,0,0,0,2,6,6,6,6,3,0,0,0,0,0,0,0,0,0.23,0,6,6,6,6,5,2,2,4,3,0,0,0,0,0,1,6,6,6,6,6,6,6,6,6,5,1,0,0,0,3,6,6,6,6,6,6,6,6,6,6,6,4,1,0,3,6,6,6,6,4,0,0,0,4,6,6,6,6,2,6,6,6,6,6,3,0,0,0,2,6,6,6,6,4,3,4,6,5,3,0,0,0,0,0,6,6,6,6,6,0,0,0,0,0,0,0,0,0,0,4,6,6,6,6,0,1,2,2,0,0,0,0,0,2,6,6,6,6,6,1,6,6,6,5,1,0,0,3,6,6,6,6,5,1,2,6,6,6,6,4,0,3,6,6,6,6,5,0,0,0,3,6,6,6,6,6,6,6,6,6,4,0,0,0,0,0,1,2,4,4,4,4,4,3,2,0,0,0,0,6,"mfeat-pixel","att60",0.9
0,0,1,5,6,5,4,4,4,4,4,3,0,0,0,0,0,5,6,6,6,6,6,6,6,6,3,0,0,0,0,0,6,6,6,6,3,0,0,2,1,0,0,0,0,0,1,6,6,6,3,0,0,0,0,0,0,0,0,-2.81,0,3,6,6,6,4,0,1,2,2,1,0,0,0,0,0,3,6,6,6,6,6,6,6,6,6,4,1,0,0,0,1,6,6,6,6,6,6,6,6,6,6,6,3,0,0,3,6,6,6,6,6,3,0,4,6,6,6,6,3,0,0,6,6,6,6,2,0,0,1,5,6,6,6,3,0,0,5,6,4,1,0,0,0,0,3,6,6,6,3,0,0,0,0,0,0,0,0,0,0,3,6,6,6,3,0,0,0,0,0,0,0,0,0,2,6,6,6,6,2,2,6,6,3,0,0,0,0,0,4,6,6,6,6,0,1,6,6,6,5,3,0,0,3,6,6,6,6,3,0,0,3,4,6,6,6,6,6,6,6,6,6,6,2,0,0,0,0,1,3,4,4,4,4,4,3,1,0,0,0,6,"mfeat-pixel","att60",0.9
0,3,6,6,6,6,6,6,6,6,6,5,1,0,0,3,6,6,6,6,6,6,6,6,6,6,6,2,0,0,0,6,6,6,1,0,0,0,0,0,0,0,0,0,0,0,6,6,6,0,0,0,0,0,0,0,0,0,0,-0.17,0,6,6,6,3,2,4,2,0,0,0,0,0,0,0,0,6,6,6,6,6,6,6,6,6,6,3,0,0,0,0,6,6,6,6,6,4,4,6,6,6,6,2,0,0,0,6,6,6,5,1,0,0,1,6,6,6,6,2,0,0,6,6,6,0,0,0,0,0,3,6,6,6,6,0,0,6,6,6,0,0,0,0,0,0,3,6,6,6,1,0,5,6,5,0,0,0,0,0,0,0,6,6,6,5,0,0,2,0,0,0,0,0,0,0,0,6,6,6,6,0,0,1,4,4,4,1,0,0,0,0,6,6,6,6,0,0,6,6,6,6,3,0,0,0,1,6,6,6,6,0,0,6,6,6,6,6,4,4,5,6,6,6,6,2,0,0,4,4,4,4,4,4,4,4,4,4,4,4,0,6,"mfeat-pixel","att60",0.9
1,4,4,4,5,6,4,3,0,0,0,0,0,0,0,5,6,6,6,6,6,6,3,0,0,0,0,0,0,0,1,6,6,6,6,6,5,2,0,0,0,0,0,0,0,0,3,6,6,6,6,6,6,5,1,0,0,0,0,2.1,0,0,5,6,6,6,6,6,6,6,2,0,0,0,0,0,0,3,6,6,6,6,6,6,6,6,3,0,0,0,0,0,0,3,6,5,3,3,5,6,6,6,5,1,0,0,0,0,0,0,0,0,0,0,3,6,6,6,6,1,0,0,0,0,0,0,0,0,0,0,6,6,6,6,3,0,0,0,0,0,0,0,0,0,0,3,6,6,6,3,0,0,0,0,0,0,1,1,0,0,1,6,6,6,6,0,0,0,0,0,2,6,6,3,0,0,3,6,6,6,0,0,0,0,0,6,6,6,6,4,0,4,6,6,6,0,0,0,0,0,2,6,6,6,6,6,6,6,6,6,0,0,0,0,0,0,1,5,6,6,6,6,6,6,6,0,0,0,0,0,0,0,0,3,4,4,4,4,4,1,6,"mfeat-pixel","att60",0.9
0,0,0,0,0,3,6,4,4,4,5,6,6,6,5,0,0,0,1,5,6,6,6,6,6,6,6,6,6,5,0,0,5,6,6,6,6,6,6,6,6,4,4,2,0,0,0,6,6,6,6,6,5,4,2,0,0,0,0,-2.53,0,3,6,6,6,6,3,0,0,0,0,0,0,0,0,0,3,6,6,6,6,0,0,0,0,0,0,0,0,0,0,4,6,6,6,6,5,5,6,6,6,4,2,0,0,2,6,6,6,6,6,6,6,6,6,6,6,6,5,0,3,6,6,6,6,6,6,6,6,6,6,6,6,6,3,3,6,6,6,6,3,0,0,0,3,6,6,6,6,3,2,6,6,5,1,0,0,0,0,1,6,6,6,6,3,0,0,0,0,0,0,0,0,0,5,6,6,6,6,3,0,2,2,2,1,0,0,0,0,4,6,6,6,5,0,5,6,6,6,6,5,4,4,5,6,6,6,5,0,0,6,6,6,6,6,6,6,6,6,6,6,3,0,0,0,1,4,4,4,4,4,4,4,4,4,1,0,0,0,0,6,"mfeat-pixel","att60",0.9
0,1,5,6,4,2,2,2,2,4,4,2,2,3,3,0,6,6,6,6,6,6,6,6,6,6,6,6,6,5,0,6,6,6,6,6,6,6,6,6,6,6,6,5,1,0,6,6,6,4,0,0,0,0,0,0,0,0,0,-2.53,0,6,6,6,3,0,0,0,0,0,0,0,0,0,0,0,6,6,6,6,4,4,4,4,4,1,0,0,0,0,0,6,6,6,6,6,6,6,6,6,6,5,1,0,0,2,6,6,6,6,6,6,6,6,6,6,6,6,2,0,6,6,6,6,6,5,2,2,2,5,6,6,6,6,0,5,6,6,6,3,0,0,0,0,2,6,6,6,6,4,0,3,4,1,0,0,0,0,0,0,4,6,6,6,4,0,0,0,0,0,0,0,0,0,0,3,6,6,6,0,0,0,0,0,0,0,0,0,0,3,6,6,6,5,0,0,5,6,6,3,3,6,6,6,6,6,6,5,1,0,0,6,6,6,6,6,6,6,6,6,3,0,0,0,0,0,4,4,4,4,4,4,4,4,2,0,0,0,0,0,6,"mfeat-pixel","att60",0.9
0,0,3,4,6,6,5,4,4,4,3,1,0,0,0,1,5,6,6,6,6,6,6,6,6,6,6,6,3,0,5,6,6,6,6,6,5,4,6,6,6,6,6,5,0,6,6,6,6,6,4,0,0,0,0,0,0,0,0,-0.2,6,6,6,6,6,5,2,2,2,2,2,1,0,0,0,6,6,6,6,6,6,6,6,6,6,6,6,5,1,0,6,6,6,6,6,6,6,6,6,6,6,6,6,6,0,3,6,6,6,5,3,2,2,2,5,6,6,6,6,3,2,6,6,6,0,0,0,0,0,3,6,6,6,6,0,0,1,2,1,0,0,0,0,3,6,6,6,6,6,0,0,0,0,0,0,0,0,3,6,6,6,6,5,1,0,0,0,0,0,1,3,4,6,6,6,6,3,0,0,0,0,0,0,1,6,6,6,6,6,3,0,0,0,0,0,0,0,1,5,6,6,6,6,2,0,0,0,0,0,0,0,3,6,6,6,6,6,2,0,0,0,0,0,0,0,2,4,4,4,4,2,0,0,0,0,0,0,0,0,0,6,"mfeat-pixel","att60",0.9
0,0,0,1,4,6,6,6,6,6,4,4,4,4,3,0,0,1,5,6,6,6,6,6,6,6,6,6,6,6,0,0,6,6,6,6,6,4,4,5,6,6,6,6,5,0,4,6,6,6,1,0,0,0,0,0,0,0,0,-2.14,0,6,6,6,6,0,0,0,0,0,0,0,0,0,0,0,3,6,6,6,5,4,4,5,6,5,1,0,0,0,0,5,6,6,6,6,6,6,6,6,6,6,3,0,0,0,6,6,6,6,6,6,6,6,6,6,6,6,0,0,0,6,6,6,6,6,2,3,6,6,6,6,6,0,0,2,6,6,6,6,5,0,0,3,6,6,6,6,0,0,1,6,6,6,6,1,0,0,1,6,6,6,6,0,0,0,3,3,2,1,0,0,0,0,6,6,6,5,0,0,0,0,0,0,0,0,0,0,1,6,6,6,0,0,0,0,0,0,0,0,1,2,4,6,6,6,4,0,0,0,0,0,3,4,5,6,6,6,6,6,3,0,0,0,0,0,0,4,4,4,4,4,4,4,3,0,0,0,0,0,6,"mfeat-pixel","att60",0.9
0,1,5,6,6,6,6,6,6,6,4,4,4,6,3,0,5,6,6,6,6,6,6,6,6,6,6,6,6,6,0,6,6,6,6,5,1,0,0,1,3,4,4,4,3,0,6,6,6,6,3,0,0,0,0,0,0,0,0,1.48,0,6,6,6,6,6,4,4,4,3,1,0,0,0,0,4,6,6,6,6,6,6,6,6,6,6,6,5,1,0,5,6,6,6,6,4,4,4,4,6,6,6,6,5,0,1,6,6,6,2,0,0,0,0,1,6,6,6,6,2,0,1,2,1,0,0,0,0,0,0,6,6,6,6,6,0,0,0,0,0,0,0,0,0,0,6,6,6,6,6,0,0,0,0,0,0,0,0,0,0,6,6,6,6,6,0,0,0,0,0,0,0,0,0,3,6,6,6,6,4,3,6,5,4,3,0,0,1,5,6,6,6,6,6,0,6,6,6,6,6,5,4,6,6,6,6,6,5,1,0,2,6,6,6,6,6,6,6,6,3,0,0,0,0,0,0,3,4,4,4,4,4,4,3,0,0,0,0,0,0,6,"mfeat-pixel","att60",0.9
0,0,3,4,4,6,6,6,4,4,4,3,0,0,0,0,5,6,6,6,6,6,6,6,6,6,6,5,1,0,3,6,6,6,6,5,4,5,6,6,6,6,6,2,0,2,6,6,6,3,0,0,0,2,4,3,2,1,0,2.81,2,6,6,6,3,2,2,2,2,2,0,0,0,0,0,3,6,6,6,6,6,6,6,6,6,5,3,2,1,0,1,6,6,6,6,6,6,6,6,6,6,6,6,6,3,3,6,6,6,6,6,3,2,2,3,6,6,6,6,6,3,6,6,6,6,6,0,0,0,0,1,6,6,6,6,3,6,6,6,6,6,0,0,0,0,2,6,6,6,6,0,6,6,6,6,5,0,0,0,1,6,6,6,6,1,0,1,4,3,2,0,0,0,3,6,6,6,6,1,0,0,0,0,0,0,0,0,5,6,6,6,5,3,0,0,0,0,0,0,0,3,5,6,6,6,3,0,0,0,0,0,0,0,1,5,6,6,6,6,1,0,0,0,0,0,0,0,0,1,4,4,4,4,1,0,0,0,0,0,0,6,"mfeat-pixel","att60",0.9
0,1,4,4,4,5,6,6,5,5,6,6,6,5,1,0,5,6,6,6,6,6,6,6,6,6,6,6,5,1,0,3,6,6,6,6,1,0,2,2,2,2,2,0,0,0,3,6,6,6,6,3,0,0,0,0,0,0,0,0.33,0,6,6,6,6,6,6,6,4,3,1,0,0,0,0,2,6,6,6,6,6,6,6,6,6,6,3,0,0,0,3,6,6,6,5,2,0,0,3,6,6,6,6,3,0,1,5,6,3,0,0,0,0,0,1,6,6,6,6,3,0,0,0,0,0,0,0,0,0,0,1,5,6,6,6,0,0,0,0,0,0,0,0,0,0,0,3,6,6,6,5,6,3,0,0,0,0,0,0,0,0,3,6,6,6,3,6,6,4,0,0,0,0,0,0,0,5,6,6,6,3,6,6,6,3,0,0,0,0,0,3,6,6,6,3,1,6,6,6,5,2,0,0,2,3,6,6,6,6,0,0,6,6,6,6,6,6,6,6,6,6,6,5,1,0,0,3,4,4,4,4,4,4,4,4,4,2,0,0,0,6,"mfeat-pixel","att60",0.9
0,0,0,0,2,4,4,6,6,6,6,6,6,6,5,0,0,3,6,6,6,6,6,6,6,6,6,6,6,5,0,3,6,6,6,6,5,4,4,4,4,4,4,6,2,0,3,6,6,6,5,0,0,0,0,0,0,0,0,1.43,0,3,6,6,6,4,0,2,2,2,0,0,0,0,0,0,3,6,6,6,6,6,6,6,6,6,3,0,0,0,0,3,6,6,6,6,6,6,6,6,6,6,5,1,0,0,3,6,6,6,6,3,2,2,5,6,6,6,3,0,1,5,6,6,6,3,0,0,0,1,6,6,6,5,0,3,6,6,5,1,0,0,0,0,0,6,6,6,6,0,0,2,2,0,0,0,0,0,0,0,6,6,6,3,0,0,0,0,0,0,0,0,0,0,5,6,6,6,3,0,2,6,6,4,2,2,1,1,5,6,6,6,5,1,0,3,6,6,6,6,6,6,6,6,6,6,5,1,0,0,0,3,6,6,6,6,6,6,6,6,5,0,0,0,0,0,0,1,4,4,4,4,4,4,3,0,0,0,0,0,6,"mfeat-pixel","att60",0.9
0,0,0,0,0,1,5,6,6,6,4,4,4,1,0,0,0,0,0,0,5,6,6,6,6,6,6,6,6,3,0,0,0,0,4,6,6,6,6,6,6,6,6,6,6,0,0,0,0,6,6,6,6,3,1,2,2,2,2,3.54,0,0,0,3,6,6,6,6,6,3,0,0,0,0,0,0,0,4,6,6,6,6,6,6,6,0,0,0,0,0,0,0,6,6,6,6,4,6,6,6,0,0,0,0,0,0,0,3,6,5,1,3,6,6,6,0,0,0,0,0,0,0,0,0,0,3,6,6,6,6,0,0,0,0,0,0,0,2,0,0,3,6,6,6,4,0,0,0,0,0,0,5,6,5,1,3,6,6,6,1,0,0,0,0,0,0,6,6,6,2,5,6,6,3,0,0,0,0,0,0,2,6,6,6,2,6,6,6,2,0,0,0,0,0,0,6,6,6,6,6,6,6,6,0,0,0,0,0,0,0,6,6,6,6,6,6,6,3,0,0,0,0,0,0,0,3,4,4,4,4,4,4,1,0,0,0,0,0,0,0,6,"mfeat-pixel","att60",0.9
0,1,4,4,4,6,3,0,0,0,0,0,0,0,0,3,6,6,6,6,6,6,2,0,0,0,0,0,0,0,6,6,6,6,5,3,1,0,0,0,0,0,0,0,0,6,6,6,6,3,0,1,2,2,1,0,0,0,0,1.49,6,6,6,6,6,6,6,6,6,6,5,1,0,0,0,3,6,6,6,6,6,6,6,6,6,6,6,1,0,0,0,3,6,6,6,6,5,4,6,6,6,6,4,0,0,0,0,3,6,5,2,0,0,4,6,6,6,6,0,0,0,0,0,0,0,0,0,0,0,6,6,6,6,4,0,0,0,0,0,0,0,0,0,0,1,5,6,6,6,0,0,0,0,0,1,5,6,3,0,0,3,6,6,6,2,0,0,0,0,5,6,6,6,3,0,3,6,6,6,4,0,0,0,0,1,6,6,6,6,0,4,6,6,6,6,0,0,0,0,0,6,6,6,6,6,6,6,6,6,6,0,0,0,0,0,4,6,6,6,6,6,6,6,6,3,0,0,0,0,0,0,4,4,4,4,4,2,2,1,0,6,"mfeat-pixel","att60",0.9
0,2,2,2,2,0,0,2,3,4,5,6,6,2,0,3,6,6,6,6,6,6,6,6,6,6,6,6,2,0,3,6,6,6,6,4,4,4,4,4,4,3,1,0,0,5,6,6,6,3,0,0,0,0,0,0,0,0,0,3.28,6,6,6,6,6,4,4,4,4,5,5,4,4,4,3,6,6,6,6,6,6,6,6,5,5,6,6,6,6,6,6,6,6,6,6,6,3,1,0,0,0,4,6,6,6,5,6,6,6,6,1,0,0,0,0,1,5,6,6,6,3,6,6,6,5,0,0,0,0,0,5,6,6,6,3,1,5,6,6,3,0,0,0,0,4,6,6,6,6,0,0,0,1,2,0,0,0,0,2,6,6,6,6,2,0,0,0,0,0,0,0,0,1,5,6,6,6,2,0,0,0,0,0,0,0,0,1,5,6,6,6,2,0,0,0,0,0,0,1,2,2,5,6,6,6,2,0,0,0,0,0,1,5,6,6,6,6,6,5,1,0,0,0,0,0,0,1,4,4,4,4,4,2,0,0,0,0,0,0,0,6,"mfeat-pixel","att60",0.9
0,1,2,1,0,2,4,4,4,4,4,6,6,4,3,5,6,6,6,6,6,6,6,6,6,6,6,6,6,5,4,6,6,6,6,6,6,6,6,6,6,6,6,3,0,0,6,6,6,6,6,4,0,0,0,0,0,0,0,0.78,0,6,6,6,6,6,5,0,0,0,0,0,0,0,0,0,3,6,6,6,6,6,3,0,0,0,0,0,0,0,0,4,6,6,6,6,6,4,0,0,0,0,0,0,0,0,6,6,6,6,6,6,6,6,6,6,4,3,0,0,0,6,6,6,6,6,6,6,6,6,6,6,6,2,0,0,6,6,6,6,6,4,0,3,6,6,6,6,6,0,0,3,6,6,6,6,3,0,0,1,5,6,6,6,2,0,0,1,2,2,2,0,0,0,0,0,6,6,6,6,0,0,0,0,0,0,0,0,0,0,1,6,6,6,5,0,0,1,3,4,2,0,0,0,2,6,6,6,6,1,0,0,6,6,6,6,5,2,3,6,6,6,5,1,0,0,0,1,3,4,4,4,4,4,4,4,3,0,0,0,6,"mfeat-pixel","att60",0.9
0,5,6,6,4,2,0,0,0,0,0,0,0,0,0,0,6,6,6,6,6,6,6,6,6,6,4,3,0,0,0,3,6,6,6,6,6,6,6,6,6,6,6,0,0,0,5,6,6,6,5,1,1,1,1,2,2,1,0,1.99,0,6,6,6,6,4,0,2,2,0,0,0,0,0,0,1,6,6,6,6,6,6,6,6,5,4,6,3,0,0,3,6,6,6,6,6,6,6,6,6,6,6,6,4,0,5,6,6,6,6,5,2,1,1,5,6,6,6,6,0,6,6,6,6,4,1,0,0,0,2,6,6,6,6,2,3,6,3,1,0,0,0,0,0,0,1,6,6,6,6,0,0,0,0,0,0,0,0,0,0,1,6,6,6,4,0,0,0,0,0,0,0,0,1,4,6,6,6,5,0,0,0,2,2,0,0,0,3,6,6,6,6,5,1,0,0,3,6,6,6,6,6,6,6,6,6,5,1,0,0,0,1,5,6,6,6,6,6,6,6,5,1,0,0,0,0,0,0,3,4,4,4,2,2,2,0,0,0,0,0,6,"mfeat-pixel","att60",0.9
0,3,6,4,4,6,4,4,4,6,4,4,3,0,0,5,6,6,6,6,6,6,6,6,6,6,6,5,0,0,6,6,6,5,2,3,3,1,1,3,4,3,0,0,0,6,6,6,5,0,0,0,0,0,0,0,0,0,0,-3.53,4,6,6,6,3,3,5,6,6,6,5,4,4,3,0,5,6,6,6,6,6,6,6,6,6,6,6,6,6,5,6,6,6,6,6,6,5,4,4,4,5,6,6,6,6,6,6,6,6,6,3,0,0,0,0,0,6,6,6,6,6,6,6,6,4,0,0,0,0,3,5,6,6,5,1,3,6,6,6,2,0,0,1,5,6,6,6,3,0,0,0,1,2,1,0,0,0,6,6,6,6,3,0,0,0,0,0,0,0,0,0,4,6,6,6,1,0,0,0,0,0,0,0,0,0,4,6,6,6,3,0,0,0,0,0,0,0,0,0,0,6,6,6,6,1,0,0,0,0,0,0,0,0,0,0,5,6,6,6,0,0,0,0,0,0,0,0,0,0,0,1,4,4,3,0,0,0,0,0,0,6,"mfeat-pixel","att60",0.9
0,0,0,0,0,1,3,6,6,4,3,1,0,0,0,0,0,3,6,6,6,6,6,6,6,6,6,4,4,3,0,4,6,6,6,6,6,6,6,6,6,6,6,6,3,3,6,6,6,6,5,2,4,4,4,2,4,4,1,0.12,3,6,6,6,6,3,2,0,0,0,0,0,0,0,0,3,6,6,6,6,6,6,6,6,5,3,0,0,0,0,1,6,6,6,6,6,6,6,6,6,6,6,5,1,0,3,6,6,6,6,6,6,6,6,6,6,6,6,6,2,0,6,6,6,6,6,1,0,0,1,5,6,6,6,6,0,6,6,6,6,6,0,0,0,0,4,6,6,6,6,0,1,5,5,3,1,0,0,1,5,6,6,6,6,5,0,0,0,0,0,0,1,4,6,6,6,6,5,2,0,0,0,0,1,2,5,6,6,6,6,6,3,0,0,0,0,0,0,6,6,6,6,6,6,3,1,0,0,0,0,0,0,3,6,6,6,6,4,1,0,0,0,0,0,0,0,0,0,3,4,3,1,0,0,0,0,0,0,0,0,6,"mfeat-pixel","att60",0.9
0,0,3,4,6,4,3,2,3,4,6,5,0,0,0,1,5,6,6,6,6,6,6,6,6,6,5,0,0,0,5,6,6,6,3,2,2,2,2,2,0,0,0,0,0,6,6,6,4,0,0,0,0,0,1,2,1,0,0,-1.89,6,6,6,6,6,6,6,6,6,6,6,6,5,1,0,6,6,6,6,6,6,5,4,4,4,6,6,6,5,0,6,6,6,6,3,0,0,0,0,0,1,6,6,6,1,6,6,6,1,0,0,0,0,0,0,1,6,6,6,5,5,6,6,0,0,0,0,0,0,1,5,6,6,6,4,0,3,3,0,0,0,0,0,1,5,6,6,6,4,0,0,0,0,0,0,0,0,3,6,6,6,6,3,0,0,0,0,0,0,0,1,5,6,6,6,3,1,0,0,0,0,0,0,0,1,6,6,6,5,1,0,0,0,0,0,0,0,0,2,6,6,6,5,0,0,0,0,0,0,0,0,0,2,6,6,6,5,1,0,0,0,0,0,0,0,0,0,1,4,4,3,0,0,0,0,0,0,0,0,0,6,"mfeat-pixel","att60",0.9
0,1,2,3,4,4,6,5,4,4,4,4,4,4,1,1,6,6,6,6,6,6,6,6,6,6,6,6,5,1,3,6,6,6,6,6,3,2,2,2,0,0,0,0,0,3,6,6,6,6,3,0,0,0,0,0,0,0,0,3.36,3,6,6,6,6,5,1,0,0,0,0,0,0,0,0,1,6,6,6,6,6,6,6,6,5,1,0,0,0,0,0,6,6,6,6,6,6,6,6,6,6,6,5,0,0,0,6,6,6,6,6,5,1,0,4,6,6,6,2,0,0,6,6,6,6,6,0,0,0,3,6,6,6,6,0,0,3,6,6,5,1,0,0,0,3,6,6,6,6,0,0,0,0,0,0,0,0,0,0,3,6,6,6,6,0,3,4,2,0,0,0,0,0,0,1,6,6,6,6,0,6,6,6,6,2,0,0,0,0,4,6,6,6,2,0,4,6,6,6,4,0,0,1,3,6,6,6,6,0,0,0,6,6,6,6,6,6,6,6,6,6,6,3,0,0,0,1,2,3,4,4,4,4,4,4,2,0,0,0,0,6,"mfeat-pixel","att60",0.9
3,6,6,6,6,6,6,6,6,6,6,6,6,6,3,6,6,6,6,6,6,6,6,6,6,6,6,6,4,3,6,6,6,6,6,3,0,0,0,0,0,0,0,0,0,6,6,6,6,6,3,2,2,4,1,0,0,0,0,0.82,6,6,6,6,6,6,6,6,6,6,3,0,0,0,0,5,6,6,6,6,6,6,6,6,6,6,5,4,3,0,3,6,6,6,6,5,4,5,6,6,6,6,6,6,0,3,6,6,6,6,0,0,0,3,6,6,6,6,6,0,1,5,6,4,1,0,0,0,0,2,6,6,6,6,4,0,0,0,0,0,0,0,0,0,0,4,6,6,6,6,0,0,0,0,0,0,0,0,0,0,3,6,6,6,6,0,0,0,0,0,0,0,0,0,0,3,6,6,6,6,0,0,0,0,0,0,0,0,0,0,3,6,6,6,6,0,0,0,0,0,0,1,3,4,4,6,6,6,6,5,0,0,0,0,0,5,6,6,6,6,6,6,6,5,1,0,0,0,0,0,1,4,4,4,4,4,4,3,0,0,6,"mfeat-pixel","att60",0.9
0,0,0,2,4,4,4,2,2,3,4,4,4,4,1,1,5,6,6,6,6,6,6,6,6,6,6,6,6,5,2,6,6,6,6,6,6,6,6,6,6,6,6,5,1,0,6,6,6,6,6,6,4,3,1,0,0,0,0,-0.13,3,6,6,6,6,6,6,4,4,4,4,2,0,0,0,1,6,6,6,6,6,6,6,6,6,6,6,6,6,3,0,6,6,6,6,6,6,6,6,6,6,6,6,6,6,0,6,6,6,6,6,6,6,6,6,6,6,6,6,6,0,6,6,6,6,6,5,4,5,6,6,6,6,6,3,0,1,5,6,6,5,0,0,1,6,6,6,6,3,0,0,0,0,0,0,0,1,4,6,6,6,6,5,0,0,0,0,0,0,0,3,6,6,6,6,6,4,0,0,0,0,0,0,1,5,6,6,6,6,6,3,0,0,0,0,0,0,1,5,6,6,6,6,6,4,0,0,0,0,0,0,0,6,6,6,6,6,6,6,0,0,0,0,0,0,0,0,4,4,4,4,4,4,3,0,0,0,0,0,0,6,"mfeat-pixel","att60",0.9
0,0,0,2,5,6,6,4,6,6,6,6,6,3,0,0,2,6,6,6,6,6,6,6,6,6,6,6,5,0,0,5,6,6,6,6,6,5,4,4,4,4,3,0,0,0,6,6,6,6,6,6,0,0,0,0,0,0,0,0.32,0,6,6,6,6,6,3,0,0,0,0,0,0,0,0,2,6,6,6,6,6,3,2,2,0,0,0,0,0,0,6,6,6,6,6,6,6,6,6,6,4,3,1,0,0,6,6,6,6,6,6,6,6,6,6,6,6,6,2,0,3,6,5,4,3,2,1,0,4,6,6,6,6,3,0,0,0,0,0,0,0,0,0,1,5,6,6,6,6,0,0,0,0,0,0,0,0,0,0,3,6,6,6,6,1,0,0,0,0,0,0,0,0,3,6,6,6,6,6,2,0,0,0,0,0,0,0,0,6,6,6,6,5,1,0,0,0,0,0,0,2,4,5,6,6,6,4,0,0,0,0,0,0,3,6,6,6,6,6,6,6,2,0,0,0,0,0,0,4,4,4,4,4,4,4,1,0,0,0,0,6,"mfeat-pixel","att60",0.9
0,0,0,0,0,1,4,6,6,6,6,6,6,6,5,0,0,0,1,5,6,6,6,6,6,6,6,6,6,3,0,0,0,3,6,6,6,6,6,6,6,5,3,1,0,0,0,0,3,6,6,6,6,0,0,2,2,1,0,-0.19,0,0,0,4,6,6,6,6,4,6,6,6,6,3,0,0,0,2,6,6,6,6,6,6,6,6,6,6,6,5,0,0,3,6,6,6,6,6,5,4,4,6,6,6,6,0,0,0,5,6,6,6,4,0,0,0,6,6,6,6,0,0,0,1,5,6,3,0,0,1,5,6,6,6,3,0,0,0,0,0,0,0,0,3,6,6,6,6,3,0,0,0,0,0,0,0,0,3,6,6,6,6,2,0,0,0,0,0,0,1,4,6,6,6,6,6,3,0,0,0,0,0,0,3,6,6,6,6,6,3,1,0,0,0,0,0,1,5,6,6,6,6,3,0,0,0,0,0,0,0,3,6,6,6,6,3,1,0,0,0,0,0,0,0,0,4,4,4,4,1,0,0,0,0,0,0,0,0,0,0,6,"mfeat-pixel","att60",0.9
1,4,5,5,4,4,4,4,4,4,4,5,6,5,1,3,6,6,6,6,6,6,6,6,6,6,6,6,6,2,3,6,6,6,3,0,0,0,0,0,0,0,0,0,0,3,6,6,4,0,0,0,0,0,0,0,0,0,0,-2.17,3,6,6,6,1,0,0,0,0,0,0,0,0,0,0,5,6,6,6,4,0,0,0,0,0,0,0,0,0,0,3,6,6,6,6,6,6,5,2,0,0,0,0,0,0,2,6,6,6,6,6,6,6,6,6,5,1,0,0,0,0,1,5,6,5,4,2,5,6,6,6,4,0,0,0,0,0,0,0,0,0,0,1,6,6,6,6,2,0,0,0,0,0,0,0,0,0,0,6,6,6,6,2,0,0,0,0,0,0,0,0,0,0,6,6,6,6,0,0,0,0,0,0,0,0,0,0,0,4,6,6,6,2,0,0,0,0,0,0,0,0,0,3,6,6,6,6,1,0,0,0,0,3,6,6,4,5,6,6,6,6,2,0,0,0,0,2,4,4,4,4,4,4,4,4,1,0,0,0,0,6,"mfeat-pixel","att60",0.9
0,0,0,1,4,5,5,4,4,4,4,4,4,2,1,0,0,0,4,6,6,6,6,6,6,6,6,6,6,6,0,0,2,6,6,6,6,5,4,4,4,4,4,4,3,0,0,5,6,6,6,4,0,0,0,0,0,0,0,0.95,0,0,6,6,6,6,4,0,2,2,2,0,0,0,0,0,1,6,6,6,6,6,6,6,6,6,5,3,0,0,0,3,6,6,6,6,6,6,6,6,6,6,6,6,2,0,6,6,6,6,4,2,2,2,2,5,6,6,6,6,0,1,4,2,0,0,0,0,0,0,1,6,6,6,6,0,0,0,0,0,0,0,0,0,0,0,6,6,6,6,0,0,0,0,0,0,0,0,0,0,3,6,6,6,6,0,0,0,2,2,0,0,0,0,1,6,6,6,6,5,1,4,6,6,6,5,0,0,0,4,6,6,6,6,3,3,6,6,6,6,6,5,5,6,6,6,6,5,2,0,3,6,6,6,6,6,6,6,6,6,6,3,0,0,0,1,4,4,4,4,4,4,4,4,2,0,0,0,0,0,6,"mfeat-pixel","att60",0.9
1,3,4,4,4,5,5,5,5,4,3,0,0,0,0,6,6,6,6,6,6,6,6,6,6,6,2,0,0,0,6,6,6,6,5,2,2,2,2,2,1,0,0,0,0,6,6,6,4,0,0,0,0,0,0,0,0,0,0,-1.93,6,6,6,6,4,4,4,4,4,2,0,0,0,0,0,6,6,6,6,6,6,6,6,6,6,5,3,1,0,0,4,6,6,6,6,6,6,6,6,6,6,6,6,4,1,6,6,6,6,6,3,0,0,3,6,6,6,6,6,5,5,6,6,5,1,0,0,0,0,3,6,6,6,6,4,0,0,0,0,0,0,0,0,0,4,6,6,6,6,3,0,0,0,0,0,0,0,2,5,6,6,6,6,5,1,0,0,0,0,0,2,6,6,6,6,6,5,2,0,0,0,0,0,1,2,5,6,6,6,5,1,0,0,0,0,0,0,3,6,6,6,6,6,3,0,0,0,0,0,0,0,4,6,6,6,6,6,2,0,0,0,0,0,0,0,0,3,4,4,4,4,1,0,0,0,0,0,0,0,0,6,"mfeat-pixel","att60",0.9
0,3,4,6,4,6,6,6,6,5,0,0,0,0,0,2,6,6,6,6,6,6,6,4,3,0,0,0,0,0,6,6,6,6,6,1,0,0,0,1,2,1,0,0,0,2,6,6,6,6,5,2,4,5,6,6,6,5,1,1.48,0,2,6,6,6,6,6,6,6,6,6,6,6,6,3,0,0,2,6,6,6,6,6,6,3,3,6,6,6,6,0,0,0,6,6,6,6,6,1,0,0,6,6,6,6,0,0,0,6,6,6,6,6,0,0,0,6,6,6,6,0,0,0,5,6,6,6,6,0,0,1,6,6,6,6,0,0,0,0,2,2,2,1,0,2,6,6,6,6,2,0,0,0,0,0,0,0,0,0,3,6,6,6,6,0,0,0,0,0,0,0,0,0,0,3,6,6,6,6,0,0,0,0,0,0,0,0,0,0,3,6,6,6,4,0,0,0,0,0,0,0,0,0,0,6,6,6,6,0,0,0,0,0,0,0,0,0,0,1,6,6,6,6,0,0,0,0,0,0,0,0,0,0,2,4,4,4,4,0,0,6,"mfeat-pixel","att60",0.9
0,0,0,0,0,0,0,0,0,2,5,6,5,1,0,0,3,6,6,5,5,6,4,6,6,6,6,6,6,2,3,6,6,6,6,6,6,6,6,6,6,6,6,5,0,0,6,6,6,6,5,4,4,4,5,6,6,5,0,0.57,0,6,6,6,6,1,0,0,0,0,0,0,0,0,0,0,6,6,6,6,6,6,5,4,4,4,2,1,0,0,0,6,6,6,6,6,6,6,6,6,6,6,6,2,0,0,6,6,6,6,6,4,4,2,5,6,6,6,6,0,0,6,6,6,6,3,0,0,0,1,6,6,6,6,4,0,6,6,6,6,0,0,0,0,0,3,6,6,6,6,0,5,6,6,3,0,0,0,0,1,6,6,6,6,6,0,0,0,0,0,0,0,0,0,3,6,6,6,6,5,0,0,0,0,0,0,0,0,0,4,6,6,6,6,1,0,0,0,0,0,0,0,1,5,6,6,6,6,2,0,0,2,6,6,6,6,6,6,6,6,6,6,5,0,0,0,0,3,4,4,4,4,4,4,4,2,0,0,0,0,6,"mfeat-pixel","att60",0.9
0,0,2,4,4,4,4,5,6,6,6,5,4,1,0,5,6,6,6,6,6,6,4,4,6,6,6,6,5,0,6,6,6,6,6,5,1,0,0,0,3,3,2,0,0,4,6,6,6,6,1,0,0,0,2,2,2,2,2,-3.52,3,6,6,6,4,0,1,3,6,6,6,6,6,6,4,6,6,6,6,6,6,6,6,6,6,6,6,6,6,5,6,6,6,6,6,6,6,5,4,6,6,6,6,6,3,6,6,6,6,6,5,3,0,0,3,6,6,6,6,3,3,6,6,4,2,0,0,0,0,4,6,6,6,5,0,0,0,0,0,0,0,0,0,3,6,6,6,6,2,0,0,0,0,0,0,1,4,5,6,6,6,5,1,0,0,0,0,0,0,0,5,6,6,6,6,5,0,0,0,0,0,0,0,0,5,6,6,6,6,5,0,0,0,0,0,0,0,0,3,6,6,6,6,5,0,0,0,0,0,0,0,0,3,6,6,6,6,3,0,0,0,0,0,0,0,0,0,4,4,4,4,1,0,0,0,0,0,0,0,0,6,"mfeat-pixel","att60",0.9
0,0,3,6,6,5,4,6,6,6,6,6,6,6,3,0,5,6,6,6,6,6,6,6,6,6,6,6,6,3,0,6,6,6,6,4,0,0,0,0,0,0,0,0,0,0,6,6,6,6,5,2,2,2,0,0,0,0,0,-1.27,0,6,6,6,6,6,6,6,6,6,4,4,1,0,0,0,6,6,6,6,6,5,3,6,6,6,6,4,0,0,0,6,6,6,6,6,3,0,5,6,6,6,6,5,0,0,6,6,6,6,4,0,0,0,4,6,6,6,6,0,0,6,6,6,6,2,0,0,0,3,6,6,6,6,0,0,1,2,2,0,0,0,0,0,3,6,6,6,6,1,0,0,0,0,0,0,0,0,0,3,6,6,6,6,2,0,0,0,0,0,0,0,0,0,3,6,6,6,6,0,1,4,4,4,2,0,0,0,1,5,6,6,6,6,0,2,6,6,6,6,6,4,5,6,6,6,6,6,5,0,0,5,6,6,6,6,6,6,6,6,6,6,3,0,0,0,0,3,4,4,4,4,4,4,4,3,1,0,0,0,6,"mfeat-pixel","att60",0.9
0,1,3,4,4,5,6,4,4,5,5,5,6,2,0,3,6,6,6,6,6,6,6,6,6,6,6,5,1,0,5,6,6,6,4,0,0,0,0,0,0,0,0,0,0,1,6,6,6,5,1,0,2,2,1,0,0,0,0,0.76,0,6,6,6,6,6,6,6,6,6,4,1,0,0,0,0,6,6,6,6,6,6,6,6,6,6,6,5,0,0,0,6,6,6,6,5,2,3,6,6,6,6,6,4,0,0,6,6,6,6,3,0,0,1,5,6,6,6,6,3,0,6,6,6,6,3,0,0,0,0,5,6,6,6,3,0,1,2,2,2,0,0,0,0,0,3,6,6,6,6,0,0,0,0,0,0,0,0,0,0,3,6,6,6,6,0,0,0,0,0,0,0,0,0,0,3,6,6,6,6,0,0,0,0,5,6,6,5,0,0,0,6,6,6,6,0,0,0,0,6,6,6,6,5,2,3,6,6,6,2,0,0,0,0,6,6,6,6,6,6,6,6,6,5,0,0,0,0,0,1,4,4,4,4,4,4,3,0,0,0,6,"mfeat-pixel","att60",0.9
1,5,6,6,6,6,6,6,6,6,6,5,5,6,5,3,6,6,6,6,6,6,6,6,6,6,6,6,6,6,3,6,6,6,6,6,3,2,3,4,4,6,6,6,3,3,6,6,6,6,4,0,0,0,0,0,0,2,0,0.64,5,6,6,6,6,6,5,2,2,2,4,3,0,0,0,3,6,6,6,6,6,6,6,6,6,6,6,5,0,0,0,5,6,6,6,6,6,6,6,6,6,6,6,5,1,0,3,6,6,6,6,6,3,0,1,5,6,6,6,6,0,2,6,6,6,6,2,0,0,0,0,6,6,6,6,0,0,4,6,6,3,0,0,0,0,2,6,6,6,5,0,0,0,3,3,0,0,0,0,0,3,6,6,6,3,0,0,0,0,0,0,0,0,0,3,6,6,5,2,0,0,0,0,0,0,0,0,2,6,6,6,5,1,0,0,0,0,0,0,0,3,4,6,6,5,2,0,0,0,0,0,0,0,0,4,6,6,6,6,2,0,0,0,0,0,0,0,0,0,4,4,4,4,1,0,0,0,0,0,0,6,"mfeat-pixel","att60",0.9
0,0,1,1,1,3,4,4,4,6,6,6,3,0,0,1,3,6,6,6,6,6,6,6,6,6,6,5,0,0,6,6,6,6,6,6,6,4,4,4,6,5,1,0,0,6,6,6,6,6,4,0,0,0,0,0,0,0,0,-2.91,6,6,6,6,6,6,3,2,1,0,0,0,0,0,0,6,6,6,6,6,6,6,6,6,5,3,1,0,0,0,6,6,6,6,6,6,6,6,6,6,6,6,3,0,0,6,6,6,6,6,6,6,6,6,6,6,6,6,5,0,6,6,6,6,6,5,1,1,5,6,6,6,6,6,2,3,6,6,6,3,0,0,0,0,6,6,6,6,6,6,0,0,0,0,0,0,0,0,0,4,6,6,6,6,6,0,0,0,0,0,0,0,0,0,4,6,6,6,6,3,0,0,0,0,0,0,0,1,5,6,6,6,6,6,1,0,0,0,1,3,4,4,6,6,6,6,6,5,1,0,0,2,6,6,6,6,6,6,6,6,6,5,1,0,0,0,1,4,4,4,4,4,4,4,4,3,0,0,0,0,6,"mfeat-pixel","att60",0.9
0,3,4,4,4,5,6,4,6,5,4,4,2,0,0,2,6,6,6,6,6,6,6,6,6,6,6,6,5,0,2,6,6,6,6,3,2,1,0,0,2,2,2,1,0,0,6,6,6,6,2,0,0,0,0,0,0,0,0,0.82,0,6,6,6,6,6,4,4,4,4,3,1,0,0,0,0,6,6,6,6,6,6,6,6,6,6,6,6,5,0,0,6,6,6,6,6,5,3,2,5,6,6,6,6,4,0,6,6,6,5,2,0,0,0,1,4,4,6,6,6,0,1,4,3,0,0,0,0,0,0,0,0,4,6,6,0,0,0,0,0,0,0,0,0,0,0,2,6,6,6,0,0,0,0,0,0,0,0,0,0,0,3,6,6,6,0,0,0,0,0,0,0,0,1,2,3,6,6,6,6,0,0,0,0,0,0,1,4,6,6,6,6,4,2,1,0,1,2,2,2,4,6,6,6,6,6,1,0,0,0,0,6,6,6,6,6,6,6,3,2,1,0,0,0,0,0,4,4,4,4,4,4,3,0,0,0,0,0,0,0,6,"mfeat-pixel","att60",0.9
0,0,0,2,4,5,6,4,4,4,4,4,4,3,0,0,0,5,6,6,6,6,6,6,6,6,6,6,6,2,0,0,6,6,6,6,5,1,0,0,0,0,0,0,0,0,0,6,6,6,6,1,0,0,0,0,0,0,0,1.11,0,0,6,6,6,6,6,5,3,1,0,0,0,0,0,0,2,6,6,6,6,6,6,6,6,6,2,0,0,0,0,6,6,6,6,6,6,6,6,6,6,3,0,0,0,0,6,6,6,6,6,3,3,6,6,6,6,3,0,0,2,6,6,6,6,1,0,0,3,6,6,6,6,0,0,1,4,4,6,2,0,0,0,0,6,6,6,3,0,0,0,0,0,0,0,0,0,0,0,4,6,6,6,0,0,0,0,0,0,0,0,0,0,0,6,6,6,6,0,0,0,0,0,0,0,0,0,0,3,6,6,6,5,0,0,1,4,4,2,0,0,0,1,6,6,6,6,0,0,0,1,6,6,6,6,6,6,6,6,6,6,6,2,0,0,0,3,4,4,4,4,4,4,4,4,4,1,0,0,0,6,"mfeat-pixel","att60",0.9
1,5,6,6,6,5,4,3,2,2,4,4,3,0,0,3,6,6,6,6,6,6,6,6,6,6,6,6,2,0,3,6,6,6,6,6,4,4,2,3,4,3,1,0,0,2,6,6,6,6,4,0,1,2,3,3,2,1,0,-1.63,0,6,6,6,6,6,6,6,6,6,6,6,6,3,0,2,6,6,6,6,6,6,6,6,6,6,6,6,6,2,1,6,6,6,6,6,5,1,0,0,4,6,6,6,5,0,5,6,6,5,2,0,0,0,1,5,6,6,6,1,0,0,2,1,0,0,0,0,3,6,6,6,6,5,0,0,0,0,0,0,0,0,3,6,6,6,5,2,0,0,0,0,0,0,0,0,1,5,6,6,5,0,0,0,0,0,0,0,0,0,3,6,6,6,6,0,0,0,0,0,0,0,0,1,5,6,6,6,5,3,0,0,0,0,0,0,0,3,6,6,6,6,4,0,0,0,0,0,0,0,0,2,6,6,6,6,6,0,0,0,0,0,0,0,0,0,1,4,4,4,4,3,0,0,0,0,0,0,0,0,6,"mfeat-pixel","att60",0.9
0,1,5,6,6,6,6,6,6,6,6,6,6,3,0,0,5,6,6,6,6,6,6,6,6,6,6,6,6,0,0,6,6,6,6,5,2,2,2,2,2,2,2,1,0,0,6,6,6,4,0,0,0,0,0,0,0,0,0,1.92,3,6,6,6,4,0,0,0,0,0,0,0,0,0,0,4,6,6,6,6,6,6,4,4,4,2,0,0,0,0,6,6,6,6,6,6,6,6,6,6,6,6,5,0,0,6,6,6,6,5,2,2,3,6,6,6,6,6,4,0,3,6,6,6,3,0,0,0,5,6,6,6,6,6,0,0,0,0,2,0,0,0,0,0,4,6,6,6,6,1,0,0,0,0,0,0,0,0,0,3,6,6,6,6,5,0,0,0,0,0,0,0,0,0,3,6,6,6,6,4,0,0,0,0,0,0,0,0,0,4,6,6,6,6,3,0,0,0,0,3,6,5,4,5,6,6,6,6,6,3,0,0,0,0,6,6,6,6,6,6,6,6,6,5,0,0,0,0,0,1,4,4,4,4,4,4,4,3,0,0,6,"mfeat-pixel","att60",0.9
0,0,3,4,3,2,3,4,4,4,6,6,3,0,0,0,5,6,6,6,6,6,6,6,6,6,6,3,0,0,0,6,6,6,6,3,2,2,2,2,2,1,0,0,0,0,5,6,6,6,0,0,0,0,0,0,0,0,0,1.19,0,4,6,6,6,5,2,3,4,4,3,0,0,0,0,0,6,6,6,6,6,6,6,6,6,6,5,0,0,0,0,6,6,6,6,4,4,2,1,1,6,6,5,1,0,2,6,6,6,3,0,0,0,0,0,5,6,6,6,0,6,6,6,6,1,0,0,0,0,0,1,6,6,6,1,1,4,4,1,0,0,0,0,0,0,4,6,6,5,1,0,0,0,0,0,0,0,0,0,3,6,6,6,0,0,0,0,0,0,0,0,0,0,3,6,6,6,3,0,0,0,0,0,0,0,0,1,5,6,6,5,1,0,0,0,0,0,1,2,2,4,6,6,6,3,0,0,0,0,0,0,2,6,6,6,6,6,5,1,0,0,0,0,0,0,0,0,3,4,4,4,3,0,0,0,0,0,0,0,0,6,"mfeat-pixel","att60",0.9
0,0,0,1,5,6,6,6,6,6,6,6,6,4,1,0,0,1,6,6,6,6,6,6,6,6,6,6,6,2,0,0,6,6,6,6,5,2,1,0,1,2,2,1,0,0,0,3,6,6,6,0,0,0,0,0,0,0,0,2.83,0,2,6,6,6,6,3,2,0,0,0,0,0,0,0,1,6,6,6,6,6,6,6,6,5,1,0,0,0,0,3,6,6,6,6,4,4,6,6,6,6,5,1,0,0,1,4,4,3,1,0,0,1,5,6,6,6,6,1,0,0,0,0,0,0,0,0,0,1,6,6,6,6,3,0,0,0,0,0,0,0,0,0,0,6,6,6,6,1,0,0,0,0,0,0,0,0,0,1,6,6,6,6,0,0,0,0,0,0,0,0,0,1,6,6,6,6,2,0,0,0,0,0,0,0,0,0,6,6,6,6,4,0,0,0,0,0,0,1,2,2,5,6,6,6,4,0,0,0,0,0,0,0,5,6,6,6,6,6,4,0,0,0,0,0,0,0,0,1,4,4,4,4,3,0,0,0,0,0,0,6,"mfeat-pixel","att60",0.9
0,1,5,6,6,6,6,5,4,5,6,6,5,5,5,0,3,6,6,6,6,6,6,6,6,6,6,4,2,1,0,4,6,6,6,1,0,0,0,0,0,0,0,0,0,0,6,6,6,6,4,0,0,0,0,0,0,0,0,2.17,2,6,6,6,6,6,5,2,2,1,0,0,0,0,0,3,6,6,6,6,6,6,6,6,6,6,3,0,0,0,0,6,6,6,6,3,2,3,6,6,6,6,3,0,0,0,5,6,5,1,0,0,0,1,6,6,6,6,1,0,0,0,2,0,0,0,0,0,0,3,6,6,6,5,0,0,0,0,0,0,0,0,0,0,1,6,6,6,6,0,0,0,0,0,0,0,0,0,0,0,4,6,6,4,0,0,1,4,1,0,0,0,0,0,2,6,6,6,6,2,2,6,6,6,1,0,0,0,0,4,6,6,6,5,0,5,6,6,6,6,4,4,2,3,6,6,6,6,2,0,2,6,6,6,6,6,6,6,6,6,6,6,3,0,0,0,1,4,4,4,4,4,4,4,4,4,1,0,0,0,6,"mfeat-pixel","att60",0.9
0,1,5,5,4,4,4,4,4,4,2,0,1,2,0,0,5,6,6,6,6,6,6,6,6,6,6,6,6,3,0,5,6,6,6,5,2,2,2,2,2,2,2,2,0,0,3,6,6,5,0,0,0,0,0,0,0,0,0,1.88,0,3,6,6,5,1,0,0,0,0,0,0,0,0,0,0,4,6,6,6,6,6,6,5,4,3,2,1,0,0,0,6,6,6,6,4,4,4,4,4,6,6,6,3,0,3,6,5,4,1,0,0,0,0,0,1,6,6,6,0,0,0,0,0,0,0,0,0,0,0,0,6,6,6,2,0,0,0,0,0,0,0,0,0,0,0,1,6,6,3,0,0,0,0,0,0,0,0,0,0,0,3,6,6,3,0,0,0,0,0,0,0,0,0,0,3,6,6,6,3,0,0,0,0,0,0,0,0,0,0,3,6,6,6,1,0,0,0,0,0,0,0,0,0,1,5,6,6,5,0,0,0,5,6,6,6,6,6,6,6,6,6,5,1,0,0,0,4,4,4,4,4,4,4,4,4,2,0,0,0,6,"mfeat-pixel","att60",0.9
0,0,0,3,6,4,6,4,6,4,4,6,6,4,3,0,0,0,6,6,6,6,6,6,6,6,6,6,6,3,0,0,0,6,6,6,6,6,1,0,0,0,0,0,0,0,0,0,6,6,6,6,6,1,0,0,0,0,0,5.22,0,0,0,6,6,6,6,6,6,4,4,1,0,0,0,0,0,2,6,6,6,6,6,6,6,6,6,2,0,0,0,0,3,6,6,6,6,6,6,6,6,6,6,1,0,0,0,4,6,6,6,6,3,0,4,6,6,6,5,0,0,0,5,6,6,6,3,0,0,0,6,6,6,6,0,0,0,0,0,0,0,0,0,0,0,6,6,6,6,1,0,0,0,0,0,0,0,0,0,0,3,6,6,6,5,0,0,0,0,0,0,0,0,0,2,6,6,6,6,2,0,0,2,2,2,2,0,0,2,5,6,6,6,5,0,2,6,6,6,6,6,6,6,6,6,6,6,5,1,0,0,3,6,6,6,6,6,6,6,6,6,6,1,0,0,0,0,1,4,4,4,4,4,4,4,4,3,0,0,0,6,"mfeat-pixel","att60",0.9
0,0,3,6,6,6,6,6,6,5,4,6,3,0,0,0,4,6,6,6,6,6,6,6,6,6,6,6,3,0,0,6,6,6,6,4,0,0,2,4,4,4,3,0,0,0,6,6,6,6,4,0,0,0,0,0,0,0,0,-2.39,0,6,6,6,6,6,5,4,6,6,6,6,5,1,0,0,6,6,6,6,6,6,6,6,6,6,6,6,6,2,2,6,6,6,6,6,6,4,3,3,6,6,6,6,3,2,6,6,6,6,5,1,0,0,1,6,6,6,6,3,0,1,4,2,2,0,0,0,1,6,6,6,6,6,0,0,0,0,0,0,0,0,0,5,6,6,6,6,3,0,0,0,0,0,0,0,0,4,6,6,6,6,3,0,0,0,0,0,0,0,1,5,6,6,6,5,1,0,0,0,0,0,0,0,3,6,6,6,5,1,0,0,0,0,0,0,0,1,5,6,6,6,5,0,0,0,0,0,0,0,0,0,5,6,6,6,6,3,0,0,0,0,0,0,0,0,0,3,4,4,4,4,1,0,0,0,0,0,0,0,6,"mfeat-pixel","att60",0.9
0,3,4,4,4,4,4,5,6,6,6,6,6,6,2,2,6,6,6,6,6,6,4,2,2,2,2,2,2,0,0,6,6,6,6,1,0,0,0,0,0,0,0,0,0,0,6,6,6,6,0,0,0,0,0,0,0,0,0,0.16,0,6,6,6,6,5,1,0,0,0,0,0,0,0,0,0,6,6,6,6,6,6,6,6,4,4,4,3,0,0,0,5,6,6,6,6,6,6,6,6,6,6,6,5,0,0,1,6,6,6,6,1,0,1,6,6,6,6,6,0,0,0,5,6,6,3,0,0,0,5,6,6,6,6,0,0,0,0,0,0,0,0,0,0,1,6,6,6,6,0,0,0,0,0,0,0,0,0,0,0,6,6,6,6,0,0,0,0,0,0,0,0,0,0,0,6,6,6,6,0,0,0,5,6,6,5,0,0,0,0,5,6,6,6,1,0,0,6,6,6,6,1,1,2,2,5,6,6,6,5,0,0,6,6,6,6,6,6,6,6,6,6,6,6,5,0,0,3,4,4,4,4,4,4,4,4,4,4,3,0,6,"mfeat-pixel","att60",0.9
0,5,6,6,6,6,6,6,6,6,6,6,6,3,0,1,6,6,6,6,6,6,6,6,6,6,6,6,5,0,3,6,6,6,6,2,2,2,0,1,2,1,0,0,0,1,6,6,6,6,4,4,4,4,2,0,0,0,0,1.14,0,6,6,6,6,6,6,6,6,6,5,1,0,0,0,1,6,6,6,6,6,6,6,6,6,6,6,0,0,0,5,6,6,6,6,5,2,3,6,6,6,6,5,3,0,6,6,6,6,3,0,0,0,5,6,6,6,6,6,0,3,6,4,1,0,0,0,0,0,4,6,6,6,6,1,0,0,0,0,0,0,0,0,0,3,6,6,6,6,3,0,0,0,0,0,0,0,0,0,3,6,6,6,6,0,0,0,0,0,0,0,0,0,0,3,6,6,6,6,0,0,0,0,0,0,1,2,2,2,5,6,6,6,4,0,0,0,2,4,6,6,6,6,6,6,6,6,6,3,0,0,3,6,6,6,6,6,6,6,6,6,6,6,3,0,0,0,3,4,4,4,4,4,4,4,4,4,4,2,0,6,"mfeat-pixel","att60",0.9
0,0,0,0,0,1,5,5,5,5,5,6,6,6,5,0,0,0,0,2,6,6,6,6,6,6,6,6,6,5,0,0,0,0,3,6,6,6,6,6,4,4,4,2,0,0,0,0,0,3,6,6,6,6,1,0,0,0,0,0.36,0,0,0,0,5,6,6,6,6,5,2,2,0,0,0,0,0,0,0,6,6,6,6,6,6,6,6,5,0,0,0,0,0,0,3,6,6,6,6,6,6,6,6,5,0,0,0,0,0,0,0,2,0,1,5,6,6,6,6,3,0,0,0,0,0,0,0,0,0,0,5,6,6,6,3,0,0,0,0,0,0,0,0,0,0,3,6,6,6,3,0,0,0,0,0,0,0,0,0,0,4,6,6,6,3,0,0,0,0,0,0,0,0,0,0,6,6,6,6,2,0,0,0,0,0,0,0,0,0,3,6,6,6,4,0,1,4,4,4,4,4,4,4,5,6,6,6,5,0,0,6,6,6,6,6,6,6,6,6,6,6,5,1,0,0,3,4,4,4,4,4,4,4,4,2,0,0,0,0,0,6,"mfeat-pixel","att60",0.9
0,0,5,5,4,6,4,5,6,4,4,4,4,3,0,0,0,6,6,6,6,6,6,6,4,4,5,6,3,0,0,0,6,6,6,6,6,4,0,0,0,0,0,0,0,0,0,6,6,6,6,6,6,4,4,4,1,0,0,-0.69,0,4,6,6,6,6,6,6,6,6,6,6,3,0,0,4,6,6,6,6,3,0,0,1,5,6,6,6,1,0,6,6,6,6,6,0,0,0,0,3,6,6,6,5,1,6,6,6,6,3,0,0,0,0,3,6,6,6,6,5,1,4,3,0,0,0,0,0,0,0,6,6,6,6,6,0,0,0,0,0,0,0,0,0,0,6,6,6,6,2,0,0,0,0,0,0,0,0,0,1,6,6,6,4,0,0,0,0,0,0,0,0,0,0,3,6,6,6,3,0,0,0,0,0,0,0,0,0,0,3,6,6,6,2,0,0,0,0,0,0,0,0,0,0,6,6,6,6,0,0,0,0,0,0,0,0,0,2,5,6,6,6,6,0,0,0,0,0,0,0,0,4,4,4,4,4,4,3,0,0,6,"mfeat-pixel","att60",0.9
0,3,6,6,4,4,5,6,6,6,6,6,6,3,0,3,6,6,6,6,6,6,6,6,6,6,6,6,3,0,0,4,6,6,6,6,6,5,2,0,0,0,0,0,0,0,5,6,6,6,4,0,0,0,0,0,0,0,0,0.73,0,6,6,6,6,6,3,2,2,2,2,1,0,0,0,0,5,6,6,6,6,6,6,6,6,6,6,1,0,0,0,1,6,6,6,6,6,6,6,6,6,6,6,3,0,0,1,6,6,6,6,6,5,2,5,6,6,6,6,5,0,2,6,6,6,6,5,1,0,3,6,6,6,6,6,0,0,0,1,2,2,0,0,0,3,6,6,6,6,6,0,0,0,0,0,0,0,0,0,3,6,6,6,6,6,0,0,0,0,0,0,0,0,0,3,6,6,6,6,6,0,0,0,0,0,0,0,0,0,3,6,6,6,6,6,0,0,3,4,4,4,4,2,0,4,6,6,6,6,2,0,0,5,6,6,6,6,6,6,6,6,6,5,1,0,0,0,0,3,4,4,4,4,4,4,4,3,0,0,0,6,"mfeat-pixel","att60",0.9
0,3,4,4,4,5,6,6,6,6,6,6,4,3,0,2,6,6,6,6,6,6,6,6,6,6,6,6,6,3,0,6,6,6,5,1,1,1,1,2,2,3,5,5,1,0,6,6,6,5,1,0,0,0,0,0,0,0,0,-1.4,0,6,6,6,6,6,4,4,5,6,6,4,4,1,0,0,6,6,6,6,6,6,6,6,6,6,6,6,6,0,2,6,6,6,6,6,6,4,6,6,6,6,6,6,0,2,6,6,6,6,5,1,0,1,6,6,6,6,6,0,0,1,4,2,2,0,0,0,0,6,6,6,6,6,0,0,0,0,0,0,0,0,0,0,6,6,6,6,6,0,0,0,0,0,0,0,0,0,3,6,6,6,6,2,0,0,0,0,0,0,0,0,3,6,6,6,6,6,0,0,0,0,0,0,0,0,3,6,6,6,6,4,3,0,0,0,0,0,0,2,5,6,6,6,3,0,0,0,0,0,0,0,1,5,6,6,6,6,2,0,0,0,0,0,0,0,0,2,4,4,4,4,1,0,0,0,0,0,0,0,6,"mfeat-pixel","att60",0.9
0,0,3,4,4,4,4,4,4,4,5,5,1,0,0,0,5,6,6,6,6,6,6,6,6,6,4,1,0,0,0,6,6,6,6,3,0,0,0,0,0,0,0,0,0,0,6,6,6,3,0,0,0,0,0,0,0,0,0,1.66,1,6,6,6,6,4,4,1,0,0,0,0,0,0,0,3,6,6,6,6,6,6,6,3,0,0,0,0,0,0,3,6,6,6,6,6,6,6,6,6,3,0,0,0,0,3,6,6,6,5,2,2,3,6,6,6,5,1,0,0,2,6,6,5,1,0,0,0,1,5,6,6,6,2,0,0,1,2,0,0,0,0,0,0,1,6,6,6,3,0,0,0,0,0,0,0,0,0,0,0,3,6,6,6,0,0,0,0,0,0,0,0,0,0,0,2,6,6,6,1,0,0,0,0,0,0,0,0,0,0,0,6,6,6,3,0,0,3,4,5,5,3,1,0,0,0,6,6,6,4,0,0,6,6,6,6,6,6,6,4,5,6,6,6,4,0,0,3,4,4,4,4,4,4,4,4,4,4,3,0,6,"mfeat-pixel","att60",0.9
0,0,1,4,6,6,6,6,6,6,6,6,6,6,2,0,0,3,6,6,6,6,5,4,4,4,4,3,2,0,0,0,3,6,6,6,6,0,0,0,0,0,0,0,0,0,0,5,6,6,6,6,1,0,0,0,0,0,0,1.46,0,1,6,6,6,6,6,6,3,2,2,0,0,0,0,0,6,6,6,6,6,6,6,6,6,6,6,5,3,0,0,6,6,6,6,6,6,4,5,6,6,6,6,6,0,0,6,6,6,6,6,3,0,0,4,6,6,6,6,3,3,6,6,6,6,4,1,0,0,3,6,6,6,6,3,0,3,4,3,1,0,0,0,0,4,6,6,6,6,1,0,0,0,0,0,0,0,0,3,6,6,6,6,6,0,0,3,4,3,1,0,0,0,5,6,6,6,6,1,0,3,6,6,6,6,2,0,0,4,6,6,6,6,3,0,3,6,6,6,6,5,2,3,6,6,6,6,6,6,0,0,3,6,6,6,6,6,6,6,6,6,6,4,1,0,0,0,1,4,4,4,4,4,4,2,0,0,0,0,0,6,"mfeat-pixel","att60",0.9
0,1,4,4,6,4,4,4,3,0,0,0,0,0,0,1,6,6,6,6,6,6,6,6,4,0,0,0,0,0,4,6,6,6,4,6,6,6,6,3,0,0,0,0,0,6,6,6,1,0,0,0,0,0,0,0,0,0,0,1.78,6,6,6,5,2,1,0,2,0,0,0,0,0,0,0,6,6,6,6,6,6,6,6,6,4,2,1,0,0,0,4,6,6,6,6,6,6,6,6,6,6,6,3,0,0,5,6,6,6,5,4,3,3,6,6,6,6,6,4,0,5,6,6,3,0,0,0,0,1,6,6,6,6,6,3,0,2,1,0,0,0,0,0,0,6,6,6,6,6,4,0,0,0,0,0,0,0,0,0,4,6,6,6,6,4,0,0,0,0,0,0,1,3,5,6,6,6,6,5,0,0,0,0,0,0,3,6,6,6,6,6,6,5,1,0,0,0,3,6,6,6,6,6,6,5,3,1,0,0,0,5,6,6,6,6,6,6,4,2,0,0,0,0,0,0,4,4,4,4,4,2,0,0,0,0,0,0,0,0,0,6,"mfeat-pixel","att60",0.9
0,3,4,4,2,0,1,3,4,5,6,6,6,3,0,0,6,6,6,6,6,6,6,6,6,6,4,4,3,0,0,6,6,6,6,3,2,2,2,2,0,0,0,0,0,0,6,6,6,6,1,0,0,0,0,0,0,0,0,3.63,0,6,6,6,6,6,6,6,6,6,6,3,0,0,0,0,6,6,6,6,6,6,5,4,5,6,6,6,5,0,3,6,6,6,6,3,0,0,0,0,4,6,6,6,3,3,6,6,6,6,0,0,0,0,0,3,6,6,6,2,3,6,6,6,6,0,0,0,0,0,3,6,6,6,0,0,3,4,4,1,0,0,0,0,0,4,6,6,6,0,0,0,0,0,0,0,0,0,0,2,6,6,6,4,0,0,0,0,0,0,0,0,0,0,4,6,6,6,0,0,0,0,0,0,0,0,0,0,5,6,6,5,1,0,0,0,0,0,0,0,1,4,5,6,6,5,0,0,0,0,1,4,4,4,4,6,6,6,5,4,1,0,0,0,0,4,4,4,4,4,4,4,3,0,0,0,0,0,0,0,6,"mfeat-pixel","att60",0.9
0,0,3,6,6,5,4,6,6,6,6,6,6,6,3,0,5,6,6,6,6,6,6,6,6,6,6,6,6,3,0,6,6,6,6,4,0,0,0,0,0,0,0,0,0,0,6,6,6,6,5,2,2,2,0,0,0,0,0,-1.79,0,6,6,6,6,6,6,6,6,6,4,4,1,0,0,0,6,6,6,6,6,5,3,6,6,6,6,4,0,0,0,6,6,6,6,6,3,0,5,6,6,6,6,5,0,0,6,6,6,6,4,0,0,0,4,6,6,6,6,0,0,6,6,6,6,2,0,0,0,3,6,6,6,6,0,0,1,2,2,0,0,0,0,0,3,6,6,6,6,1,0,0,0,0,0,0,0,0,0,3,6,6,6,6,2,0,0,0,0,0,0,0,0,0,3,6,6,6,6,0,1,4,4,4,2,0,0,0,1,5,6,6,6,6,0,2,6,6,6,6,6,4,5,6,6,6,6,6,5,0,0,5,6,6,6,6,6,6,6,6,6,6,3,0,0,0,0,3,4,4,4,4,4,4,4,3,1,0,0,0,6,"mfeat-pixel","att60",0.9
0,1,4,5,6,6,6,6,4,4,4,4,4,1,0,3,6,6,6,6,4,4,6,6,6,6,6,6,5,0,6,6,6,6,3,0,0,0,0,0,0,1,2,0,0,6,6,6,6,3,0,0,0,0,0,0,0,0,0,1.5,5,6,6,6,6,4,4,2,2,1,0,0,0,0,0,1,6,6,6,6,6,6,6,6,6,5,2,0,0,0,1,6,6,6,6,6,4,2,4,6,6,6,5,0,0,5,6,6,6,6,1,0,0,0,3,6,6,6,2,0,6,6,6,6,2,0,0,0,0,3,6,6,6,6,0,3,6,4,1,0,0,0,0,0,2,6,6,6,6,1,0,0,0,0,0,0,0,0,0,0,4,6,6,6,5,0,0,0,0,0,0,0,0,0,0,3,6,6,6,6,0,2,6,6,4,2,0,0,0,3,6,6,6,6,2,0,3,6,6,6,6,6,6,6,6,6,6,6,3,0,0,0,3,6,6,6,6,6,6,6,3,2,1,0,0,0,0,0,0,3,4,4,4,2,0,0,0,0,0,0,6,"mfeat-pixel","att60",0.9
0,3,4,6,6,6,6,6,6,6,4,3,0,0,0,0,6,6,6,6,6,6,6,6,6,6,6,5,0,0,3,6,6,6,6,4,0,1,2,2,2,2,1,0,0,0,6,6,6,6,5,1,0,0,0,0,0,0,0,2.73,0,6,6,6,6,6,6,6,5,3,1,0,0,0,0,0,6,6,6,6,6,6,6,6,6,6,2,0,0,0,0,6,6,6,6,6,6,4,6,6,6,6,1,0,0,0,2,6,6,6,6,2,0,1,6,6,6,6,3,0,0,0,3,4,4,3,0,0,0,1,6,6,6,6,0,0,0,0,0,0,0,0,0,0,0,6,6,6,6,0,0,0,0,0,0,0,0,0,0,0,3,6,6,6,1,0,0,0,0,0,0,0,0,0,0,5,6,6,6,2,0,0,0,0,0,0,0,0,0,0,6,6,6,4,0,0,0,0,0,3,4,4,4,4,5,6,6,6,0,0,0,0,0,0,6,6,6,6,6,6,6,3,1,0,0,0,0,0,0,4,4,4,4,4,3,0,0,0,0,0,6,"mfeat-pixel","att60",0.9
0,0,0,0,0,0,5,6,6,6,4,2,0,0,0,0,0,0,0,0,0,6,6,6,6,6,6,6,5,3,0,0,0,0,0,2,6,6,6,6,4,4,5,5,3,0,0,0,0,1,6,6,6,5,1,0,0,0,0,-1.52,0,0,0,0,5,6,6,1,0,0,0,0,0,0,0,0,0,0,3,6,6,6,0,0,0,0,0,0,0,0,0,0,3,6,6,6,3,0,1,5,6,3,0,0,0,0,5,6,6,6,6,6,5,6,6,6,6,0,0,0,3,6,6,6,6,6,6,6,6,6,6,3,0,0,0,3,6,6,6,6,6,6,6,6,6,6,3,0,0,0,0,3,6,6,6,6,6,6,6,6,6,2,0,0,0,0,0,0,0,0,0,4,6,6,6,4,0,0,0,0,0,0,0,0,0,1,5,6,6,6,1,0,0,0,0,1,5,6,6,6,6,6,6,6,2,0,0,0,0,0,1,6,6,6,6,6,6,6,5,0,0,0,0,0,0,0,1,4,4,4,4,4,4,1,0,0,0,0,0,0,6,"mfeat-pixel","att60",0.9
3,4,4,2,3,4,4,4,2,2,2,0,0,0,0,6,6,6,6,6,6,6,6,6,6,6,5,0,0,0,5,6,6,6,3,0,0,2,2,2,2,1,0,0,0,3,6,6,6,2,0,0,0,0,0,0,0,0,0,0.68,3,6,6,6,6,3,0,2,4,1,0,0,0,0,0,4,6,6,6,6,6,6,6,6,6,4,4,1,0,0,6,6,6,6,6,6,6,4,5,6,6,6,6,1,0,6,6,6,6,6,6,1,0,0,4,6,6,6,3,0,2,6,6,6,6,2,0,0,0,2,6,6,6,4,0,0,6,6,4,1,0,0,0,0,0,6,6,6,6,0,0,1,1,0,0,0,0,0,0,0,6,6,6,6,2,0,0,0,0,0,0,0,0,0,3,6,6,6,6,1,0,5,6,3,1,0,0,0,1,5,6,6,6,2,0,0,6,6,6,6,4,2,2,5,6,6,6,6,0,0,0,1,5,6,6,6,6,6,6,6,5,3,1,0,0,0,0,0,1,3,4,4,4,4,2,0,0,0,0,0,6,"mfeat-pixel","att60",0.9
0,0,1,2,3,3,3,4,5,5,4,3,0,0,0,1,4,6,6,6,6,6,6,6,6,6,5,0,0,0,3,6,6,6,6,5,2,3,4,3,2,0,0,0,0,3,6,6,6,6,6,4,4,4,2,0,0,0,0,3.48,3,6,6,6,6,6,6,6,6,6,6,5,4,1,0,3,6,6,6,6,6,5,2,2,5,6,6,6,6,2,3,6,6,6,6,4,0,0,0,0,5,6,6,6,5,4,6,6,6,6,1,0,0,0,0,3,6,6,6,6,5,6,6,6,3,0,0,0,0,0,4,6,6,6,6,0,2,2,1,0,0,0,0,0,3,6,6,6,6,4,0,0,0,0,0,0,0,0,3,6,6,6,6,5,1,0,0,0,0,0,0,1,5,6,6,6,6,3,0,0,0,0,0,0,1,4,6,6,6,6,5,1,0,0,0,0,0,0,3,6,6,6,6,6,3,0,0,0,0,0,0,0,2,6,6,6,6,5,1,0,0,0,0,0,0,0,0,4,4,4,4,4,1,0,0,0,0,0,0,0,6,"mfeat-pixel","att60",0.9
0,0,0,1,4,6,6,6,6,6,6,6,6,6,2,0,0,3,6,6,6,6,6,6,6,6,6,6,5,1,0,4,6,6,6,6,6,5,2,0,2,2,2,0,0,0,6,6,6,6,6,6,3,0,0,0,0,0,0,-1.39,2,6,6,6,6,6,6,6,4,2,2,0,0,0,0,6,6,6,6,6,6,6,6,6,6,6,6,4,3,0,3,4,4,3,2,4,2,5,6,6,6,6,6,6,2,0,0,0,0,0,0,0,0,2,3,6,6,6,6,6,0,0,0,0,0,0,0,0,0,2,6,6,6,6,6,0,0,0,0,0,0,0,0,0,3,6,6,6,6,6,0,0,0,0,0,0,0,0,0,0,6,6,6,6,6,0,0,0,0,0,0,0,0,0,4,6,6,6,6,6,0,0,0,0,0,0,0,0,1,6,6,6,6,6,4,0,0,0,1,3,5,6,6,6,6,6,6,6,5,0,0,0,5,6,6,6,6,6,6,6,6,6,5,1,0,0,0,3,4,4,4,4,4,4,3,1,0,0,0,0,6,"mfeat-pixel","att60",0.9
0,0,1,5,6,5,4,5,5,4,4,4,4,3,0,0,3,6,6,6,6,6,6,6,6,6,6,6,6,0,0,5,6,6,6,6,3,2,2,2,3,4,3,1,0,0,3,6,6,6,6,2,0,0,0,0,0,0,0,0.99,0,3,6,6,6,6,6,4,4,4,3,1,0,0,0,0,5,6,6,6,6,6,6,6,6,6,6,6,3,0,0,6,6,6,6,6,6,6,6,6,6,6,6,6,5,3,6,6,6,6,4,2,2,5,6,6,6,6,6,6,0,3,4,4,1,0,0,0,1,6,6,6,6,6,6,0,0,0,0,0,0,0,0,2,6,6,6,6,6,4,0,0,0,0,0,0,0,1,5,6,6,6,6,3,0,0,0,0,0,0,0,3,6,6,6,6,6,1,0,0,0,0,0,0,1,5,6,6,6,6,6,4,0,0,0,0,0,0,3,6,6,6,6,6,5,3,0,0,0,0,0,0,5,6,6,6,6,6,4,0,0,0,0,0,0,0,0,3,4,4,4,4,4,1,0,0,0,0,0,0,6,"mfeat-pixel","att60",0.9
0,3,6,6,6,5,4,5,6,5,4,6,5,1,0,0,6,6,6,6,6,6,6,6,6,6,6,6,2,0,0,6,6,6,6,5,1,1,2,2,2,2,1,0,0,0,6,6,6,6,4,0,0,0,0,0,0,0,0,5.23,0,6,6,6,6,6,6,6,6,6,6,6,3,0,0,0,6,6,6,6,6,6,6,6,6,6,6,6,4,0,2,6,6,6,6,6,5,2,2,5,6,6,6,6,0,3,6,6,6,6,5,0,0,0,1,5,6,6,6,3,0,3,6,6,5,1,0,0,0,0,0,6,6,6,3,0,0,1,1,0,0,0,0,0,1,5,6,6,6,2,0,0,0,0,0,0,0,0,0,3,6,6,6,6,0,0,0,1,5,6,5,0,0,0,4,6,6,6,6,0,0,0,6,6,6,6,5,2,5,6,6,6,6,4,0,0,0,6,6,6,6,6,6,6,6,6,6,5,0,0,0,0,6,6,6,6,6,6,6,6,6,5,0,0,0,0,0,3,4,4,4,4,4,4,4,3,0,0,0,0,6,"mfeat-pixel","att60",0.9
0,0,0,3,6,6,6,6,6,6,6,6,6,4,3,0,0,5,6,6,6,6,3,3,5,6,6,6,6,5,0,0,6,6,6,5,1,0,0,0,0,0,2,0,0,0,0,6,6,6,1,0,0,0,0,0,0,0,0,1.62,0,4,6,6,6,5,4,4,4,4,3,1,0,0,0,0,6,6,6,6,6,6,6,6,6,6,6,4,3,0,0,6,6,6,6,6,3,2,2,2,3,6,6,6,3,0,6,6,6,3,1,0,0,0,0,1,6,6,6,4,0,6,6,5,0,0,0,0,0,0,5,6,6,6,4,0,3,3,0,0,0,0,0,0,2,6,6,6,5,0,0,0,0,0,0,0,0,0,1,6,6,6,5,1,0,0,0,0,0,0,0,0,1,5,6,6,5,0,0,0,0,0,0,0,0,0,3,6,6,6,5,0,0,0,0,0,0,0,0,3,5,6,6,3,1,0,0,0,0,0,1,5,6,6,6,6,5,1,0,0,0,0,0,0,0,2,4,4,4,4,3,0,0,0,0,0,0,0,0,0,6,"mfeat-pixel","att60",0.9
0,3,6,4,4,4,4,4,5,5,4,6,6,4,0,2,6,6,6,6,6,6,6,6,6,6,5,4,2,0,6,6,6,6,5,4,3,2,2,2,1,0,0,0,0,6,6,6,6,0,0,0,0,0,0,0,0,0,0,-0.79,5,6,6,6,3,2,2,2,2,2,2,2,0,0,0,1,6,6,6,6,6,6,6,6,6,6,6,6,3,0,0,6,6,6,6,6,6,5,5,6,6,6,6,6,0,0,6,6,6,6,6,3,0,0,4,6,6,6,6,3,2,6,6,6,6,1,0,0,0,3,6,6,6,6,3,3,6,6,6,6,0,0,0,0,3,6,6,6,6,3,1,4,6,3,1,0,0,0,0,5,6,6,6,6,0,0,0,0,0,0,0,0,0,0,6,6,6,6,6,0,0,0,0,0,0,0,0,0,2,6,6,6,6,2,0,0,1,2,1,0,0,0,3,6,6,6,6,6,0,0,0,6,6,6,5,4,6,6,6,6,6,4,1,0,0,0,1,3,4,4,4,4,4,4,2,0,0,0,0,0,6,"mfeat-pixel","att60",0.9
0,0,1,5,6,6,6,6,6,6,6,4,4,6,3,0,0,5,6,6,6,6,6,6,6,6,6,6,6,6,0,0,3,6,6,6,6,5,2,2,2,2,2,2,1,0,0,6,6,6,6,6,1,0,0,0,0,0,0,1.05,0,4,6,6,6,6,3,0,0,0,0,0,0,0,0,2,6,6,6,6,6,5,2,1,0,0,0,0,0,0,6,6,6,6,6,6,6,6,6,4,2,0,0,0,0,5,6,6,6,6,6,6,6,6,6,6,5,0,0,0,0,0,0,0,0,0,4,6,6,6,6,6,4,0,0,0,0,0,0,0,0,0,4,6,6,6,6,6,0,0,0,0,0,0,0,0,0,0,4,6,6,6,6,1,0,0,0,0,0,0,0,0,0,3,6,6,6,6,3,0,0,0,0,0,0,0,0,0,3,6,6,6,6,3,0,0,1,2,2,4,4,3,2,5,6,6,6,6,0,0,0,6,6,6,6,6,6,6,6,6,6,6,5,0,0,0,3,4,4,4,4,4,4,4,4,4,3,0,0,0,6,"mfeat-pixel","att60",0.9
0,0,0,0,3,4,5,6,6,6,6,3,0,0,0,0,0,1,5,6,6,6,6,4,6,6,6,2,0,0,0,0,6,6,6,6,5,1,0,0,2,1,0,0,0,0,0,6,6,6,6,3,0,0,0,0,0,0,0,1.82,0,1,6,6,6,6,5,1,1,4,6,6,6,5,1,0,3,6,6,6,6,6,6,6,6,6,6,6,6,2,0,5,6,6,6,6,5,2,2,5,6,6,6,6,0,2,6,6,6,6,5,0,0,0,5,6,6,6,6,0,0,1,2,2,2,0,0,0,4,6,6,6,5,1,0,0,0,0,0,0,0,0,4,6,6,6,6,0,0,0,0,0,0,0,0,1,5,6,6,6,6,3,0,0,0,0,0,0,0,3,6,6,6,6,3,0,0,0,0,0,0,0,1,5,6,6,6,5,1,0,0,0,0,0,0,0,3,6,6,6,6,5,0,0,0,0,0,0,0,0,4,6,6,6,6,6,1,0,0,0,0,0,0,0,0,3,4,4,4,4,1,0,0,0,0,0,0,0,0,0,6,"mfeat-pixel","att60",0.9
0,0,3,4,4,4,4,5,6,6,6,5,4,3,0,0,0,6,6,6,6,6,6,6,6,6,6,6,6,0,0,0,6,6,6,6,6,6,6,6,6,4,2,1,0,0,0,1,6,6,6,6,4,0,0,0,0,0,0,-0.87,0,0,5,6,6,6,6,3,0,0,0,0,0,0,0,0,0,6,6,6,6,6,6,4,4,4,2,0,0,0,0,0,6,6,6,6,6,6,6,6,6,6,5,1,0,0,0,6,6,6,6,6,6,4,5,6,6,6,6,1,0,0,6,6,6,6,3,0,0,1,6,6,6,6,5,0,0,3,4,4,3,0,0,0,3,6,6,6,6,1,0,0,0,0,0,0,0,0,0,0,6,6,6,6,0,0,0,0,0,0,0,0,0,0,1,6,6,6,6,0,0,2,2,2,2,2,0,0,1,5,6,6,6,5,0,5,6,6,6,6,6,6,6,6,6,6,6,6,1,0,6,6,6,6,6,6,6,6,6,6,6,4,1,0,0,3,4,4,4,4,4,4,4,4,3,1,0,0,0,0,6,"mfeat-pixel","att60",0.9
0,0,1,3,6,6,6,6,6,6,6,6,6,6,3,0,3,6,6,6,6,6,6,6,6,6,6,6,6,5,0,6,6,6,6,6,3,0,2,2,2,2,2,2,0,0,6,6,6,6,6,0,0,0,0,0,0,0,0,1.22,0,6,6,6,6,6,5,1,0,0,0,0,0,0,0,1,6,6,6,6,6,6,6,6,3,1,0,0,0,0,3,6,6,6,6,6,6,6,6,6,6,3,0,0,0,4,6,6,6,6,3,3,6,6,6,6,6,0,0,0,6,6,6,6,5,0,0,1,6,6,6,6,1,0,0,3,4,4,3,0,0,0,0,6,6,6,6,3,0,0,0,0,0,0,0,0,0,0,6,6,6,6,3,0,0,0,0,0,0,0,0,0,0,6,6,6,6,3,0,0,0,0,0,0,0,0,0,1,6,6,6,6,0,0,0,0,0,0,0,5,6,6,6,6,6,6,5,0,0,0,0,0,0,2,6,6,6,6,6,6,5,1,0,0,0,0,0,0,1,4,4,4,4,4,3,0,0,0,0,0,6,"mfeat-pixel","att60",0.9
0,0,2,6,6,6,6,6,6,6,6,6,2,0,0,0,0,1,6,6,6,6,6,6,6,6,5,1,0,0,0,0,5,6,6,6,6,3,0,0,0,0,0,0,0,0,0,4,6,6,6,6,6,5,1,0,0,0,0,-0.18,0,0,3,6,6,6,6,6,6,6,4,3,0,0,0,0,0,4,6,6,6,6,6,6,6,6,6,3,0,0,0,2,6,6,6,6,5,2,3,6,6,6,6,2,0,0,0,5,6,6,5,1,0,0,2,6,6,6,4,0,0,0,0,2,1,0,0,0,0,0,4,6,6,6,2,0,0,0,0,0,0,0,0,0,0,0,6,6,6,3,0,0,0,0,0,0,0,0,0,0,0,6,6,6,3,0,1,2,2,1,0,0,0,0,0,1,6,6,6,3,2,6,6,6,6,1,0,0,0,1,5,6,6,6,2,0,2,5,6,6,6,4,6,6,6,6,6,6,2,0,0,0,0,3,5,6,6,6,6,6,6,6,2,0,0,0,0,0,0,0,3,4,4,4,1,0,0,0,0,0,6,"mfeat-pixel","att60",0.9
3,6,6,6,6,6,6,6,6,6,6,2,0,0,0,6,6,6,6,6,6,6,6,6,4,2,1,0,0,0,5,6,6,6,6,6,5,1,0,0,0,0,0,0,0,1,6,6,6,6,6,1,0,0,0,0,0,0,0,0.67,0,6,6,6,6,6,6,4,4,4,2,2,1,0,0,0,6,6,6,6,6,6,6,6,6,6,6,6,0,0,0,6,6,6,6,6,6,6,6,6,6,6,6,3,0,0,6,6,6,6,6,6,3,2,5,6,6,6,6,2,0,3,4,5,6,6,3,0,0,3,6,6,6,6,3,0,0,0,0,0,0,0,0,0,3,6,6,6,6,4,0,0,0,0,0,0,0,0,3,6,6,6,6,6,6,0,0,0,0,0,0,0,0,6,6,6,6,6,6,2,0,0,0,0,0,0,0,0,6,6,6,6,6,6,0,0,0,0,0,0,0,1,5,6,6,6,6,6,6,0,5,6,6,6,6,6,6,6,6,6,6,6,6,3,0,3,4,4,4,4,4,4,4,4,4,4,4,1,0,0,6,"mfeat-pixel","att60",0.9
0,0,2,4,6,5,4,6,4,5,6,4,5,5,1,0,3,6,6,6,6,6,6,6,6,6,6,6,5,1,0,4,6,6,6,4,0,0,0,0,0,0,0,0,0,1,6,6,6,6,6,2,0,0,0,0,0,0,0,3.15,2,6,6,6,6,6,1,0,0,0,0,0,0,0,0,0,6,6,6,6,6,5,4,4,4,4,4,1,0,0,0,6,6,6,6,6,6,6,6,6,6,6,6,3,0,0,6,6,6,6,6,6,5,2,3,6,6,6,6,3,0,6,6,6,6,6,6,3,0,0,3,6,6,6,4,0,6,6,6,6,6,6,2,0,0,0,6,6,6,6,0,1,3,4,4,3,1,0,0,0,0,6,6,6,6,0,0,0,0,0,0,0,0,0,0,0,6,6,6,6,0,0,1,2,2,0,0,0,0,0,3,6,6,6,6,0,5,6,6,6,5,2,0,0,4,6,6,6,6,5,0,3,6,6,6,6,6,6,6,6,6,6,6,3,0,0,0,1,4,4,4,4,4,4,4,4,4,1,0,0,6,"mfeat-pixel","att60",0.9
0,0,0,1,5,6,6,6,6,6,6,6,6,5,1,0,0,0,3,6,6,6,6,6,6,6,6,6,6,6,0,0,0,3,6,6,6,5,4,4,4,4,4,4,3,0,0,0,5,6,6,6,3,0,0,0,0,0,0,0.04,0,0,5,6,6,6,6,0,0,0,0,0,0,0,0,0,5,6,6,6,6,6,5,4,4,1,0,0,0,0,4,6,6,6,6,6,6,6,6,6,6,2,0,0,0,5,6,6,6,6,6,6,6,6,6,6,5,1,0,0,0,2,4,2,0,0,0,0,4,6,6,6,5,1,0,0,0,0,0,0,0,0,0,0,5,6,6,6,3,0,0,0,0,0,0,0,0,0,0,3,6,6,6,3,0,0,0,0,0,0,0,0,0,0,3,6,6,6,3,0,0,0,0,0,0,0,0,0,0,3,6,6,6,3,0,0,0,0,0,3,4,4,4,4,6,6,6,6,3,0,0,0,1,5,6,6,6,6,6,6,6,6,6,2,0,0,0,1,4,4,4,4,4,4,4,4,4,1,0,0,6,"mfeat-pixel","att60",0.9
0,0,3,4,4,6,4,2,0,0,0,0,0,0,0,0,3,6,6,6,6,6,6,6,6,6,6,6,5,1,0,4,6,6,6,6,6,6,6,6,6,6,6,5,1,1,6,6,6,6,6,3,2,2,2,2,1,0,0,-2.74,5,6,6,6,6,3,0,0,0,0,0,0,0,0,0,5,6,6,6,6,6,3,2,4,4,4,2,0,0,0,4,6,6,6,6,6,6,6,6,6,6,6,5,1,0,6,6,6,6,6,6,6,6,6,6,6,6,6,5,0,5,6,6,6,5,3,2,5,6,6,6,6,6,5,0,0,0,0,0,0,0,0,4,6,6,6,6,5,1,0,0,0,0,0,0,0,5,6,6,6,5,2,0,0,0,0,0,0,0,1,5,6,6,6,6,5,0,0,0,0,0,0,1,4,6,6,6,6,6,5,1,0,0,0,0,0,3,6,6,6,6,6,6,3,0,0,0,0,0,0,3,6,6,6,6,6,3,0,0,0,0,0,0,0,0,4,4,4,4,4,1,0,0,0,0,0,0,0,0,0,6,"mfeat-pixel","att60",0.9
5,6,6,6,6,6,6,6,4,4,1,0,0,0,0,6,6,6,6,6,6,6,6,6,6,3,0,0,0,0,6,6,6,6,6,6,6,6,6,6,2,0,0,0,0,5,6,6,6,4,0,0,2,0,0,0,0,0,0,-3.88,1,6,6,6,5,2,2,2,2,2,0,0,0,0,0,0,6,6,6,6,6,6,6,6,6,5,3,0,0,0,0,6,6,6,6,6,6,6,6,6,6,6,6,5,0,2,6,6,6,6,3,0,0,0,3,6,6,6,6,0,1,5,6,3,0,0,0,0,0,0,3,6,6,6,0,0,0,0,0,0,0,0,0,0,0,3,6,6,6,2,0,0,0,0,0,0,0,0,0,0,3,6,6,6,6,0,3,4,4,4,2,0,0,0,0,4,6,6,6,5,0,6,6,6,6,6,6,5,4,5,6,6,6,5,1,0,4,6,6,6,6,6,6,6,6,6,6,6,1,0,0,0,5,6,6,6,6,6,6,6,6,4,1,0,0,0,0,0,0,2,4,4,4,4,2,0,0,0,0,0,6,"mfeat-pixel","att60",0.9
0,0,0,0,2,4,4,6,6,5,4,4,4,3,0,0,5,6,6,6,6,6,6,6,6,6,6,6,6,5,2,6,6,6,6,4,3,2,2,2,2,4,4,4,3,1,6,6,6,3,0,0,0,0,0,0,0,0,0,-2.02,0,6,6,6,6,3,2,2,4,4,4,3,2,1,0,0,6,6,6,6,6,6,6,6,6,6,6,6,6,0,4,6,6,6,6,6,6,6,6,6,6,6,6,6,1,6,6,6,6,6,5,2,0,0,1,6,6,6,6,5,3,4,4,4,1,0,0,0,0,2,6,6,6,6,4,0,0,0,0,0,0,0,0,1,5,6,6,6,5,0,0,0,0,0,0,0,0,3,6,6,6,6,3,0,0,0,0,0,0,0,1,5,6,6,6,3,0,0,0,0,0,0,0,0,2,6,6,6,6,6,0,0,0,0,0,0,0,0,3,6,6,6,6,3,1,0,0,0,0,0,0,0,5,6,6,6,6,3,0,0,0,0,0,0,0,0,0,3,4,4,4,4,2,0,0,0,0,0,0,0,6,"mfeat-pixel","att60",0.9
0,0,0,0,1,4,4,4,6,6,4,4,4,4,1,0,0,0,1,6,6,6,6,6,6,6,6,6,6,2,0,0,0,3,6,6,6,3,2,2,2,2,1,0,0,0,0,0,3,6,6,6,0,0,0,0,0,0,0,1.31,0,0,0,3,6,6,4,0,0,0,0,0,0,0,0,0,0,0,5,6,6,0,0,0,0,0,0,0,0,0,0,0,3,6,6,6,3,0,1,2,0,0,0,0,0,0,1,5,6,6,6,6,6,6,6,6,3,2,0,0,1,5,6,6,6,6,6,6,6,6,6,6,6,5,0,3,6,6,6,5,2,2,2,2,2,5,6,6,6,3,0,3,4,3,0,0,0,0,0,0,0,5,6,6,5,0,0,0,0,0,0,0,0,0,0,0,3,6,6,6,0,0,0,0,0,0,0,0,0,0,0,3,6,6,6,0,0,0,0,0,0,0,0,0,2,2,5,6,6,6,0,0,0,0,0,0,0,1,5,6,6,6,6,6,6,0,0,0,0,0,0,0,1,4,4,4,4,4,4,1,6,"mfeat-pixel","att60",0.9
0,0,3,4,5,6,6,6,6,5,4,4,3,1,0,0,0,6,6,6,6,6,6,6,6,6,6,6,6,2,0,3,6,6,6,6,6,3,2,4,6,4,2,2,0,0,3,6,6,6,6,6,0,0,0,0,0,0,0,-1.56,0,5,6,6,6,6,6,5,4,4,3,0,0,0,0,0,6,6,6,6,6,6,6,6,6,6,5,2,1,0,2,6,6,6,6,6,6,6,6,6,6,6,6,6,0,3,6,6,6,6,6,4,5,6,6,6,6,6,4,0,1,4,4,4,3,0,0,3,6,6,6,6,6,0,0,0,0,0,0,0,0,0,6,6,6,6,5,1,0,0,0,0,0,0,0,1,5,6,6,6,6,5,0,0,0,0,0,0,0,1,5,6,6,6,6,6,3,0,0,0,0,0,0,3,6,6,6,6,6,6,2,0,0,0,0,0,0,1,6,6,6,6,6,5,1,0,0,0,0,0,0,0,6,6,6,6,6,5,0,0,0,0,0,0,0,0,0,3,4,4,4,3,0,0,0,0,0,0,0,0,6,"mfeat-pixel","att60",0.9
0,1,2,2,0,0,0,2,4,4,6,5,1,0,0,5,6,6,6,6,6,6,6,6,6,6,5,1,0,0,6,6,6,6,6,5,4,4,4,4,4,1,0,0,0,6,6,6,6,6,0,0,0,0,0,0,0,0,0,1.67,6,6,6,6,6,5,3,2,2,2,0,0,0,0,0,6,6,6,6,6,6,6,6,6,6,6,2,0,0,0,6,6,6,6,4,4,4,4,5,6,6,6,4,3,0,6,6,6,3,0,0,0,0,0,3,6,6,6,6,2,3,4,4,1,0,0,0,0,0,0,1,5,6,6,3,0,0,0,0,0,0,0,0,0,0,0,3,6,6,3,0,0,0,0,0,0,0,0,0,0,0,4,6,6,6,0,0,0,0,0,0,0,0,0,0,1,6,6,6,6,0,0,0,0,0,0,0,0,0,3,6,6,6,6,2,0,5,6,6,6,6,4,4,5,6,6,6,6,5,0,0,5,6,6,6,6,6,6,6,6,5,4,3,0,0,0,0,3,4,4,4,4,4,4,3,0,0,0,0,0,6,"mfeat-pixel","att60",0.9
0,2,4,5,5,4,4,4,4,4,4,4,1,0,0,5,6,6,6,6,6,6,6,6,6,6,5,1,0,0,6,6,6,6,3,2,2,2,2,3,3,0,0,0,0,6,6,6,6,2,0,0,0,0,0,0,0,0,0,2.54,5,6,6,6,4,0,0,0,0,0,0,0,0,0,0,3,6,6,6,6,6,6,5,4,5,5,2,0,0,0,3,6,6,6,6,6,6,6,6,6,6,6,6,3,0,1,6,6,6,6,6,3,2,2,3,6,6,6,6,2,1,6,6,6,6,3,0,0,0,0,3,6,6,6,4,2,6,6,6,6,3,0,0,0,0,4,6,6,6,6,0,1,5,5,4,1,0,0,0,2,6,6,6,6,3,0,2,1,0,0,0,0,0,0,3,6,6,6,6,3,5,6,6,2,0,0,0,0,0,4,6,6,6,5,0,6,6,6,5,2,3,4,4,5,6,6,6,5,0,0,6,6,6,6,6,6,6,6,6,6,6,3,0,0,0,1,4,4,4,4,4,4,4,4,2,0,0,0,0,0,6,"mfeat-pixel","att60",0.9
0,3,4,4,5,5,4,4,4,4,4,4,4,3,0,0,6,6,6,6,6,6,6,6,6,6,6,6,6,5,0,6,6,6,6,5,2,3,4,4,4,6,6,5,1,0,6,6,6,6,1,0,0,0,0,0,0,0,0,-1.11,0,6,6,6,6,6,4,2,4,3,2,0,0,0,0,0,6,6,6,6,6,6,6,6,6,6,6,3,0,0,0,6,6,6,6,6,4,5,6,6,6,6,6,4,0,0,6,6,6,6,3,0,0,1,5,6,6,6,6,0,2,6,6,6,6,3,0,0,0,3,6,6,6,6,3,1,5,6,6,6,0,0,0,1,5,6,6,6,6,0,0,0,1,2,1,0,0,0,6,6,6,6,6,6,0,0,0,0,0,0,0,0,4,6,6,6,6,6,2,0,0,0,0,0,0,0,1,6,6,6,6,6,6,0,0,0,0,0,0,0,3,6,6,6,6,6,5,3,0,0,0,3,5,6,6,6,6,6,6,6,5,0,0,0,0,0,3,4,4,4,4,4,4,1,0,0,0,0,0,0,6,"mfeat-pixel","att60",0.9
0,3,6,6,6,6,6,6,6,5,4,4,3,0,0,1,6,6,6,6,6,6,6,6,6,6,6,6,5,0,3,6,6,6,6,6,6,6,6,6,6,6,6,3,0,1,6,6,6,6,4,0,0,0,0,0,0,0,0,-0.08,0,6,6,6,6,5,2,0,0,0,0,0,0,0,0,0,6,6,6,6,6,6,5,3,2,0,0,0,0,0,0,6,6,6,6,6,6,6,6,6,5,1,0,0,0,0,6,6,6,6,6,6,6,6,6,6,6,3,0,0,3,6,6,6,5,1,0,3,6,6,6,6,6,4,0,1,4,4,3,0,0,0,0,1,5,6,6,6,6,0,0,0,0,0,0,0,0,0,0,0,6,6,6,6,3,0,0,0,0,0,0,0,0,0,2,6,6,6,6,2,0,0,0,0,2,2,0,1,3,6,6,6,6,6,0,0,3,6,6,6,6,6,6,6,6,6,6,6,2,0,0,6,6,6,6,6,6,6,6,6,6,5,3,0,0,0,3,4,4,4,4,4,4,4,4,2,0,0,0,0,6,"mfeat-pixel","att60",0.9
0,0,0,0,0,2,4,6,3,0,0,0,0,0,0,0,0,0,3,5,6,6,6,5,0,0,0,0,0,0,0,1,5,6,6,6,6,3,0,0,0,0,0,0,0,1,5,6,6,5,2,0,0,0,0,0,0,0,0,-1.88,3,6,6,6,3,0,0,0,0,0,0,0,0,0,0,3,6,6,6,3,0,0,0,0,0,0,0,0,0,0,3,6,6,6,3,0,0,0,0,0,0,0,0,0,0,3,6,6,6,3,0,0,0,0,0,0,0,0,0,0,3,6,6,6,1,0,2,4,4,4,2,0,0,0,0,5,6,6,6,5,5,6,6,6,6,6,6,4,4,1,5,6,6,6,6,6,3,2,3,5,6,6,6,6,4,3,6,6,6,6,1,0,0,0,0,1,6,6,6,6,1,6,6,6,6,3,2,2,2,2,3,6,6,6,5,0,2,6,6,6,6,6,6,6,6,6,6,6,3,0,0,0,3,6,6,6,6,6,6,6,6,5,1,0,0,0,0,0,1,3,4,4,4,4,4,2,0,0,0,0,7,"mfeat-pixel","att60",0.9
0,0,0,0,0,2,4,6,6,6,5,0,0,0,0,0,0,0,1,5,6,6,6,6,6,3,0,0,0,0,0,0,0,3,6,6,6,5,2,0,0,0,0,0,0,0,1,4,6,6,6,6,0,0,0,0,0,0,0,-2.16,0,3,6,6,6,5,1,0,0,0,0,0,0,0,0,1,6,6,6,6,0,0,0,0,0,0,0,0,0,0,3,6,6,6,6,0,0,0,0,0,0,0,0,0,0,0,6,6,6,6,5,4,4,5,6,4,2,1,0,0,0,6,6,6,6,6,6,5,4,5,6,6,6,3,0,1,6,6,6,6,3,0,0,0,0,3,6,6,6,4,3,6,6,6,3,0,0,0,0,0,0,3,6,6,6,3,6,6,6,3,0,0,0,0,0,0,3,6,6,6,3,6,6,6,3,0,0,0,0,0,5,6,6,6,6,0,6,6,6,6,1,0,0,0,3,6,6,6,6,2,0,5,6,6,6,6,4,2,4,6,6,5,2,1,0,0,0,0,2,4,4,4,4,4,4,4,1,0,0,0,7,"mfeat-pixel","att60",0.9
0,0,0,1,4,4,4,6,4,4,4,4,3,0,0,0,3,4,6,6,6,6,6,6,6,6,6,6,5,0,0,6,6,6,6,6,6,5,4,4,6,6,5,1,0,1,6,6,6,6,6,1,0,0,0,0,0,0,0,1.4,5,6,6,6,6,5,0,0,0,0,0,0,0,0,0,3,6,6,6,6,3,0,0,0,0,0,0,0,0,0,3,6,6,6,6,6,4,4,4,4,2,0,0,0,0,4,6,6,6,6,6,6,6,6,6,6,6,6,3,0,6,6,6,6,6,6,6,6,6,6,6,6,6,6,5,5,6,6,6,6,6,5,3,2,3,6,6,6,6,6,3,6,6,6,6,6,0,0,0,0,3,6,6,6,6,6,6,6,6,6,6,0,0,0,0,3,6,6,6,3,4,6,6,6,6,4,0,0,0,0,3,6,6,4,0,3,6,6,6,6,4,0,0,0,0,4,6,5,1,0,0,5,6,6,6,6,5,4,5,6,6,3,0,0,0,0,0,3,4,4,4,4,4,4,4,1,0,0,0,0,7,"mfeat-pixel","att60",0.9
0,0,3,5,6,6,6,6,6,6,6,5,4,4,3,0,0,6,6,6,6,6,6,6,6,6,6,6,6,5,0,2,6,6,6,6,5,2,0,0,0,0,1,2,0,0,6,6,6,6,6,0,0,0,0,0,0,0,0,2.71,0,6,6,6,6,6,0,0,0,0,0,0,0,0,0,0,6,6,6,6,6,0,0,0,0,0,0,0,0,0,0,6,6,6,6,6,0,0,2,1,0,0,0,0,0,0,6,6,6,6,6,5,5,6,6,5,3,2,0,0,0,6,6,6,6,6,6,6,6,6,6,6,6,4,0,0,6,6,6,6,5,2,3,4,5,6,6,6,6,3,0,6,6,6,6,0,0,0,0,1,6,6,6,6,6,0,6,6,6,6,0,0,0,0,5,6,6,6,6,2,3,6,6,6,6,4,0,0,0,6,6,6,6,6,0,1,6,6,6,6,6,5,2,3,6,6,6,6,3,0,0,6,6,6,6,6,6,6,6,6,6,6,6,3,0,0,3,4,4,4,4,4,4,4,4,4,4,3,0,0,7,"mfeat-pixel","att60",0.9
0,0,0,5,6,5,0,0,0,0,0,0,0,0,0,0,0,4,6,6,6,0,0,0,0,0,0,0,0,0,0,0,6,6,6,5,0,0,0,0,0,0,0,0,0,0,0,6,6,6,1,0,0,0,0,0,0,0,0,1.61,0,2,6,6,4,0,0,0,0,0,0,0,0,0,0,0,6,6,6,0,0,0,0,0,0,0,0,0,0,0,4,6,6,6,0,0,0,1,1,0,0,0,0,0,0,6,6,6,6,5,4,5,6,6,5,3,0,0,0,0,6,6,6,6,5,4,4,4,5,6,6,5,1,0,0,6,6,6,4,0,0,0,0,0,3,6,6,6,3,0,6,6,6,0,0,0,0,0,0,0,2,6,6,6,0,4,6,6,5,0,0,0,0,0,0,0,6,6,6,2,0,6,6,6,5,0,0,0,0,0,1,6,6,6,3,0,4,6,6,6,3,0,0,0,3,6,6,6,4,0,0,2,6,6,6,6,6,6,6,6,6,6,3,0,0,0,0,1,3,4,4,4,4,4,4,3,1,0,0,0,7,"mfeat-pixel","att60",0.9
0,0,3,5,6,6,6,2,0,0,0,0,0,0,0,0,4,6,6,6,6,6,2,0,0,0,0,0,0,0,0,6,6,6,6,5,1,0,0,0,0,0,0,0,0,0,6,6,6,6,1,0,0,0,0,0,0,0,0,2.88,2,6,6,6,6,1,0,1,2,0,0,0,0,0,0,6,6,6,6,6,6,6,6,6,6,6,4,1,0,0,6,6,6,6,6,6,6,6,6,6,6,6,6,3,0,6,6,6,6,6,6,5,3,2,5,6,6,6,6,4,6,6,6,6,6,4,0,0,0,0,6,6,6,6,6,6,6,6,6,6,0,0,0,0,0,6,6,6,6,6,6,6,6,6,6,0,0,0,0,0,6,6,6,6,6,6,6,6,6,6,0,0,0,0,0,6,6,6,6,6,5,6,6,6,6,1,0,0,0,1,6,6,6,6,6,1,6,6,6,6,6,4,5,6,6,6,6,6,5,1,0,6,6,6,6,6,6,6,6,6,6,5,3,0,0,0,3,4,4,4,4,4,4,4,3,1,0,0,0,0,7,"mfeat-pixel","att60",0.9
0,0,0,1,4,6,3,0,0,0,0,0,0,0,0,0,0,3,6,6,6,3,0,0,0,0,0,0,0,0,0,2,6,6,6,6,0,0,0,0,0,0,0,0,0,0,3,6,6,6,5,0,0,0,0,0,0,0,0,-1.48,0,3,6,6,6,1,0,0,0,0,0,0,0,0,0,0,6,6,6,6,0,0,0,0,0,0,0,0,0,0,0,6,6,6,6,0,0,0,0,0,0,0,0,0,0,0,6,6,6,6,0,0,0,0,0,0,0,0,0,0,3,6,6,6,6,5,4,4,4,4,4,4,3,0,0,3,6,6,6,6,6,6,6,6,6,6,6,6,4,0,4,6,6,6,6,6,3,2,3,6,6,6,6,6,1,5,6,6,6,6,1,0,0,0,1,6,6,6,6,3,3,6,6,6,1,0,0,0,0,0,6,6,6,6,1,5,6,6,6,5,1,0,0,1,5,6,6,6,6,0,3,6,6,6,6,6,6,6,6,6,6,6,6,5,0,0,1,3,4,4,4,4,4,4,4,4,4,3,0,0,7,"mfeat-pixel","att60",0.9
0,0,0,3,6,6,6,3,0,0,0,0,0,0,0,0,0,0,6,6,6,6,3,0,0,0,0,0,0,0,0,0,1,6,6,6,3,0,0,0,0,0,0,0,0,0,0,5,6,6,6,0,0,0,0,0,0,0,0,1.58,0,1,6,6,6,6,0,0,0,0,0,0,0,0,0,0,5,6,6,6,6,0,0,0,0,0,0,0,0,0,0,6,6,6,6,6,3,0,0,0,0,0,0,0,0,0,6,6,6,6,6,6,5,4,3,0,0,0,0,0,0,6,6,6,6,6,6,6,6,6,5,2,0,0,0,1,6,6,6,6,6,6,6,6,6,6,6,3,0,0,5,6,6,6,4,0,0,1,6,6,6,6,6,5,0,6,6,6,6,4,0,0,0,6,6,6,6,6,6,0,6,6,6,6,6,5,4,5,6,6,6,6,6,6,1,3,6,6,6,6,6,6,6,6,6,6,6,6,6,2,0,1,5,6,6,6,6,6,6,6,6,6,5,1,0,0,0,0,0,1,3,4,4,4,4,4,3,0,0,0,7,"mfeat-pixel","att60",0.9
0,0,5,6,6,6,6,2,0,0,0,0,0,0,0,0,4,6,6,6,6,6,3,0,0,0,0,0,0,0,0,5,6,6,6,6,3,0,0,0,0,0,0,0,0,0,1,6,6,6,6,0,0,0,0,0,0,0,0,-3.58,0,4,6,6,6,2,0,0,0,0,0,0,0,0,0,0,6,6,6,6,3,0,0,2,1,0,0,0,0,0,0,6,6,6,6,6,6,6,6,6,5,3,1,0,0,0,6,6,6,6,6,5,4,4,5,6,6,6,5,1,3,6,6,6,6,3,0,0,0,0,1,5,6,6,6,3,6,6,6,1,0,0,0,0,0,0,3,6,6,6,4,6,6,6,0,0,0,0,0,0,0,3,6,6,6,4,6,6,4,0,0,0,0,0,0,0,2,6,6,6,5,6,6,6,4,0,0,0,0,0,1,3,6,6,5,4,6,6,6,6,5,3,0,0,0,6,6,6,6,1,0,3,6,6,6,6,6,5,2,3,6,6,6,3,0,0,0,0,2,4,4,4,4,4,4,4,2,0,0,0,7,"mfeat-pixel","att60",0.9
0,3,6,6,6,2,0,0,0,0,0,0,0,0,0,5,6,6,6,6,1,0,0,0,0,0,0,0,0,0,6,6,6,6,6,0,0,0,0,0,0,0,0,0,0,6,6,6,6,6,0,0,0,0,0,0,0,0,0,-2.98,6,6,6,6,6,0,0,0,0,0,0,0,0,0,0,6,6,6,6,6,0,0,0,0,0,0,0,0,0,0,4,6,6,6,6,3,2,2,2,2,2,2,1,0,0,4,6,6,6,6,6,6,6,6,6,6,6,6,3,0,6,6,6,6,6,6,6,6,6,6,6,6,6,6,4,6,6,6,6,6,6,5,3,2,3,6,6,6,6,6,5,6,6,6,6,5,0,0,0,0,6,6,6,6,6,1,6,6,6,6,4,0,0,0,0,6,6,6,6,6,0,6,6,6,6,6,5,2,0,1,6,6,6,6,6,0,3,6,6,6,6,6,6,6,6,6,6,6,6,5,0,3,6,6,6,6,6,6,6,6,6,6,6,5,1,0,0,3,4,4,4,4,4,4,4,4,4,3,0,0,7,"mfeat-pixel","att60",0.9
0,0,0,0,0,0,0,2,5,6,2,0,0,0,0,0,0,0,0,0,3,6,6,6,6,3,0,0,0,0,0,0,0,1,5,6,6,6,6,3,0,0,0,0,0,0,0,1,5,6,6,6,5,1,0,0,0,0,0,-1.27,0,0,5,6,6,6,4,1,0,0,0,0,0,0,0,0,0,6,6,6,3,0,0,0,0,0,0,0,0,0,0,3,6,6,4,0,0,0,0,0,0,0,0,0,0,1,6,6,6,1,0,2,4,4,2,0,0,0,0,0,3,6,6,6,6,6,6,6,6,6,6,6,3,0,0,5,6,6,6,6,6,6,3,0,0,3,6,6,4,0,3,6,6,6,6,5,1,0,0,0,0,2,6,6,3,3,6,6,6,6,3,0,0,0,0,0,1,6,6,5,0,4,6,6,6,5,0,0,0,0,0,3,6,6,3,0,1,5,6,6,6,5,2,2,3,4,6,6,6,1,0,0,0,3,6,6,6,6,6,6,6,6,6,2,0,0,0,0,0,0,2,4,4,4,4,4,2,0,0,0,7,"mfeat-pixel","att60",0.9
0,0,1,4,4,4,4,4,4,4,4,4,0,0,0,0,2,6,6,6,6,6,6,4,4,4,3,0,0,0,0,5,6,6,6,6,5,1,0,0,0,0,0,0,0,0,6,6,6,6,5,0,0,0,0,0,0,0,0,1.74,0,6,6,6,6,3,0,0,0,0,0,0,0,0,0,2,6,6,6,6,1,0,0,0,0,0,0,0,0,0,1,6,6,6,6,5,2,1,0,0,0,0,0,0,0,0,1,6,6,6,6,6,6,6,6,6,6,5,1,0,0,0,6,6,6,6,6,6,6,6,6,6,6,6,0,0,0,6,6,6,6,6,5,5,6,6,6,6,6,0,0,0,3,6,6,6,4,0,0,4,6,6,6,6,0,0,0,2,6,6,6,3,0,0,3,6,6,6,6,0,0,0,1,6,6,6,3,0,0,4,6,6,6,5,0,0,0,3,6,6,6,6,3,5,6,6,6,6,2,0,0,0,3,6,6,6,6,6,6,6,6,6,6,0,0,0,0,1,2,4,4,4,4,4,4,4,4,3,0,0,7,"mfeat-pixel","att60",0.9
0,0,5,5,4,4,1,0,0,0,0,0,0,0,0,0,4,6,6,6,5,1,0,0,0,0,0,0,0,0,0,6,6,6,6,3,0,0,0,0,0,0,0,0,0,0,6,6,6,6,3,0,0,0,0,0,0,0,0,-0.74,0,6,6,6,6,3,0,0,0,0,0,0,0,0,0,0,6,6,6,6,3,0,0,0,0,0,0,0,0,0,0,6,6,6,6,6,0,0,0,0,0,0,0,0,0,0,6,6,6,6,6,5,4,4,4,3,0,0,0,0,0,6,6,6,6,6,6,6,6,6,6,6,4,1,0,2,6,6,6,6,6,6,5,4,6,6,6,6,6,2,3,6,6,6,5,2,1,0,0,3,6,6,6,6,3,3,6,6,6,3,0,0,0,0,3,6,6,6,5,0,6,6,6,6,3,0,0,0,0,4,6,6,6,3,0,6,6,6,6,5,1,0,3,5,6,6,6,6,2,0,4,6,6,6,6,6,6,6,6,6,6,6,1,0,0,0,3,4,4,4,4,4,4,4,4,4,1,0,0,0,7,"mfeat-pixel","att60",0.9
0,0,0,2,4,4,5,6,5,2,0,0,0,0,0,0,3,6,6,6,6,6,6,6,6,6,6,6,6,5,4,6,6,6,6,3,2,3,4,6,6,6,6,6,5,6,6,6,5,1,0,0,0,0,1,3,6,6,3,-2.14,5,6,6,4,0,0,0,0,0,0,0,0,0,0,0,1,6,6,6,2,0,0,0,0,0,0,0,0,0,0,0,3,6,6,4,0,0,0,0,0,0,0,0,0,0,0,3,6,6,6,6,6,6,6,3,0,0,0,0,0,0,3,6,6,6,5,4,4,6,6,6,6,3,0,0,0,3,6,6,3,0,0,0,1,5,6,6,6,5,0,0,3,6,6,1,0,0,0,0,1,5,6,6,6,3,0,3,6,6,3,0,0,0,0,0,4,6,6,6,3,0,5,6,6,3,0,0,0,0,2,6,6,6,6,1,3,6,6,6,5,2,2,2,2,5,6,6,5,1,0,0,3,6,6,6,6,6,6,6,6,6,5,1,0,0,0,0,1,4,4,4,4,4,4,4,4,1,0,0,0,7,"mfeat-pixel","att60",0.9
0,0,0,0,0,0,0,2,4,6,6,2,0,0,0,0,0,0,0,0,0,5,6,6,6,5,1,0,0,0,0,0,0,0,0,1,6,6,6,6,0,0,0,0,0,0,0,0,0,3,6,6,6,6,4,0,0,0,0,0.87,0,0,0,3,6,6,6,6,6,0,0,0,0,0,0,0,0,0,4,6,6,6,5,1,0,0,0,0,0,0,0,0,5,6,6,6,6,4,0,0,0,0,0,0,0,0,0,6,6,6,6,6,6,6,4,4,2,0,0,0,0,2,6,6,6,6,6,6,6,6,6,6,5,1,0,0,6,6,6,6,1,0,0,0,1,5,6,6,6,5,2,6,6,6,6,0,0,0,0,0,1,6,6,6,6,3,6,6,6,3,0,0,0,0,0,3,6,6,6,6,4,6,6,6,6,0,0,0,0,1,6,6,6,6,2,6,6,6,6,6,3,3,4,4,6,6,6,6,5,0,2,6,6,6,6,6,6,6,6,6,6,6,5,1,0,0,3,4,4,4,4,4,4,4,3,1,0,0,0,0,7,"mfeat-pixel","att60",0.9
0,0,0,1,3,6,6,6,6,4,2,0,0,0,0,0,0,3,6,6,6,6,6,6,6,6,6,3,0,0,1,5,6,6,6,3,0,1,6,6,6,6,6,0,0,3,6,6,6,3,0,0,0,1,5,6,6,6,3,1.36,5,6,6,6,1,0,0,0,0,1,4,4,3,0,0,6,6,6,6,0,0,0,0,0,0,0,0,0,0,0,6,6,6,6,4,0,0,0,0,0,0,0,0,0,0,4,6,6,6,6,6,6,6,6,6,4,2,1,0,0,4,6,6,6,6,6,6,6,6,6,6,6,6,3,0,6,6,6,6,6,6,4,4,4,6,6,6,6,6,5,6,6,6,6,6,1,0,0,0,1,6,6,6,6,3,5,6,6,6,6,1,0,0,0,0,6,6,6,6,3,1,6,6,6,6,5,2,1,0,1,6,6,6,6,1,0,6,6,6,6,6,6,6,6,6,6,6,6,6,0,0,3,6,6,6,6,6,6,6,6,6,6,6,3,0,0,0,1,2,4,4,4,4,4,4,4,4,1,0,0,7,"mfeat-pixel","att60",0.9
0,0,0,0,0,2,4,6,6,6,5,4,4,3,0,0,1,5,6,6,6,6,6,6,6,6,6,6,6,2,1,6,6,6,6,6,4,3,1,0,2,4,3,1,0,6,6,6,6,3,0,0,0,0,0,0,0,0,0,-2.92,6,6,6,3,0,0,0,0,0,0,0,0,0,0,0,6,6,6,3,0,0,0,0,0,0,0,0,0,0,0,6,6,6,3,0,0,0,2,2,1,0,0,0,0,0,6,6,6,5,4,6,6,6,6,6,3,1,0,0,0,6,6,6,6,6,6,6,6,6,6,6,6,3,0,0,6,6,6,6,5,1,0,0,0,3,6,6,6,5,1,4,6,6,6,3,0,0,0,0,0,2,6,6,6,5,0,6,6,6,3,0,0,0,0,0,0,3,6,6,6,0,6,6,6,3,0,0,0,0,0,1,6,6,6,6,1,6,6,6,2,0,0,0,0,3,6,6,6,6,1,3,6,6,6,3,0,1,3,6,6,6,6,5,1,0,0,3,4,4,4,4,4,4,4,4,4,2,0,0,0,7,"mfeat-pixel","att60",0.9
0,0,0,3,6,6,5,0,0,0,0,0,0,0,0,0,0,3,6,6,6,4,0,0,0,0,0,0,0,0,0,0,3,6,6,6,2,0,0,0,0,0,0,0,0,0,0,3,6,6,6,0,0,0,0,0,0,0,0,0.12,0,0,5,6,6,6,0,0,0,0,0,0,0,0,0,0,3,6,6,6,6,0,0,0,0,0,0,0,0,0,0,3,6,6,6,2,0,0,0,0,0,0,0,0,0,0,3,6,6,6,0,0,0,0,0,0,0,0,0,0,0,5,6,6,6,3,3,4,4,4,2,2,0,0,0,3,6,6,6,6,6,6,6,6,6,6,6,6,3,0,5,6,6,6,6,6,6,4,2,3,6,6,6,6,5,6,6,6,6,3,2,0,0,0,0,1,6,6,6,6,6,6,6,6,1,0,0,0,0,0,0,6,6,6,6,1,5,6,6,6,4,2,0,0,1,5,6,6,6,4,0,1,6,6,6,6,6,6,6,6,6,6,6,5,1,0,0,2,4,4,4,4,4,4,4,4,3,1,0,0,7,"mfeat-pixel","att60",0.9
0,1,5,6,6,6,4,1,0,0,0,0,0,0,0,0,5,6,6,6,6,6,2,0,0,0,0,0,0,0,0,6,6,6,6,6,1,0,0,0,0,0,0,0,0,0,6,6,6,6,6,0,0,0,0,0,0,0,0,-0.7,0,6,6,6,6,6,0,0,0,0,0,0,0,0,0,0,6,6,6,6,6,0,0,0,0,0,0,0,0,0,0,6,6,6,6,6,0,0,0,0,0,0,0,0,0,4,6,6,6,6,6,3,0,0,0,0,0,0,0,0,6,6,6,6,6,6,6,6,4,4,2,0,0,0,0,6,6,6,6,6,6,6,6,6,6,6,6,3,0,0,6,6,6,6,6,5,4,6,6,6,6,6,6,4,0,6,6,6,6,6,0,0,0,3,6,6,6,6,6,4,6,6,6,6,6,3,0,1,3,6,6,6,6,6,5,6,6,6,6,6,6,6,6,6,6,6,6,6,5,1,5,6,6,6,6,6,6,6,6,6,6,6,5,1,0,0,3,4,4,4,4,4,4,4,4,4,2,0,0,0,7,"mfeat-pixel","att60",0.9
0,0,0,0,0,1,5,6,6,6,6,6,6,3,0,0,0,0,0,3,6,6,6,6,6,6,6,4,3,0,0,0,1,5,6,6,6,6,6,4,2,0,0,0,0,0,0,5,6,6,6,6,3,0,0,0,0,0,0,2.52,0,3,6,6,6,6,3,0,0,0,0,0,0,0,0,0,3,6,6,6,6,1,0,0,0,0,0,0,0,0,1,6,6,6,6,4,0,0,0,0,0,0,0,0,0,3,6,6,6,6,6,6,6,6,6,6,3,0,0,0,3,6,6,6,6,6,6,6,6,6,6,6,5,1,0,3,6,6,6,6,6,6,6,6,6,6,6,6,6,2,3,6,6,6,6,6,5,2,0,1,5,6,6,6,5,5,6,6,6,6,6,3,0,0,0,3,6,6,6,3,0,5,6,6,6,6,4,0,0,0,4,6,6,6,3,0,3,6,6,6,6,6,6,6,6,6,6,6,6,1,0,2,6,6,6,6,6,6,6,6,6,6,6,2,0,0,0,1,4,4,4,4,4,4,4,4,2,0,0,0,7,"mfeat-pixel","att60",0.9
0,0,0,0,0,0,0,0,0,3,4,5,6,6,3,0,0,0,0,0,0,0,0,3,6,6,6,6,6,3,0,0,0,0,0,0,0,5,6,6,6,6,6,3,0,0,0,0,0,0,0,0,3,6,6,6,5,1,0,-0.4,0,0,0,0,0,0,3,6,6,6,6,0,0,0,0,0,0,0,0,1,5,6,6,6,6,6,3,0,0,0,0,0,0,2,6,6,6,6,6,4,4,1,0,0,0,0,0,0,3,6,6,6,4,0,0,0,0,0,0,0,0,0,3,6,6,6,6,6,3,1,0,0,0,0,0,0,0,6,6,6,6,6,6,6,6,6,3,0,0,0,0,1,6,6,6,6,3,2,3,6,6,6,6,3,0,3,6,6,6,6,1,0,0,0,6,6,6,6,6,2,6,6,6,6,6,0,0,0,0,4,6,6,6,6,3,6,6,6,6,6,3,0,0,2,5,6,6,6,6,3,6,6,6,6,6,6,6,6,6,6,6,6,6,6,2,3,4,4,4,4,4,4,4,4,4,4,4,3,1,0,7,"mfeat-pixel","att60",0.9
0,0,0,0,0,0,1,4,5,6,5,0,0,0,0,0,0,0,0,0,0,5,6,6,6,3,0,0,0,0,0,0,0,0,0,3,6,6,5,1,0,0,0,0,0,0,0,0,3,4,6,6,5,1,0,0,0,0,0,0.37,0,0,2,6,6,6,6,1,0,0,0,0,0,0,0,0,1,6,6,6,6,3,0,0,0,0,0,0,0,0,0,5,6,6,6,6,1,0,0,0,0,0,0,0,0,0,6,6,6,6,6,5,4,2,4,4,3,1,0,0,0,6,6,6,6,6,6,4,5,6,6,6,6,3,0,4,6,6,6,3,2,1,0,0,4,6,6,6,6,1,6,6,6,6,0,0,0,0,0,2,6,6,6,6,3,4,6,6,6,3,0,0,0,0,0,1,6,6,6,5,3,6,6,6,5,0,0,0,0,0,0,6,6,6,6,2,6,6,6,5,1,0,0,0,0,3,6,6,6,2,0,5,6,6,6,6,3,2,3,6,6,6,6,3,0,0,1,4,4,4,4,4,4,4,4,3,1,0,0,0,7,"mfeat-pixel","att60",0.9
0,3,6,6,5,1,0,0,0,0,0,0,0,0,0,3,6,6,6,6,6,2,0,0,0,0,0,0,0,0,6,6,6,6,4,3,0,0,0,0,0,0,0,0,0,6,6,6,3,0,0,0,0,0,0,0,0,0,0,0.92,6,6,6,3,0,0,0,0,0,0,0,0,0,0,0,6,6,6,5,0,0,0,0,0,0,0,0,0,0,0,5,6,6,6,5,2,2,2,2,2,2,0,0,0,0,2,6,6,6,6,6,6,6,6,6,6,5,1,0,0,0,2,6,6,6,6,6,6,6,6,6,6,6,2,0,0,0,3,6,6,6,6,3,3,6,6,6,6,6,1,0,0,0,5,6,6,6,1,0,2,6,6,6,6,5,0,0,0,3,6,6,6,5,0,0,3,6,6,6,6,0,0,0,0,5,6,6,6,4,0,4,6,6,6,6,0,0,0,0,3,6,6,6,6,6,6,6,6,6,4,0,0,0,0,0,4,6,6,6,6,6,6,6,5,1,0,0,0,0,0,0,4,4,4,4,4,4,3,0,0,7,"mfeat-pixel","att60",0.9
0,0,0,1,3,6,6,6,6,3,1,0,0,0,0,0,0,3,6,6,6,6,6,6,6,6,2,0,0,0,1,5,6,6,6,3,2,3,5,6,5,1,0,0,0,5,6,6,6,2,0,0,0,0,2,0,0,0,0,3.8,6,6,6,6,0,0,0,0,0,0,0,0,0,0,0,2,6,6,6,4,0,0,0,0,0,0,0,0,0,0,2,6,6,6,6,0,0,0,0,0,0,0,0,0,0,6,6,6,6,6,0,0,0,0,0,0,0,0,0,0,6,6,6,6,6,0,0,1,2,2,2,1,0,0,0,6,6,6,6,6,5,5,6,6,6,6,6,5,1,0,6,6,6,6,6,6,6,5,5,6,6,6,6,6,2,6,6,6,6,5,2,1,0,0,3,6,6,6,6,5,6,6,6,6,1,0,0,0,0,1,6,6,6,6,3,6,6,6,6,6,3,2,3,5,6,6,6,6,6,1,4,6,6,6,6,6,6,6,6,6,6,6,6,3,0,0,3,4,4,4,4,4,4,4,4,3,1,0,0,0,7,"mfeat-pixel","att60",0.9
0,0,2,6,6,6,3,0,0,0,0,0,0,0,0,0,0,3,6,6,6,6,0,0,0,0,0,0,0,0,0,0,3,6,6,6,3,0,0,0,0,0,0,0,0,0,0,5,6,6,6,2,0,0,0,0,0,0,0,1.01,0,0,6,6,6,6,0,0,0,0,0,0,0,0,0,0,4,6,6,6,6,0,0,0,0,0,0,0,0,0,0,5,6,6,6,6,5,1,0,0,0,0,0,0,0,0,3,6,6,6,6,6,6,6,6,5,1,0,0,0,0,3,6,6,6,6,6,6,6,6,6,6,3,0,0,0,5,6,6,6,5,3,2,3,6,6,6,6,5,0,0,6,6,6,6,0,0,0,0,1,6,6,6,6,0,0,6,6,6,6,0,0,0,0,3,6,6,6,6,3,2,6,6,6,6,0,0,0,0,4,6,6,6,6,1,6,6,6,6,6,3,2,3,5,6,6,6,6,6,0,6,6,6,6,6,6,6,6,6,6,6,6,6,2,0,3,4,4,4,4,4,4,4,4,4,4,4,3,0,0,7,"mfeat-pixel","att60",0.9
0,0,0,3,6,6,6,2,0,0,0,0,0,0,0,0,0,0,6,6,6,6,3,0,0,0,0,0,0,0,0,0,0,4,6,6,6,2,0,0,0,0,0,0,0,0,0,0,5,6,6,4,0,0,0,0,0,0,0,-1.18,0,0,1,6,6,6,3,0,0,0,0,0,0,0,0,0,0,5,6,6,6,3,0,0,0,0,0,0,0,0,0,0,6,6,6,6,3,0,0,0,0,0,0,0,0,0,0,6,6,6,6,3,0,0,0,0,0,0,0,0,0,0,6,6,6,6,6,4,4,4,4,3,0,0,0,0,2,6,6,6,6,6,6,6,6,6,6,4,0,0,0,6,6,6,6,6,5,2,5,6,6,6,6,4,0,1,6,6,6,6,4,0,0,0,3,6,6,6,6,1,5,6,6,6,3,0,0,0,0,0,3,6,6,6,3,6,6,6,6,5,2,0,0,0,3,6,6,6,6,1,5,6,6,6,6,6,6,6,6,6,6,6,6,5,0,1,4,4,4,4,4,4,4,4,4,4,4,3,0,0,7,"mfeat-pixel","att60",0.9
0,0,0,5,6,6,6,6,2,0,0,0,0,0,0,0,0,0,2,6,6,6,6,3,0,0,0,0,0,0,0,0,0,0,6,6,6,6,3,0,0,0,0,0,0,0,0,0,0,6,6,6,5,0,0,0,0,0,0,-2.36,0,0,0,4,6,6,6,3,0,0,0,0,0,0,0,0,0,3,6,6,6,6,3,0,0,0,0,0,0,0,0,0,3,6,6,6,6,6,3,0,0,0,0,0,0,0,0,4,6,6,6,6,6,6,6,6,4,3,0,0,0,2,6,6,6,6,6,6,6,6,6,6,6,5,1,0,6,6,6,6,6,3,0,0,4,6,6,6,6,5,0,6,6,6,6,4,0,0,0,3,6,6,6,6,5,1,6,6,6,6,3,0,0,0,3,6,6,6,6,1,3,6,6,6,6,3,0,0,0,3,6,6,6,6,0,2,6,6,6,6,5,2,2,2,5,6,6,6,6,0,0,1,3,6,6,6,6,6,6,6,6,6,6,6,0,0,0,0,1,4,4,4,4,4,4,4,4,4,3,0,7,"mfeat-pixel","att60",0.9
0,0,0,0,1,5,6,6,6,5,0,0,0,0,0,0,0,1,5,6,6,6,6,6,4,0,0,0,0,0,0,0,6,6,6,6,6,6,3,0,0,0,0,0,0,0,0,6,6,6,6,3,0,0,0,0,0,0,0,-2.83,0,1,6,6,6,3,0,0,0,0,0,0,0,0,0,0,5,6,6,6,3,0,0,0,0,0,0,0,0,0,0,6,6,6,6,4,0,0,0,0,0,0,0,0,0,2,6,6,6,6,6,6,6,6,6,3,1,0,0,0,6,6,6,6,6,6,6,6,6,6,6,6,3,0,0,6,6,6,6,6,4,5,6,6,6,6,6,6,5,0,6,6,6,6,3,0,0,1,2,2,5,6,6,6,1,6,6,6,6,1,0,0,0,0,0,3,6,6,6,5,6,6,6,4,0,0,0,0,0,3,6,6,6,6,2,4,6,6,6,6,6,6,6,6,6,6,6,6,4,0,0,6,6,6,6,6,6,6,6,6,6,6,5,0,0,0,3,4,4,4,4,4,4,4,4,4,2,0,0,0,7,"mfeat-pixel","att60",0.9
0,0,0,0,0,3,6,6,6,6,2,0,0,0,0,0,0,0,0,2,6,6,6,5,4,1,0,0,0,0,0,0,0,1,6,6,6,6,0,0,0,0,0,0,0,0,0,0,3,6,6,6,5,0,0,0,0,0,0,-3.07,0,0,1,5,6,6,6,1,0,0,0,0,0,0,0,0,0,6,6,6,6,6,0,0,0,0,0,0,0,0,0,1,6,6,6,6,1,0,0,0,0,0,0,0,0,0,5,6,6,6,6,5,4,4,5,6,5,4,3,0,0,6,6,6,6,6,6,6,6,6,6,6,6,6,5,0,6,6,6,6,6,4,4,4,2,5,6,6,6,6,2,6,6,6,6,3,0,0,0,0,3,6,6,6,6,0,1,6,6,6,6,3,0,0,0,2,6,6,6,6,0,0,6,6,6,6,6,0,0,0,0,6,6,6,6,0,0,6,6,6,6,6,3,2,2,5,6,6,6,2,0,0,1,5,6,6,6,6,6,6,6,5,2,1,0,0,0,0,1,4,4,4,4,4,4,4,1,0,0,0,7,"mfeat-pixel","att60",0.9
0,0,0,0,0,3,6,6,5,0,0,0,0,0,0,0,0,0,0,0,6,6,6,6,0,0,0,0,0,0,0,0,0,0,0,6,6,6,6,0,0,0,0,0,0,0,0,0,0,3,6,6,6,6,0,0,0,0,0,-0.2,0,0,0,3,6,6,6,6,6,1,0,0,0,0,0,0,0,0,3,6,6,6,6,6,6,6,4,2,1,0,0,0,3,6,6,6,6,6,6,6,6,6,6,6,1,0,2,6,6,6,5,1,0,1,5,6,6,6,6,5,0,6,6,6,6,0,0,0,0,0,6,6,6,6,6,0,6,6,6,6,0,0,0,0,0,3,6,6,6,6,4,6,6,6,6,0,0,0,0,0,0,3,6,6,6,6,6,6,6,6,0,0,0,0,0,1,5,6,6,6,6,6,6,6,6,5,1,0,0,1,6,6,6,6,2,3,6,6,6,6,6,6,4,4,6,6,6,6,4,0,0,3,6,6,6,6,6,6,6,6,6,6,6,0,0,0,0,3,4,4,4,4,4,4,4,4,4,3,0,0,7,"mfeat-pixel","att60",0.9
0,0,0,0,0,0,0,1,5,6,5,0,0,0,0,0,0,0,0,0,0,3,6,6,6,5,0,0,0,0,0,0,0,0,0,4,6,6,6,3,0,0,0,0,0,0,0,0,0,0,6,6,6,5,0,0,0,0,0,1.06,0,0,0,1,5,6,6,5,1,0,0,0,0,0,0,0,0,1,6,6,6,5,1,0,0,0,0,0,0,0,0,0,4,6,6,6,1,0,0,0,0,0,0,0,0,0,3,6,6,6,3,0,1,2,1,0,0,0,0,0,2,6,6,6,6,6,5,6,6,6,6,4,2,0,0,3,6,6,6,6,6,6,6,6,6,6,6,6,4,0,3,6,6,6,6,4,3,1,0,1,5,6,6,6,2,3,6,6,4,0,0,0,0,0,0,3,6,6,6,6,3,6,6,5,1,0,0,0,0,0,3,6,6,6,2,3,6,6,6,6,3,2,0,0,3,6,6,6,4,0,1,6,6,6,6,6,6,6,6,6,6,6,5,1,0,0,1,4,4,4,4,4,4,4,4,4,2,0,0,0,7,"mfeat-pixel","att60",0.9
0,0,0,2,6,5,3,0,0,0,0,0,0,0,0,0,0,0,4,6,6,6,3,0,0,0,0,0,0,0,0,0,4,6,6,6,5,0,0,0,0,0,0,0,0,0,5,6,6,6,4,0,0,0,0,0,0,0,0,0.58,0,6,6,6,6,3,0,0,0,0,0,0,0,0,0,0,6,6,6,6,4,0,0,0,0,0,0,0,0,0,0,6,6,6,6,6,6,4,4,2,0,0,0,0,0,3,6,6,6,6,6,6,6,6,6,6,4,2,0,0,3,6,6,6,1,0,0,0,0,3,6,6,6,5,0,5,6,6,6,0,0,0,0,0,0,1,6,6,6,2,6,6,6,3,0,0,0,0,0,0,0,6,6,6,3,3,6,6,3,0,0,0,0,0,0,0,6,6,6,3,3,6,6,6,0,0,0,0,0,0,1,6,6,6,1,3,6,6,6,1,0,0,1,3,5,6,6,6,6,2,3,6,6,6,6,6,6,6,6,6,5,3,2,1,0,0,3,4,4,4,4,4,4,4,2,0,0,0,0,0,7,"mfeat-pixel","att60",0.9
0,0,0,0,0,0,3,5,6,6,3,0,0,0,0,0,0,0,0,0,3,6,6,6,6,3,0,0,0,0,0,0,0,0,1,5,6,6,6,2,0,0,0,0,0,0,0,0,2,6,6,6,6,5,0,0,0,0,0,-1.97,0,0,0,3,6,6,6,6,3,0,0,0,0,0,0,0,0,3,6,6,6,6,6,3,0,0,0,0,0,0,0,0,6,6,6,6,6,4,0,0,0,0,0,0,0,0,4,6,6,6,6,6,6,3,1,0,0,0,0,0,0,6,6,6,6,6,6,6,6,6,6,4,2,1,0,0,6,6,6,6,6,6,6,4,4,6,6,6,6,1,1,6,6,6,6,6,6,2,0,0,0,4,6,6,3,3,6,6,6,6,6,1,0,0,0,0,4,6,6,3,0,6,6,6,6,6,0,0,0,0,3,6,6,6,6,0,5,6,6,6,6,3,1,0,1,5,6,6,6,4,0,1,5,6,6,6,6,6,6,6,6,6,6,4,0,0,0,0,2,4,4,4,4,4,4,4,4,3,0,0,7,"mfeat-pixel","att60",0.9
0,0,0,0,0,0,0,0,3,4,6,5,0,0,0,0,0,0,0,0,0,0,5,6,6,6,6,0,0,0,0,0,0,0,0,0,0,6,6,6,6,2,0,0,0,0,0,0,0,0,0,4,6,6,6,4,0,0,0,0.83,0,0,0,0,1,5,6,6,6,4,0,0,0,0,0,0,0,0,0,6,6,6,6,5,0,0,0,0,0,0,0,0,0,3,6,6,6,5,1,0,0,0,0,0,0,0,1,5,6,6,6,6,4,0,0,0,0,0,0,0,0,5,6,6,6,6,6,6,6,4,4,4,3,1,0,0,6,6,6,6,4,5,6,6,6,6,6,6,6,3,4,6,6,6,1,0,0,0,2,2,3,6,6,6,6,6,6,6,4,0,0,0,0,0,0,0,6,6,6,6,4,6,6,4,0,0,0,0,0,0,0,6,6,6,6,0,6,6,6,3,1,0,0,0,1,3,6,6,5,1,0,5,6,6,6,6,5,4,5,6,6,6,4,0,0,0,0,1,3,4,4,4,4,4,4,4,3,0,0,0,7,"mfeat-pixel","att60",0.9
0,0,0,0,0,0,0,0,1,5,6,6,5,1,0,0,0,0,0,0,0,0,1,6,6,6,6,5,1,0,0,0,0,0,0,0,2,6,6,6,5,3,0,0,0,0,0,0,0,0,3,6,6,6,3,0,0,0,0,1.99,0,0,0,0,2,6,6,6,4,0,0,0,0,0,0,0,0,0,0,4,6,6,4,0,0,0,0,0,0,0,0,0,1,5,6,6,4,0,0,0,0,0,0,0,0,0,0,3,6,6,6,5,2,2,2,0,0,0,0,0,0,0,0,6,6,6,6,6,6,6,6,4,3,1,0,0,0,2,6,6,6,6,4,4,4,5,6,6,6,2,0,0,4,6,6,6,1,0,0,0,0,4,6,6,3,0,3,6,6,6,6,0,0,0,0,0,3,6,6,6,0,0,6,6,6,4,0,0,0,0,0,3,6,6,4,0,0,6,6,6,6,1,0,0,0,1,5,6,6,6,0,0,1,6,6,6,6,4,4,4,6,6,6,6,3,0,0,0,1,4,4,4,4,4,4,4,4,4,3,0,7,"mfeat-pixel","att60",0.9
0,0,0,1,4,6,4,1,0,0,0,0,0,0,0,0,0,1,5,6,6,6,3,0,0,0,0,0,0,0,0,0,6,6,6,6,6,2,0,0,0,0,0,0,0,0,2,6,6,6,6,1,0,0,0,0,0,0,0,1.52,0,6,6,6,6,6,0,0,0,0,0,0,0,0,0,0,6,6,6,6,5,0,0,0,0,0,0,0,0,0,1,6,6,6,6,1,0,0,0,0,0,0,0,0,0,5,6,6,6,6,0,0,0,0,0,0,0,0,0,0,6,6,6,6,6,0,0,0,0,0,0,0,0,0,0,6,6,6,6,6,5,4,4,2,2,0,0,0,0,0,6,6,6,6,6,6,6,6,6,6,6,6,5,1,0,6,6,6,6,4,2,2,3,5,6,6,6,6,6,2,6,6,6,4,0,0,0,0,0,4,6,6,6,6,6,5,6,6,6,5,1,0,2,4,6,6,6,6,6,1,1,5,6,6,6,6,6,6,6,6,6,6,5,1,0,0,0,3,4,4,4,4,4,4,4,4,2,0,0,0,7,"mfeat-pixel","att60",0.9
0,0,0,0,0,1,3,6,4,3,1,0,0,0,0,0,0,1,4,4,6,6,6,6,6,6,6,4,1,0,0,0,6,6,6,6,6,4,4,4,6,6,6,5,0,0,2,6,6,6,6,1,0,0,0,0,0,0,0,0.03,1,6,6,6,6,5,0,0,0,0,0,0,0,0,0,5,6,6,6,6,1,0,0,0,0,0,0,0,0,0,4,6,6,6,6,0,0,0,0,0,0,0,0,0,0,3,6,6,6,6,1,0,0,0,0,0,0,0,0,0,4,6,6,6,6,6,6,6,6,6,6,3,1,0,0,6,6,6,6,6,6,6,6,6,6,6,6,6,3,0,6,6,6,6,6,6,3,2,2,5,6,6,6,6,2,6,6,6,6,6,1,0,0,0,0,6,6,6,6,6,6,6,6,6,6,0,0,0,0,0,6,6,6,6,2,3,6,6,6,6,3,0,1,4,5,6,6,6,2,0,0,1,5,6,6,6,6,6,6,6,6,4,1,0,0,0,0,2,4,4,4,4,4,4,3,1,0,0,0,0,7,"mfeat-pixel","att60",0.9
0,0,0,0,0,0,0,1,5,6,2,0,0,0,0,0,0,0,0,0,0,1,6,6,4,0,0,0,0,0,0,0,0,0,0,0,4,6,5,0,0,0,0,0,0,0,0,0,0,0,2,6,6,3,0,0,0,0,0,-1.05,0,0,0,0,0,4,6,6,2,0,0,0,0,0,0,0,0,0,1,5,6,6,3,0,0,0,0,0,0,0,0,0,0,5,6,6,4,0,0,0,0,0,0,0,0,0,0,4,6,6,6,3,0,0,0,0,0,0,0,0,0,0,6,6,6,6,5,2,2,2,2,0,0,0,0,0,2,6,6,6,6,6,6,6,6,6,5,1,0,0,0,6,6,6,6,6,5,4,4,4,5,6,6,2,0,2,6,6,6,6,4,0,0,0,0,0,6,6,6,0,1,6,6,6,6,3,0,0,0,0,0,6,6,6,2,0,6,6,6,6,4,0,0,0,0,3,6,6,6,3,0,5,6,6,6,6,6,4,2,5,6,6,6,3,0,0,0,3,4,4,4,4,4,4,4,4,4,1,0,0,7,"mfeat-pixel","att60",0.9
0,0,0,0,3,6,6,6,6,6,2,0,0,0,0,0,0,0,4,6,6,6,6,6,5,1,0,0,0,0,0,0,3,6,6,6,6,6,3,0,0,0,0,0,0,0,0,3,6,6,6,6,4,0,0,0,0,0,0,-1.56,0,0,5,6,6,6,6,1,0,0,0,0,0,0,0,0,3,6,6,6,6,3,0,0,0,0,0,0,0,0,0,0,6,6,6,6,3,0,0,0,0,0,0,0,0,0,2,6,6,6,6,6,4,4,4,1,0,0,0,0,0,5,6,6,6,6,6,6,6,6,5,2,1,0,0,3,6,6,6,6,6,6,6,6,6,6,6,6,2,0,3,6,6,6,6,6,3,0,3,6,6,6,6,5,0,3,6,6,6,6,1,0,0,0,1,6,6,6,6,3,3,6,6,6,6,3,0,0,0,1,6,6,6,6,5,3,6,6,6,6,6,4,4,4,6,6,6,6,6,2,3,6,6,6,6,6,6,6,6,6,6,6,5,1,0,1,4,4,4,4,4,4,4,4,4,4,4,1,0,0,7,"mfeat-pixel","att60",0.9
0,0,0,0,0,3,4,6,6,6,2,0,0,0,0,0,0,0,0,3,6,6,6,6,5,1,0,0,0,0,0,0,1,5,6,6,6,5,3,0,0,0,0,0,0,0,3,6,6,6,6,3,0,0,0,0,0,0,0,0.08,2,6,6,6,6,1,0,0,0,0,0,0,0,0,0,3,6,6,6,6,0,0,0,0,0,0,0,0,0,0,3,6,6,6,6,0,0,0,0,0,0,0,0,0,0,6,6,6,6,6,0,0,0,0,0,0,0,0,0,0,6,6,6,6,6,1,0,0,0,0,0,0,0,0,0,6,6,6,6,6,6,6,6,6,6,4,1,0,0,0,5,6,6,6,6,6,4,4,6,6,6,6,3,0,0,3,6,6,6,6,1,0,0,0,1,6,6,6,5,1,3,6,6,6,6,1,0,0,0,0,5,6,6,6,6,2,6,6,6,6,5,1,0,2,2,5,6,6,6,6,0,3,6,6,6,6,6,6,6,6,6,6,6,5,1,0,0,3,4,4,4,4,4,4,4,4,4,2,0,0,7,"mfeat-pixel","att60",0.9
0,1,5,6,6,6,6,6,5,4,1,0,0,0,0,1,5,6,6,6,4,4,5,6,6,2,0,0,0,0,6,6,6,6,3,0,0,0,0,0,0,0,0,0,0,6,6,6,6,3,0,0,0,0,0,0,0,0,0,-0.95,6,6,6,6,3,0,0,0,0,0,0,0,0,0,0,6,6,6,6,2,0,0,0,0,0,0,0,0,0,0,6,6,6,4,0,0,0,0,0,0,0,0,0,0,0,6,6,6,3,0,0,0,0,0,0,0,0,0,0,0,6,6,6,3,0,0,0,1,2,2,2,2,1,0,0,6,6,6,5,2,4,6,6,6,6,6,6,6,3,0,6,6,6,6,6,6,6,6,4,4,6,6,6,6,3,6,6,6,6,6,4,3,0,0,0,1,5,6,6,5,6,6,6,6,3,0,0,0,0,0,0,4,6,6,6,4,6,6,6,6,4,4,4,5,6,6,6,6,6,2,2,6,6,6,6,6,6,6,6,6,6,4,2,1,0,0,1,4,4,4,4,4,4,2,0,0,0,0,0,0,7,"mfeat-pixel","att60",0.9
0,0,0,0,0,0,1,4,5,6,3,0,0,0,0,0,0,0,0,0,0,3,6,6,6,6,0,0,0,0,0,0,0,0,0,1,5,6,6,6,4,0,0,0,0,0,0,0,0,2,6,6,6,6,6,1,0,0,0,-2.46,0,0,0,0,5,6,6,6,6,1,0,0,0,0,0,0,0,0,3,6,6,6,6,2,0,0,0,0,0,0,0,0,1,6,6,6,6,4,0,0,0,0,0,0,0,0,1,6,6,6,6,6,6,4,4,2,0,0,0,0,0,4,6,6,6,6,6,6,6,6,6,6,4,1,0,3,6,6,6,6,6,6,6,6,6,6,6,6,6,3,6,6,6,6,6,3,0,0,0,0,3,6,6,6,6,6,6,6,6,1,0,0,0,0,0,0,3,6,6,6,6,6,6,6,3,0,2,2,0,0,1,6,6,6,6,6,6,6,6,6,6,6,6,5,4,6,6,6,6,3,1,5,6,6,6,6,6,6,6,6,6,6,6,3,0,0,0,1,4,4,4,4,4,4,4,4,4,1,0,0,7,"mfeat-pixel","att60",0.9
0,0,0,0,0,0,0,0,2,5,6,6,5,4,3,0,0,0,0,0,0,1,5,6,6,6,6,6,6,6,0,0,0,0,0,3,6,6,6,6,3,0,1,3,3,0,0,0,0,3,6,6,6,5,1,0,0,0,0,-0.02,0,0,0,2,6,6,6,4,0,0,0,0,0,0,0,0,0,0,6,6,6,6,0,0,0,0,0,0,0,0,0,0,2,6,6,6,4,0,0,0,0,0,0,0,0,0,1,6,6,6,6,4,0,0,0,0,0,0,0,0,0,5,6,6,6,6,6,5,3,2,0,0,0,0,0,3,6,6,6,6,6,6,6,6,6,5,1,0,0,0,3,6,6,6,5,4,4,5,6,6,6,6,0,0,0,6,6,6,6,1,0,0,0,3,6,6,6,2,0,0,5,6,6,6,6,2,0,0,1,6,6,6,3,0,0,0,5,6,6,6,6,4,4,6,6,6,6,1,0,0,0,2,6,6,6,6,6,6,6,6,6,2,0,0,0,0,0,1,3,4,4,4,4,4,4,1,0,0,0,0,7,"mfeat-pixel","att60",0.9
0,0,3,4,6,6,3,0,0,0,0,0,0,0,0,0,5,6,6,6,6,5,0,0,0,0,0,0,0,0,0,6,6,6,6,6,3,0,0,0,0,0,0,0,0,2,6,6,6,6,6,2,0,0,0,0,0,0,0,-0.99,6,6,6,6,6,4,0,0,0,0,0,0,0,0,0,6,6,6,6,6,3,0,0,0,0,0,0,0,0,0,6,6,6,6,3,0,0,0,0,0,0,0,0,0,0,6,6,6,2,0,0,0,0,0,0,0,0,0,0,0,6,6,6,0,0,0,0,0,0,2,1,0,0,0,0,6,6,6,5,2,2,2,3,6,6,6,5,1,0,0,6,6,6,6,6,6,6,6,6,6,6,6,6,3,0,6,6,6,6,3,2,2,2,2,5,6,6,6,6,5,6,6,6,4,0,0,0,0,0,3,6,6,6,6,6,5,6,6,6,1,0,0,0,0,4,6,6,6,6,6,1,6,6,6,6,4,2,2,5,6,6,6,6,6,4,0,4,4,4,4,4,4,4,4,4,4,4,4,3,0,7,"mfeat-pixel","att60",0.9
0,0,3,4,4,4,4,4,4,4,4,6,2,0,0,0,2,6,6,6,6,6,6,6,6,6,3,0,0,0,0,6,6,6,5,4,4,4,4,2,0,0,0,0,0,0,6,6,6,0,0,0,0,0,0,0,0,0,0,-2.25,0,6,6,6,0,0,0,0,0,0,0,0,0,0,0,0,6,6,6,0,0,0,0,0,0,0,0,0,0,0,0,6,6,6,5,4,4,5,6,6,5,1,0,0,0,0,6,6,6,6,6,6,6,6,6,6,6,3,0,0,2,6,6,6,5,4,2,0,3,6,6,6,6,2,0,3,6,6,4,0,0,0,0,0,2,6,6,6,6,0,0,6,6,5,0,0,0,0,0,0,1,6,6,6,2,0,6,6,6,3,0,0,0,0,0,0,6,6,6,6,0,6,6,6,5,1,0,0,0,0,0,6,6,6,6,0,5,6,6,6,4,0,0,0,2,5,6,6,6,2,0,1,6,6,6,6,6,6,6,6,6,6,6,5,0,0,0,4,4,4,4,4,4,4,4,4,4,3,0,0,7,"mfeat-pixel","att60",0.9
0,0,0,0,0,0,0,0,1,4,4,5,5,1,0,0,0,0,0,0,0,0,3,6,6,6,6,6,2,0,0,0,0,0,1,5,6,6,6,5,1,0,0,0,0,0,0,0,0,6,6,6,6,5,0,0,0,0,0,-0.73,0,0,0,1,6,6,6,6,2,0,0,0,0,0,0,0,0,0,3,6,6,6,3,0,0,0,0,0,0,0,0,0,1,6,6,6,3,0,0,0,0,0,0,0,0,0,1,6,6,6,6,3,0,0,0,0,0,0,0,0,0,3,6,6,6,6,4,6,6,4,2,2,1,0,0,0,6,6,6,6,2,0,3,6,6,6,6,6,3,0,0,4,6,3,0,0,0,5,6,6,5,4,6,6,3,5,6,6,2,0,0,0,5,6,3,0,0,4,6,5,3,6,6,3,0,0,0,0,0,0,0,3,6,6,3,6,6,6,4,0,1,1,1,2,4,6,6,6,6,1,3,6,6,6,6,6,6,6,6,6,6,6,6,1,0,1,4,4,4,4,4,4,4,4,4,4,4,1,0,0,7,"mfeat-pixel","att60",0.9
0,1,5,5,4,4,4,5,6,4,4,1,0,0,0,5,6,6,6,6,6,6,6,6,5,4,1,0,0,0,6,6,6,6,6,3,2,2,1,0,0,0,0,0,0,6,6,6,6,6,0,0,0,0,0,0,0,0,0,-0.98,6,6,6,6,4,0,0,0,0,0,0,0,0,0,0,6,6,6,6,5,1,0,0,0,0,0,0,0,0,0,6,6,6,6,6,6,6,6,5,3,2,0,0,0,0,6,6,6,6,6,6,6,6,6,6,6,4,0,0,0,6,6,6,6,6,6,6,6,6,6,6,6,6,3,0,6,6,6,6,6,6,1,1,3,6,6,6,6,6,0,6,6,6,6,6,6,0,0,0,3,6,6,6,6,1,6,6,6,6,6,3,0,0,0,4,6,6,6,6,2,2,6,6,6,6,6,3,3,5,6,6,6,6,6,0,0,6,6,6,6,6,6,6,6,6,6,6,6,4,0,3,6,6,6,6,6,6,6,6,6,6,6,3,0,0,0,3,4,4,4,4,4,4,4,4,4,1,0,0,0,7,"mfeat-pixel","att60",0.9
0,0,0,0,0,0,1,3,6,6,2,0,0,0,0,0,0,0,0,0,2,6,6,6,6,3,0,0,0,0,0,0,0,0,1,6,6,6,6,6,1,0,0,0,0,0,0,0,0,3,6,6,6,6,4,0,0,0,0,0.2,0,0,0,0,5,6,6,6,6,6,5,1,0,0,0,0,0,0,3,6,6,6,6,6,6,6,6,5,0,0,0,0,0,3,6,6,6,6,6,6,6,6,6,1,0,0,0,3,6,6,5,2,2,2,5,6,6,6,5,0,0,0,6,6,6,3,0,0,0,2,6,6,6,6,0,0,3,6,6,6,3,0,0,0,0,4,6,6,6,0,3,6,6,6,6,3,0,0,0,0,3,6,6,6,3,6,6,6,6,6,2,0,0,0,0,2,6,6,6,2,6,6,6,6,6,1,0,0,0,0,1,6,6,6,0,6,6,6,6,6,6,6,6,5,4,6,6,6,6,0,2,6,6,6,6,6,6,6,6,6,6,6,5,1,0,0,3,4,4,4,4,4,4,4,4,4,2,0,0,0,7,"mfeat-pixel","att60",0.9
0,0,0,0,0,1,4,4,0,0,0,0,0,0,0,0,0,0,2,2,5,6,6,0,0,0,0,0,0,0,0,0,3,6,6,6,6,2,0,0,0,0,0,0,0,0,0,3,6,6,6,6,2,0,0,0,0,0,0,1.93,0,0,3,6,6,6,6,2,0,0,0,0,0,0,0,0,3,6,6,6,6,5,0,0,0,0,0,0,0,0,0,6,6,6,6,4,0,0,0,0,0,0,0,0,0,0,6,6,6,6,4,0,0,0,2,1,0,0,0,0,0,6,6,6,6,6,6,6,6,6,6,3,0,0,0,4,6,6,6,6,6,6,6,6,6,6,6,6,3,0,4,6,6,6,6,6,5,1,0,2,5,6,6,6,0,5,6,6,6,6,4,0,0,0,0,0,6,6,6,2,6,6,6,6,6,3,0,0,0,0,0,6,6,6,3,4,6,6,6,6,3,0,0,0,0,3,6,6,6,3,0,6,6,6,6,6,4,4,4,6,6,6,6,5,0,0,3,4,4,4,4,4,4,4,4,4,4,2,0,0,7,"mfeat-pixel","att60",0.9
0,0,0,0,0,0,0,3,6,6,6,4,1,0,0,0,0,0,0,0,0,2,6,6,6,6,6,1,0,0,0,0,0,0,0,2,6,6,6,6,5,1,0,0,0,0,0,0,0,0,6,6,6,6,5,0,0,0,0,4.42,0,0,0,0,3,6,6,6,6,1,0,0,0,0,0,0,0,0,5,6,6,6,6,6,0,0,0,0,0,0,0,0,1,6,6,6,6,6,2,0,0,0,0,0,0,0,0,5,6,6,6,6,6,3,2,1,0,0,0,0,0,0,6,6,6,6,6,6,6,6,6,5,3,0,0,0,2,6,6,6,6,6,6,6,6,6,6,6,5,1,2,6,6,6,6,6,1,0,1,6,6,6,6,6,6,6,6,6,6,6,6,0,0,0,5,6,6,6,6,3,6,6,6,6,6,3,0,0,0,1,6,6,6,6,5,2,6,6,6,6,6,4,4,2,5,6,6,6,6,2,0,4,6,6,6,6,6,6,6,6,6,6,5,1,0,0,0,3,4,4,4,4,4,4,4,4,3,0,0,0,7,"mfeat-pixel","att60",0.9
0,0,0,0,0,1,4,6,6,6,2,0,0,0,0,0,0,0,0,0,6,6,6,6,6,1,0,0,0,0,0,0,0,0,1,6,6,6,6,2,0,0,0,0,0,0,0,0,0,3,6,6,6,1,0,0,0,0,0,4.04,0,0,0,0,4,6,6,6,0,0,0,0,0,0,0,0,0,0,2,6,6,6,6,1,0,0,0,0,0,0,0,0,1,5,6,6,6,6,6,3,0,0,0,0,0,0,1,6,6,6,6,6,6,6,6,4,0,0,0,0,0,5,6,6,6,6,6,6,6,6,6,2,0,0,0,0,6,6,6,6,3,3,6,6,6,6,6,3,0,0,0,6,6,6,4,0,0,1,5,6,6,6,6,3,0,2,6,6,6,3,0,0,0,0,4,6,6,6,6,5,3,6,6,6,6,1,0,0,0,0,6,6,6,6,2,3,6,6,6,6,5,2,2,2,5,6,6,6,3,0,0,5,6,6,6,6,6,6,6,6,6,5,1,0,0,0,0,0,3,4,4,4,4,4,4,4,1,0,0,0,7,"mfeat-pixel","att60",0.9
0,0,0,0,3,4,6,6,6,6,6,5,0,0,0,0,0,0,4,6,6,6,6,6,5,2,1,0,0,0,0,0,2,6,6,6,6,5,1,0,0,0,0,0,0,0,0,6,6,6,6,4,0,0,0,0,0,0,0,3.46,0,2,6,6,6,6,0,0,0,0,0,0,0,0,0,0,3,6,6,6,6,2,0,0,0,0,0,0,0,0,0,6,6,6,6,6,1,0,0,0,0,0,0,0,0,2,6,6,6,6,5,0,0,0,0,0,0,0,0,0,1,6,6,6,6,3,0,0,0,0,0,0,0,0,0,0,6,6,6,6,4,2,3,4,4,3,1,0,0,0,0,6,6,6,6,6,6,6,6,6,6,6,3,1,0,0,6,6,6,6,5,1,0,0,2,5,6,6,6,5,0,6,6,6,6,4,0,0,0,0,0,6,6,6,4,0,4,6,6,6,6,3,0,1,4,5,6,6,6,0,0,0,5,6,6,6,6,6,6,6,6,5,3,1,0,0,0,0,1,3,4,4,4,4,3,1,0,0,0,0,7,"mfeat-pixel","att60",0.9
0,0,0,0,0,5,6,2,0,0,0,0,0,0,0,0,0,0,0,1,6,6,3,0,0,0,0,0,0,0,0,0,1,4,6,6,6,2,0,0,0,0,0,0,0,0,0,6,6,6,5,1,0,0,0,0,0,0,0,3.49,0,0,6,6,6,1,0,0,0,0,0,0,0,0,0,0,0,6,6,6,0,0,0,0,0,0,0,0,0,0,0,4,6,6,4,0,0,0,0,0,0,0,0,0,0,0,6,6,6,6,5,4,4,4,4,4,3,2,1,0,4,6,6,6,6,5,4,4,4,5,6,6,6,6,0,4,6,6,5,1,0,0,0,0,0,3,6,6,6,3,0,6,6,3,0,0,0,0,0,0,0,3,6,6,1,1,6,6,4,0,0,0,0,0,0,0,3,6,6,5,3,6,6,6,5,0,0,0,0,0,0,3,6,6,6,1,6,6,6,6,1,0,0,0,1,3,6,6,6,3,0,2,6,6,6,6,6,6,6,6,6,6,6,4,1,0,0,0,2,4,4,4,4,4,4,4,2,0,0,0,7,"mfeat-pixel","att60",0.9
0,0,0,0,0,0,0,0,1,5,6,3,0,0,0,0,0,0,0,0,0,0,2,6,6,6,6,5,0,0,0,0,0,0,0,0,3,6,6,6,6,5,1,0,0,0,0,0,0,0,1,6,6,6,6,6,2,0,0,-1.39,0,0,0,0,1,6,6,6,6,5,1,0,0,0,0,0,0,0,2,6,6,6,6,6,1,0,0,0,0,0,0,0,0,6,6,6,6,6,3,0,0,0,0,0,0,0,0,4,6,6,6,6,6,6,4,4,3,0,0,0,0,2,6,6,6,6,6,6,6,6,6,6,5,1,0,2,6,6,6,6,6,5,4,5,6,6,6,6,6,2,3,6,6,6,6,6,0,0,0,3,6,6,6,6,6,5,6,6,6,6,3,0,0,0,0,6,6,6,6,6,6,6,6,6,6,6,3,0,0,3,6,6,6,6,6,6,6,6,6,6,6,6,5,5,6,6,6,6,6,3,2,6,6,6,6,6,6,6,6,6,6,6,5,1,0,0,3,4,4,4,4,4,4,4,4,4,3,0,0,0,7,"mfeat-pixel","att60",0.9
0,0,0,1,5,6,6,5,0,0,0,0,0,0,0,0,0,0,3,6,6,6,5,0,0,0,0,0,0,0,0,0,0,3,6,6,6,3,0,0,0,0,0,0,0,0,0,1,5,6,6,6,1,0,0,0,0,0,0,1,0,0,6,6,6,6,3,0,0,0,0,0,0,0,0,0,4,6,6,6,6,3,1,0,0,0,0,0,0,0,0,6,6,6,6,6,6,6,4,4,2,0,0,0,0,1,6,6,6,6,6,6,6,6,6,6,5,3,0,0,5,6,6,6,6,3,2,5,6,6,6,6,6,5,0,6,6,6,6,4,0,0,0,3,6,6,6,6,6,0,6,6,6,6,3,0,0,0,0,3,6,6,6,6,2,6,6,6,6,3,0,0,0,0,3,6,6,6,6,2,5,6,6,6,3,0,0,0,3,6,6,6,6,5,0,3,6,6,6,6,3,2,5,6,6,6,6,6,3,0,1,5,6,6,6,6,6,6,6,6,6,6,5,1,0,0,0,3,4,4,4,4,4,4,4,4,2,0,0,0,7,"mfeat-pixel","att60",0.9
0,0,0,0,0,1,3,5,5,1,0,0,0,0,0,0,0,0,0,0,5,6,6,6,1,0,0,0,0,0,0,0,0,0,1,5,6,6,1,0,0,0,0,0,0,0,0,0,0,6,6,6,3,0,0,0,0,0,0,1.56,0,0,0,3,6,6,4,0,0,0,0,0,0,0,0,0,0,4,6,6,6,0,0,0,0,0,0,0,0,0,0,2,6,6,6,3,0,1,2,0,0,0,0,0,0,0,5,6,6,6,6,6,6,6,6,4,3,0,0,0,0,6,6,6,6,6,6,6,6,6,6,6,1,0,0,0,6,6,6,3,2,1,0,1,5,6,6,6,1,0,2,6,6,6,0,0,0,0,0,0,6,6,6,4,0,3,6,6,4,0,0,0,0,0,0,6,6,6,6,0,2,6,6,5,1,0,0,0,0,2,6,6,6,4,0,0,4,6,6,6,3,0,1,2,5,6,6,6,3,0,0,0,3,6,6,6,6,6,6,6,6,6,6,2,0,0,0,0,0,2,4,4,4,4,4,4,4,1,0,0,7,"mfeat-pixel","att60",0.9
0,0,3,5,5,1,0,0,0,0,0,0,0,0,0,0,0,6,6,6,3,0,0,0,0,0,0,0,0,0,0,0,5,6,6,3,0,0,0,0,0,0,0,0,0,0,0,3,6,6,1,0,0,0,0,0,0,0,0,2.94,0,0,6,6,5,0,0,0,0,0,0,0,0,0,0,0,2,6,6,5,0,0,0,0,0,0,0,0,0,0,0,3,6,6,6,0,0,0,0,0,0,0,0,0,0,0,3,6,6,2,0,0,0,0,0,0,0,0,0,0,0,5,6,6,1,0,0,0,0,0,0,0,0,0,0,4,6,6,6,6,6,6,6,6,6,3,0,0,0,0,5,6,6,6,6,6,6,6,6,6,6,5,1,0,0,3,6,6,6,6,4,2,3,4,6,6,6,6,1,0,3,6,6,6,3,0,0,0,0,1,6,6,6,4,0,2,6,6,6,6,4,4,4,4,5,6,6,6,6,2,0,1,5,6,6,6,6,6,6,6,6,6,6,6,3,0,0,0,2,4,4,4,4,4,4,4,4,4,4,1,7,"mfeat-pixel","att60",0.9
0,0,0,0,3,6,6,6,4,3,0,0,0,0,0,0,0,1,5,6,6,6,6,6,6,5,0,0,0,0,0,3,6,6,6,1,0,2,2,2,1,0,0,0,0,0,6,6,6,6,0,0,0,0,0,0,0,0,0,0.21,1,6,6,6,3,0,0,0,0,0,0,0,0,0,0,5,6,6,6,5,0,0,0,0,0,0,0,0,0,0,6,6,6,6,2,0,0,0,0,0,0,0,0,0,0,6,6,6,6,0,0,0,0,0,0,0,0,0,0,0,6,6,6,6,0,0,0,0,0,0,0,0,0,0,0,6,6,6,6,3,2,0,2,2,2,2,2,0,0,0,6,6,6,6,6,6,6,6,6,6,6,6,5,3,1,6,6,6,6,6,6,4,4,4,6,6,6,6,6,6,6,6,6,6,1,0,0,0,0,1,6,6,6,6,6,6,6,6,6,3,2,0,2,2,3,6,6,6,6,3,3,6,6,6,6,6,6,6,6,6,6,4,3,1,0,0,1,3,4,4,4,4,4,4,3,1,0,0,0,0,7,"mfeat-pixel","att60",0.9
0,0,0,3,4,6,4,3,0,0,0,0,0,0,0,0,0,4,6,6,6,6,4,0,0,0,0,0,0,0,0,0,6,6,6,6,6,0,0,0,0,0,0,0,0,0,0,6,6,6,6,6,0,0,0,0,0,0,0,-0.28,0,0,6,6,6,6,1,0,0,0,0,0,0,0,0,0,1,6,6,6,3,0,0,0,0,0,0,0,0,0,0,5,6,6,6,6,1,0,0,0,0,0,0,0,0,0,6,6,6,6,6,6,5,3,2,0,0,0,0,0,4,6,6,6,6,6,6,6,6,6,6,6,3,0,0,6,6,6,6,3,2,3,5,6,6,6,6,6,1,0,6,6,6,6,1,0,0,0,1,5,6,6,6,5,0,6,6,6,6,3,0,0,0,0,1,6,6,6,6,2,6,6,6,6,4,0,0,0,0,3,6,6,6,6,3,6,6,6,6,6,5,4,4,5,6,6,6,6,6,2,3,6,6,6,6,6,6,6,6,6,6,6,5,1,0,0,1,3,3,2,3,4,4,4,3,1,0,0,0,0,7,"mfeat-pixel","att60",0.9
0,0,0,0,0,0,0,0,1,4,6,2,0,0,0,0,0,0,0,0,0,0,3,6,6,5,0,0,0,0,0,0,0,0,0,1,5,6,6,3,0,0,0,0,0,0,0,0,0,2,6,6,6,2,0,0,0,0,0,-1.04,0,0,0,0,4,6,6,4,0,0,0,0,0,0,0,0,0,0,5,6,6,5,0,0,0,0,0,0,0,0,0,0,1,6,6,6,1,0,0,2,0,0,0,0,0,0,0,5,6,6,6,5,5,6,6,5,4,3,0,0,0,3,6,6,6,6,6,6,6,6,6,6,6,5,1,0,6,6,6,6,6,6,5,2,4,6,6,6,6,5,2,6,6,6,6,5,3,0,0,0,3,6,6,6,6,3,6,6,6,6,0,0,0,0,0,0,6,6,6,6,3,6,6,6,6,1,0,0,0,0,1,6,6,6,5,5,6,6,6,6,6,5,3,0,3,6,6,6,6,2,0,1,3,6,6,6,6,6,6,6,6,6,5,1,0,0,0,0,1,4,4,4,4,4,4,4,3,0,0,0,7,"mfeat-pixel","att60",0.9
0,0,0,0,0,0,0,1,4,5,6,6,3,0,0,0,0,0,0,0,0,2,6,6,6,6,6,5,0,0,0,0,0,0,0,3,6,6,6,6,6,5,1,0,0,0,0,0,1,5,6,6,6,5,1,0,0,0,0,-0.91,0,0,3,6,6,6,6,3,0,0,0,0,0,0,0,0,0,6,6,6,6,3,0,0,0,0,0,0,0,0,0,3,6,6,6,6,1,0,0,0,0,0,0,0,0,1,5,6,6,6,3,0,0,0,2,1,0,0,0,0,6,6,6,6,6,6,4,4,6,6,6,5,4,1,0,3,6,6,6,6,6,6,6,6,6,6,6,6,6,2,3,6,6,6,6,6,6,4,3,3,5,6,6,6,6,6,6,6,6,6,5,1,0,0,0,1,6,6,6,6,5,6,6,6,6,4,0,0,1,4,6,6,6,6,4,1,6,6,6,6,6,6,6,6,6,6,6,6,6,2,0,5,6,6,6,6,6,6,6,6,6,6,5,1,0,0,0,3,4,4,4,4,4,4,2,0,0,0,0,0,7,"mfeat-pixel","att60",0.9
0,0,0,1,5,5,1,0,0,0,0,0,0,0,0,0,0,2,6,6,6,6,0,0,0,0,0,0,0,0,0,0,5,6,6,6,4,0,0,0,0,0,0,0,0,0,3,6,6,6,6,3,0,0,0,0,0,0,0,1.86,0,3,6,6,6,6,3,0,0,0,0,0,0,0,0,0,3,6,6,6,6,3,0,0,0,0,0,0,0,0,0,3,6,6,6,6,3,0,0,2,2,2,0,0,0,0,3,6,6,6,6,6,4,6,6,6,6,5,1,0,0,3,6,6,6,6,6,6,6,6,6,6,6,6,1,0,3,6,6,6,6,6,6,5,2,5,6,6,6,5,0,3,6,6,6,6,6,5,0,0,3,6,6,6,6,0,3,6,6,6,6,5,0,0,0,3,6,6,6,6,1,6,6,6,6,6,3,0,0,0,3,6,6,6,6,3,6,6,6,6,6,6,4,4,4,6,6,6,6,6,3,6,6,6,6,6,6,6,6,6,6,6,6,6,2,4,4,4,4,4,4,4,4,4,4,4,4,4,1,0,7,"mfeat-pixel","att60",0.9
0,0,0,0,0,3,6,6,6,2,0,0,0,0,0,0,0,0,0,0,6,6,6,6,2,0,0,0,0,0,0,0,0,0,1,6,6,6,6,0,0,0,0,0,0,0,0,0,2,6,6,6,5,1,0,0,0,0,0,1.7,0,0,0,4,6,6,6,3,0,0,0,0,0,0,0,0,1,5,6,6,6,4,0,0,0,0,0,0,0,0,0,5,6,6,6,6,6,4,3,1,0,0,0,0,0,0,6,6,6,6,6,6,6,6,6,6,3,0,0,0,2,6,6,6,6,6,6,6,6,6,6,6,5,1,0,6,6,6,5,4,4,4,4,4,6,6,6,6,6,1,6,6,6,1,0,0,0,0,0,1,6,6,6,6,5,6,6,6,6,0,0,0,0,0,0,4,6,6,6,6,6,6,6,4,0,0,0,0,0,1,5,6,6,6,5,5,6,6,6,6,5,3,2,3,6,6,6,6,3,0,1,5,6,6,6,6,6,6,6,6,4,2,0,0,0,0,0,3,4,4,4,4,4,3,1,0,0,0,0,0,7,"mfeat-pixel","att60",0.9
0,0,0,0,0,0,0,2,4,4,6,5,4,1,0,0,0,0,0,0,0,5,6,6,6,6,6,5,1,0,0,0,0,0,0,0,6,6,6,6,6,4,0,0,0,0,0,0,0,0,1,6,6,6,6,6,2,0,0,-0.84,0,0,0,0,0,5,6,6,6,6,1,0,0,0,0,0,0,0,0,3,6,6,6,6,2,0,0,0,0,0,0,0,0,3,6,6,6,6,3,0,0,0,0,0,0,0,1,4,6,6,6,6,6,3,1,0,0,0,0,0,0,6,6,6,6,6,6,6,6,6,5,4,4,1,0,0,6,6,6,6,5,4,4,4,5,6,6,6,6,2,2,6,6,6,6,0,0,0,0,0,1,6,6,6,6,6,6,6,6,5,0,0,0,0,1,0,6,6,6,6,6,6,6,6,1,0,0,0,0,0,3,6,6,6,4,5,6,6,6,6,3,0,1,3,5,6,6,6,5,0,0,5,6,6,6,6,6,6,6,6,6,6,3,0,0,0,0,3,4,4,4,4,4,4,4,4,1,0,0,0,7,"mfeat-pixel","att60",0.9
0,0,0,0,0,0,2,6,6,6,6,6,2,0,0,0,0,0,0,0,0,1,6,6,6,6,6,1,0,0,0,0,0,0,0,0,0,3,6,6,5,1,0,0,0,0,0,0,0,0,0,2,6,6,6,1,0,0,0,1.18,0,0,0,0,0,2,6,6,6,6,0,0,0,0,0,0,0,0,0,0,6,6,6,6,3,0,0,0,0,0,0,0,0,0,4,6,6,4,1,0,0,0,0,0,0,0,0,0,0,6,6,3,0,0,0,0,0,0,0,0,0,0,1,5,6,6,6,0,0,1,4,1,0,0,0,0,0,6,6,6,6,4,0,3,6,6,6,3,0,0,0,0,6,6,6,6,2,5,6,6,6,6,6,6,3,0,4,6,6,6,6,6,6,6,6,4,6,6,6,6,1,6,6,6,6,4,4,4,3,0,0,1,6,6,6,5,6,6,6,6,4,4,2,0,1,3,4,6,6,6,6,6,6,6,6,6,6,6,6,6,6,6,6,6,3,4,4,4,4,4,4,4,4,4,4,2,2,2,1,0,7,"mfeat-pixel","att60",0.9
0,0,0,0,0,0,0,0,3,6,6,5,0,0,0,0,0,0,0,0,0,0,4,6,6,6,6,0,0,0,0,0,0,0,0,0,5,6,6,6,6,3,0,0,0,0,0,0,0,0,3,6,6,6,5,1,0,0,0,-2.09,0,0,0,0,2,5,6,6,5,1,0,0,0,0,0,0,0,0,5,6,6,6,4,0,0,0,0,0,0,0,0,0,4,6,6,6,6,4,0,0,0,0,0,0,0,0,4,6,6,6,6,6,6,6,6,6,6,4,3,0,2,6,6,6,6,6,6,6,6,6,6,6,6,6,1,6,6,6,6,5,2,0,0,0,0,1,6,6,6,5,6,6,6,5,0,0,0,0,0,0,0,6,6,6,6,6,6,6,4,0,0,0,0,0,0,0,6,6,6,5,6,6,6,6,3,2,2,0,0,0,3,6,6,6,1,1,5,6,6,6,6,6,6,4,6,6,6,6,2,0,0,0,5,6,6,6,6,6,6,6,6,5,1,0,0,0,0,0,3,4,4,4,4,2,0,0,0,0,0,0,7,"mfeat-pixel","att60",0.9
0,0,0,0,0,1,5,6,6,3,0,0,0,0,0,0,0,0,0,0,5,6,6,6,5,0,0,0,0,0,0,0,0,0,0,6,6,6,6,1,0,0,0,0,0,0,0,0,1,5,6,6,6,6,0,0,0,0,0,-1.04,0,0,0,3,6,6,6,6,5,0,0,0,0,0,0,0,0,0,3,6,6,6,4,0,0,0,0,0,0,0,0,0,3,6,6,6,6,3,0,0,0,0,0,0,0,0,0,6,6,6,6,6,4,0,0,0,0,0,0,0,0,0,6,6,6,6,6,6,6,6,6,6,5,1,0,0,2,6,6,6,6,6,6,6,6,6,6,6,6,0,0,6,6,6,6,6,5,4,5,6,6,6,6,6,1,0,6,6,6,6,4,0,0,0,6,6,6,6,6,5,1,6,6,6,6,0,0,0,0,6,6,6,6,6,6,5,6,6,6,6,3,2,2,3,6,6,6,6,6,6,4,6,6,6,6,6,6,6,6,6,6,6,6,6,4,0,3,4,4,4,4,4,4,4,4,4,4,4,3,0,7,"mfeat-pixel","att60",0.9
0,0,0,0,0,0,0,1,5,6,3,0,0,0,0,0,0,0,0,0,0,2,6,6,6,6,5,0,0,0,0,0,0,0,0,3,6,6,6,6,5,1,0,0,0,0,0,0,0,1,6,6,6,6,6,2,0,0,0,0.78,0,0,0,1,6,6,6,6,5,1,0,0,0,0,0,0,0,2,6,6,6,6,6,1,0,0,0,0,0,0,0,0,6,6,6,6,6,3,0,0,0,0,0,0,0,0,1,6,6,6,6,6,6,4,4,4,3,0,0,0,0,5,6,6,6,6,6,6,6,6,6,6,5,1,0,2,6,6,6,6,6,5,4,5,6,6,6,6,6,1,6,6,6,6,6,6,0,0,0,3,6,6,6,6,6,6,6,6,6,6,3,0,0,0,0,6,6,6,6,6,6,6,6,6,6,6,3,0,0,3,6,6,6,6,6,6,6,6,6,6,6,6,5,5,6,6,6,6,6,3,2,6,6,6,6,6,6,6,6,6,6,6,5,1,0,0,3,4,4,4,4,4,4,4,4,4,3,0,0,0,7,"mfeat-pixel","att60",0.9
0,0,0,3,6,6,5,1,0,0,0,0,0,0,0,0,0,5,6,6,6,6,5,0,0,0,0,0,0,0,0,0,6,6,6,6,6,4,0,0,0,0,0,0,0,0,1,6,6,6,6,6,0,0,0,0,0,0,0,-1.22,0,5,6,6,6,6,4,0,0,0,0,0,0,0,0,0,6,6,6,6,6,2,0,0,0,0,0,0,0,0,4,6,6,6,6,3,0,0,0,0,0,0,0,0,0,6,6,6,6,6,5,2,2,1,0,0,0,0,0,0,5,6,6,6,6,6,6,6,6,6,6,3,0,0,0,1,6,6,6,6,5,4,5,6,6,6,6,5,1,0,0,6,6,6,6,0,0,0,1,2,5,6,6,6,2,0,2,6,6,6,0,0,0,0,0,0,6,6,6,2,0,0,6,6,6,5,1,0,0,0,2,6,6,6,0,0,0,3,6,6,6,6,3,2,2,5,6,6,6,0,0,0,0,2,6,6,6,6,6,6,6,6,6,2,0,0,0,0,0,0,2,4,4,4,4,4,4,3,0,0,7,"mfeat-pixel","att60",0.9
0,0,0,0,0,0,0,0,0,2,5,5,4,1,0,0,0,0,0,0,0,0,3,6,6,6,6,5,1,0,0,0,0,0,0,0,1,6,6,6,4,0,0,0,0,0,0,0,0,1,5,6,6,6,6,2,0,0,0,-2.95,0,0,0,1,6,6,6,6,1,0,0,0,0,0,0,0,0,0,4,6,6,6,5,0,0,0,0,0,0,0,0,3,6,6,6,4,0,0,0,0,0,0,0,0,0,0,6,6,6,6,3,0,0,0,0,0,0,0,0,0,2,6,6,6,6,5,2,0,0,0,0,0,0,0,0,6,6,6,6,6,6,6,6,6,6,4,1,0,0,0,6,6,6,6,5,4,4,4,6,6,6,6,5,1,0,6,6,6,4,0,0,0,0,0,3,6,6,6,6,0,6,6,6,3,0,0,0,0,0,0,3,6,6,6,0,6,6,6,5,1,0,0,0,0,1,5,6,6,6,2,5,6,6,6,6,6,6,6,6,6,6,6,6,5,1,0,3,4,4,4,4,4,4,4,4,4,4,3,0,0,7,"mfeat-pixel","att60",0.9
0,0,0,0,0,0,0,0,0,0,3,4,5,5,1,0,0,0,0,0,0,0,0,0,5,6,6,6,6,2,0,0,0,0,0,0,0,1,5,6,6,6,4,0,0,0,0,0,0,0,0,1,6,6,6,6,4,1,0,-2.12,0,0,0,0,0,3,6,6,6,6,2,0,0,0,0,0,0,0,0,3,6,6,6,6,1,0,0,0,0,0,0,0,0,1,6,6,6,5,1,0,0,0,0,0,0,0,0,3,6,6,6,4,0,0,0,0,0,0,0,0,0,3,6,6,6,6,6,4,4,2,2,2,0,0,0,0,5,6,6,6,6,6,6,6,6,6,6,5,1,0,5,6,6,6,6,3,2,2,2,3,6,6,6,5,1,6,6,6,6,3,0,0,0,0,0,3,6,6,6,5,4,6,6,6,3,0,0,0,0,0,2,6,6,6,6,3,6,6,6,6,3,1,0,0,0,3,6,6,6,6,1,5,6,6,6,6,6,6,6,6,6,6,6,6,1,0,0,2,4,4,4,4,4,4,4,4,4,4,1,0,7,"mfeat-pixel","att60",0.9
0,0,0,0,0,0,0,1,5,6,2,0,0,0,0,0,0,0,0,0,0,1,6,6,4,0,0,0,0,0,0,0,0,0,0,0,4,6,5,0,0,0,0,0,0,0,0,0,0,0,2,6,6,3,0,0,0,0,0,-1.74,0,0,0,0,0,4,6,6,2,0,0,0,0,0,0,0,0,0,1,5,6,6,3,0,0,0,0,0,0,0,0,0,0,5,6,6,4,0,0,0,0,0,0,0,0,0,0,4,6,6,6,3,0,0,0,0,0,0,0,0,0,0,6,6,6,6,5,2,2,2,2,0,0,0,0,0,2,6,6,6,6,6,6,6,6,6,5,1,0,0,0,6,6,6,6,6,5,4,4,4,5,6,6,2,0,2,6,6,6,6,4,0,0,0,0,0,6,6,6,0,1,6,6,6,6,3,0,0,0,0,0,6,6,6,2,0,6,6,6,6,4,0,0,0,0,3,6,6,6,3,0,5,6,6,6,6,6,4,2,5,6,6,6,3,0,0,0,3,4,4,4,4,4,4,4,4,4,1,0,0,7,"mfeat-pixel","att60",0.9
0,0,0,0,0,0,0,0,3,6,6,5,0,0,0,0,0,0,0,0,0,0,4,6,6,6,6,0,0,0,0,0,0,0,0,0,5,6,6,6,6,3,0,0,0,0,0,0,0,0,3,6,6,6,5,1,0,0,0,1.01,0,0,0,0,2,5,6,6,5,1,0,0,0,0,0,0,0,0,5,6,6,6,4,0,0,0,0,0,0,0,0,0,4,6,6,6,6,4,0,0,0,0,0,0,0,0,4,6,6,6,6,6,6,6,6,6,6,4,3,0,2,6,6,6,6,6,6,6,6,6,6,6,6,6,1,6,6,6,6,5,2,0,0,0,0,1,6,6,6,5,6,6,6,5,0,0,0,0,0,0,0,6,6,6,6,6,6,6,4,0,0,0,0,0,0,0,6,6,6,5,6,6,6,6,3,2,2,0,0,0,3,6,6,6,1,1,5,6,6,6,6,6,6,4,6,6,6,6,2,0,0,0,5,6,6,6,6,6,6,6,6,5,1,0,0,0,0,0,3,4,4,4,4,2,0,0,0,0,0,0,7,"mfeat-pixel","att60",0.9
0,0,0,0,0,3,6,6,3,0,0,0,0,0,0,0,0,0,0,3,6,5,5,6,2,0,0,0,0,0,0,0,0,4,6,6,0,0,2,0,0,0,0,0,0,0,0,5,6,6,6,0,0,0,0,0,0,0,0,-0.42,0,4,6,6,6,5,0,0,0,0,0,0,0,0,0,0,5,6,6,6,3,0,0,0,0,0,0,0,0,0,0,5,6,6,6,6,4,4,2,2,2,2,1,0,0,3,6,6,6,6,6,6,6,6,6,6,6,6,2,0,3,6,6,6,6,6,6,6,6,6,6,6,6,4,0,6,6,6,6,6,5,1,0,1,3,6,6,6,6,2,6,6,6,6,4,0,0,0,0,0,6,6,6,6,3,6,6,6,6,3,0,0,0,0,2,6,6,6,6,4,6,6,6,6,6,3,2,0,1,6,6,6,6,6,3,4,6,6,6,6,6,6,6,6,6,6,6,6,2,0,0,5,6,6,6,6,6,6,6,6,6,6,3,0,0,0,1,4,4,4,4,4,4,4,4,4,1,0,0,0,7,"mfeat-pixel","att60",0.9
0,0,0,0,0,0,1,4,5,5,1,0,0,0,0,0,0,0,0,0,0,3,6,6,6,1,0,0,0,0,0,0,0,0,0,0,3,6,6,5,0,0,0,0,0,0,0,0,0,0,0,4,6,6,3,0,0,0,0,2.36,0,0,0,0,1,5,6,6,6,0,0,0,0,0,0,0,0,0,0,6,6,6,6,5,0,0,0,0,0,0,0,0,0,2,6,6,6,5,0,0,0,0,0,0,0,0,0,2,6,6,6,5,0,0,0,0,0,0,0,0,0,0,6,6,6,6,5,2,2,2,2,1,0,0,0,0,3,6,6,6,6,6,6,6,6,6,6,3,0,0,0,3,6,6,6,4,4,4,6,6,6,6,6,3,0,0,4,6,6,4,0,0,0,1,5,6,6,6,6,2,1,6,6,6,5,0,0,0,0,5,6,6,6,5,0,5,6,6,6,5,2,2,2,5,6,6,6,6,0,0,3,4,6,6,6,6,6,6,6,6,6,5,3,0,0,0,0,1,3,4,4,4,4,4,4,3,0,0,0,0,7,"mfeat-pixel","att60",0.9
0,2,6,6,5,1,0,0,0,0,0,0,0,0,0,0,2,6,6,6,2,0,0,0,0,0,0,0,0,0,0,0,6,6,6,2,0,0,0,0,0,0,0,0,0,0,0,6,6,6,3,0,0,0,0,0,0,0,0,-0.88,0,2,6,6,6,1,0,0,0,0,0,0,0,0,0,0,6,6,6,6,0,0,0,0,0,0,0,0,0,0,0,6,6,6,6,0,0,0,0,0,0,0,0,0,0,0,6,6,6,6,1,1,2,2,2,1,0,0,0,0,0,6,6,6,6,6,6,6,6,6,6,5,4,3,0,0,6,6,6,6,6,6,6,5,5,6,6,6,6,4,0,6,6,6,6,6,5,2,0,0,3,6,6,6,6,0,6,6,6,6,4,0,0,0,0,0,6,6,6,5,0,6,6,6,6,3,0,0,0,0,5,6,6,6,1,1,6,6,6,6,5,2,2,2,5,6,6,6,2,0,3,6,6,6,6,6,6,6,6,6,6,6,6,0,0,0,3,4,4,4,4,4,4,4,4,4,4,3,0,0,7,"mfeat-pixel","att60",0.9
0,0,0,1,5,6,6,2,0,0,0,0,0,0,0,0,0,0,5,6,6,6,1,0,0,0,0,0,0,0,0,0,0,6,6,6,3,0,0,0,0,0,0,0,0,0,0,0,6,6,6,3,0,0,0,0,0,0,0,2.37,0,0,2,6,6,6,0,0,0,0,0,0,0,0,0,0,1,6,6,6,2,0,0,0,0,0,0,0,0,0,0,3,6,6,6,0,0,0,0,0,0,0,0,0,0,0,4,6,6,6,5,4,4,2,2,1,0,0,0,0,3,6,6,6,6,6,6,6,6,6,6,5,1,0,0,3,6,6,6,6,6,6,6,6,6,6,6,6,1,0,3,6,6,6,6,6,5,4,4,5,6,6,6,5,0,3,6,6,6,5,1,0,0,0,0,6,6,6,6,3,3,6,6,6,5,1,0,0,0,0,6,6,6,6,2,1,5,6,6,6,6,4,6,6,6,6,6,6,6,0,0,1,5,6,6,6,6,6,6,6,6,6,6,3,0,0,0,0,3,4,4,4,4,4,4,4,3,1,0,0,7,"mfeat-pixel","att60",0.9
0,0,0,0,0,0,0,3,4,6,3,0,0,0,0,0,0,0,0,0,0,3,6,6,6,5,0,0,0,0,0,0,0,0,0,5,6,6,6,3,0,0,0,0,0,0,0,0,0,1,6,6,6,6,0,0,0,0,0,2.2,0,0,0,2,6,6,6,6,3,0,0,0,0,0,0,0,0,2,6,6,6,6,3,0,0,0,0,0,0,0,0,2,6,6,6,6,4,0,0,0,0,0,0,0,0,2,6,6,6,6,6,6,6,6,5,1,0,0,0,0,3,6,6,6,6,6,6,6,6,6,6,6,3,0,0,4,6,6,6,5,2,0,2,4,5,6,6,6,4,0,6,6,6,6,3,0,0,0,0,0,6,6,6,6,3,6,6,6,6,0,0,0,0,0,0,6,6,6,6,3,6,6,6,6,0,0,0,0,0,3,6,6,6,6,3,6,6,6,6,5,2,3,5,6,6,6,6,6,5,1,1,5,6,6,6,6,6,6,6,6,6,6,3,0,0,0,0,3,3,3,4,4,4,4,4,3,0,0,0,0,7,"mfeat-pixel","att60",0.9
0,0,0,0,0,0,0,1,4,1,0,0,0,0,0,0,0,0,0,1,5,6,6,6,6,1,0,0,0,0,0,0,0,0,3,6,6,6,6,6,1,0,0,0,0,0,0,0,0,5,6,6,6,6,2,0,0,0,0,-0.5,0,0,0,4,6,6,6,6,1,0,0,0,0,0,0,0,0,5,6,6,6,6,2,0,0,0,0,0,0,0,0,4,6,6,6,6,6,1,0,0,0,0,0,0,0,0,4,6,6,6,6,6,6,6,5,4,3,2,1,0,0,4,6,6,6,6,4,4,4,4,6,6,6,6,0,2,6,6,6,5,1,0,0,0,0,1,6,6,6,1,3,6,6,6,3,0,0,0,0,0,0,3,6,6,3,2,6,6,6,3,0,0,0,0,0,0,3,6,6,4,0,6,6,6,4,0,0,0,0,0,0,3,6,6,6,0,4,6,6,6,5,1,0,0,0,1,6,6,6,2,0,0,5,6,6,6,6,5,2,3,6,6,6,4,0,0,0,0,2,4,4,4,4,4,4,4,4,3,0,0,7,"mfeat-pixel","att60",0.9
0,0,0,0,0,0,0,3,4,0,0,0,0,0,0,0,0,0,0,1,4,6,6,3,0,0,0,0,0,0,0,0,0,0,6,6,6,2,0,0,0,0,0,0,0,0,0,0,4,6,6,3,0,0,0,0,0,0,0,-1.72,0,0,1,6,6,6,3,0,0,0,0,0,0,0,0,0,0,5,6,6,5,0,0,0,0,0,0,0,0,0,0,2,6,6,6,2,0,0,0,0,0,0,0,0,0,0,6,6,6,4,0,0,0,0,0,0,0,0,0,0,0,6,6,6,6,6,4,2,0,2,2,1,0,0,0,0,6,6,6,6,6,6,6,6,6,6,6,6,3,0,2,6,6,6,4,4,4,4,4,4,5,6,6,6,1,6,6,6,3,0,0,0,0,0,0,0,6,6,6,3,4,6,6,3,0,0,0,0,0,0,0,6,6,6,0,0,5,6,5,1,0,0,0,0,0,1,6,6,6,0,0,4,6,6,6,6,6,6,6,6,6,6,6,3,0,0,3,4,4,4,4,4,4,4,4,4,4,4,1,0,7,"mfeat-pixel","att60",0.9
0,0,0,0,1,5,6,3,0,0,0,0,0,0,0,0,0,0,0,3,6,6,6,0,0,0,0,0,0,0,0,0,0,0,3,6,6,4,0,0,0,0,0,0,0,0,0,0,0,3,6,6,5,0,0,0,0,0,0,0.06,0,0,0,0,3,6,6,4,0,0,0,0,0,0,0,0,0,0,0,3,6,6,0,0,0,0,0,0,0,0,0,0,0,0,5,6,6,3,0,0,0,0,0,0,0,0,0,0,0,6,6,6,6,6,6,6,6,6,3,1,0,0,0,4,6,6,6,6,6,6,6,6,6,6,6,0,0,2,6,6,6,6,4,2,2,2,4,6,6,6,0,1,6,6,6,5,1,0,0,0,0,0,3,6,6,0,4,6,6,6,0,0,0,0,0,0,0,6,6,6,0,6,6,6,6,2,0,0,0,0,0,4,6,6,4,0,3,5,6,6,6,4,4,4,4,5,6,6,6,2,0,0,0,5,6,6,6,6,6,6,6,6,1,0,0,0,0,0,2,4,4,4,4,4,4,4,3,0,0,0,7,"mfeat-pixel","att60",0.9
0,0,0,0,0,0,0,0,0,0,1,4,4,3,0,0,0,0,0,0,0,0,0,1,5,6,6,6,6,0,0,0,0,0,0,0,0,1,6,6,6,6,6,2,0,0,0,0,0,0,0,0,5,6,6,6,6,3,0,1.51,0,0,0,0,0,0,1,6,6,6,6,2,0,0,0,0,0,0,0,0,3,6,6,6,6,6,0,0,0,0,0,0,0,0,2,6,6,6,6,6,6,2,0,0,0,0,0,0,3,6,6,6,6,6,6,6,6,3,0,0,0,0,5,6,6,6,6,6,6,6,6,6,6,2,0,0,4,6,6,6,5,2,2,2,5,6,6,6,6,1,2,6,6,6,6,2,0,0,0,0,4,6,6,6,5,6,6,6,6,4,0,0,0,0,0,3,6,6,6,6,6,6,6,6,1,0,0,0,0,0,4,6,6,6,6,6,6,6,6,6,4,2,2,2,5,6,6,6,6,4,2,6,6,6,6,6,6,6,6,6,6,6,6,5,0,0,3,4,4,4,4,4,4,4,4,4,3,0,0,0,7,"mfeat-pixel","att60",0.9
0,0,0,0,0,3,6,6,5,0,0,0,0,0,0,0,0,0,0,2,6,6,6,4,0,0,0,0,0,0,0,0,0,0,3,6,6,4,0,0,0,0,0,0,0,0,0,0,1,6,6,6,0,0,0,0,0,0,0,-0.96,0,0,3,6,6,6,4,0,0,0,0,0,0,0,0,0,0,6,6,6,4,0,0,0,0,0,0,0,0,0,0,2,6,6,6,0,0,0,0,0,0,0,0,0,0,0,3,6,6,6,3,2,3,5,6,4,2,1,0,0,1,6,6,6,6,6,6,6,6,6,6,6,6,5,1,3,6,6,6,6,4,3,2,2,0,4,6,6,6,6,5,6,6,6,2,0,0,0,0,0,3,6,6,6,4,3,6,6,6,1,0,0,0,0,0,6,6,6,6,3,3,6,6,6,4,0,0,0,0,2,6,6,6,5,0,1,5,6,6,6,3,1,0,3,6,6,6,5,0,0,0,0,3,6,6,6,6,6,6,6,6,3,0,0,0,0,0,0,0,2,4,4,4,4,4,1,0,0,0,0,7,"mfeat-pixel","att60",0.9
0,0,0,0,0,0,1,4,4,5,6,2,0,0,0,0,0,0,0,0,1,6,6,6,6,3,0,0,0,0,0,0,0,0,2,6,6,6,6,2,0,0,0,0,0,0,0,0,2,6,6,6,4,0,0,0,0,0,0,-2.51,0,0,0,5,6,6,6,1,0,0,0,0,0,0,0,0,0,4,6,6,6,3,0,0,0,0,0,0,0,0,0,2,6,6,6,6,0,0,2,4,2,0,0,0,0,1,6,6,6,6,6,5,5,6,6,6,5,4,1,0,4,6,6,6,6,4,4,4,4,6,6,6,6,6,1,6,6,6,6,1,0,0,0,0,1,6,6,6,6,6,6,6,6,6,0,0,0,0,0,0,3,6,6,6,6,6,6,6,6,2,0,0,0,0,0,3,6,6,6,6,6,6,6,6,4,0,0,0,0,0,3,6,6,6,6,3,6,6,6,6,5,1,0,0,2,5,6,6,6,6,0,3,6,6,6,6,6,4,6,6,6,6,6,6,3,0,0,1,4,4,4,4,4,4,4,4,4,4,1,0,7,"mfeat-pixel","att60",0.9
0,0,1,3,4,6,6,6,6,5,1,0,0,0,0,0,2,6,6,6,6,6,6,6,5,1,0,0,0,0,0,3,6,6,6,6,4,4,3,0,0,0,0,0,0,0,6,6,6,6,3,0,0,0,0,0,0,0,0,2.43,1,6,6,6,6,5,0,0,0,0,0,0,0,0,0,5,6,6,6,6,1,0,0,0,0,0,0,0,0,0,3,6,6,6,6,2,0,0,0,0,0,0,0,0,0,6,6,6,6,4,0,0,0,0,0,0,0,0,0,0,6,6,6,6,6,3,2,2,2,2,2,1,0,0,0,6,6,6,6,6,6,6,6,6,6,6,6,3,0,0,6,6,6,6,6,6,6,6,6,6,6,6,6,5,3,6,6,6,6,6,1,0,0,0,3,6,6,6,6,6,6,6,6,6,6,4,0,0,0,0,4,6,6,6,6,1,5,6,6,6,6,5,4,6,6,6,6,6,6,1,0,1,5,6,6,6,6,6,6,6,6,6,5,1,0,0,0,0,3,4,4,4,4,4,4,3,1,0,0,0,7,"mfeat-pixel","att60",0.9
0,0,0,5,6,6,3,0,0,0,0,0,0,0,0,0,0,0,6,6,6,5,0,0,0,0,0,0,0,0,0,0,0,6,6,6,0,0,0,0,0,0,0,0,0,0,0,1,6,6,6,0,0,0,0,0,0,0,0,-0.15,0,0,3,6,6,6,0,0,0,0,0,0,0,0,0,0,0,3,6,6,6,3,0,0,0,0,0,0,0,0,0,0,5,6,6,6,6,5,2,2,2,2,0,0,0,0,5,6,6,6,6,6,6,6,6,6,6,5,0,0,3,6,6,6,6,5,4,4,2,3,6,6,6,3,0,3,6,6,5,1,0,0,0,0,0,1,5,6,6,1,3,6,6,1,0,0,0,0,0,0,0,1,6,6,3,6,6,6,0,0,0,0,0,0,0,0,0,6,6,3,6,6,6,0,0,0,0,0,0,0,0,3,6,6,3,4,6,6,5,3,1,0,0,0,1,5,6,6,6,2,0,3,6,6,6,6,6,6,6,6,6,6,6,3,0,0,0,1,4,4,4,4,4,4,4,4,4,1,0,0,7,"mfeat-pixel","att60",0.9
0,0,0,3,6,6,3,0,0,0,0,0,0,0,0,0,0,0,6,6,6,6,3,0,0,0,0,0,0,0,0,0,3,6,6,6,5,1,0,0,0,0,0,0,0,0,0,3,6,6,6,1,0,0,0,0,0,0,0,-2.73,0,0,3,6,6,6,0,0,0,0,0,0,0,0,0,0,0,5,6,6,6,5,1,0,0,0,0,0,0,0,0,0,6,6,6,6,6,6,6,6,5,1,0,0,0,0,0,6,6,6,6,5,4,6,6,6,6,3,0,0,0,2,6,6,6,1,0,0,1,5,6,6,6,3,0,0,6,6,6,6,0,0,0,0,0,5,6,6,5,1,0,6,6,6,6,0,0,0,0,0,3,6,6,6,5,0,6,6,6,6,0,0,0,0,0,3,6,6,6,6,1,6,6,6,6,1,0,0,0,1,5,6,6,6,4,3,6,6,6,6,6,3,2,3,6,6,6,6,6,0,0,6,6,6,6,6,6,6,6,6,6,6,6,4,0,0,3,4,4,4,4,4,4,4,4,4,4,3,0,0,7,"mfeat-pixel","att60",0.9
0,0,2,6,6,6,6,6,6,6,2,0,0,0,0,0,0,3,6,6,6,6,6,6,5,1,0,0,0,0,0,0,4,6,6,6,1,0,0,0,0,0,0,0,0,0,2,6,6,6,6,0,0,0,1,2,1,0,0,2.55,0,3,6,6,6,2,0,0,3,6,6,6,6,5,1,0,3,6,6,6,1,1,5,6,6,6,6,6,6,3,0,4,6,6,6,6,6,6,6,6,6,6,6,6,5,2,6,6,6,6,6,6,6,3,0,4,6,6,6,3,1,6,6,6,6,6,6,3,0,1,5,6,6,6,3,0,6,6,6,6,6,4,0,0,5,6,6,6,6,1,0,4,6,6,6,6,2,0,0,6,6,6,6,1,0,0,5,6,6,6,4,0,0,4,6,6,6,3,0,0,3,6,6,6,6,0,0,4,6,6,6,4,0,0,0,3,6,6,6,6,4,5,6,6,6,4,0,0,0,0,3,6,6,6,6,6,6,6,6,6,0,0,0,0,0,1,4,4,4,4,4,4,4,4,3,0,0,0,0,0,7,"mfeat-pixel","att60",0.9
0,2,6,6,5,0,0,0,0,0,0,0,0,0,0,1,5,6,6,4,0,0,0,0,0,0,0,0,0,0,5,6,6,6,2,0,0,0,0,0,0,0,0,0,0,6,6,6,4,0,0,0,0,0,0,0,0,0,0,-1.57,6,6,6,3,0,0,0,0,0,0,0,0,0,0,0,6,6,6,3,0,0,0,0,0,0,0,0,0,0,0,6,6,6,4,0,0,0,0,0,0,0,0,0,0,0,6,6,6,6,5,5,6,4,6,6,6,3,0,0,0,6,6,6,6,6,6,6,6,6,6,6,6,5,0,0,5,6,6,6,6,6,6,6,6,6,6,6,6,2,0,3,6,6,6,5,2,0,0,0,4,6,6,6,6,1,5,6,6,6,0,0,0,0,0,1,6,6,6,6,5,3,6,6,6,2,0,0,0,0,0,3,6,6,6,6,1,6,6,6,5,2,2,2,2,2,5,6,6,6,6,0,4,6,6,6,6,6,6,6,6,6,6,6,6,6,0,0,3,4,4,4,4,4,4,4,4,4,4,4,3,7,"mfeat-pixel","att60",0.9
0,0,0,0,0,0,0,0,3,6,6,5,0,0,0,0,0,0,0,0,0,1,5,6,6,6,6,0,0,0,0,0,0,0,0,1,6,6,6,5,2,1,0,0,0,0,0,0,0,0,3,6,6,6,3,0,0,0,0,1.97,0,0,0,0,3,6,6,6,6,2,0,0,0,0,0,0,0,0,0,6,6,6,6,3,0,0,0,0,0,0,0,0,0,3,6,6,6,6,5,1,0,0,0,0,0,0,0,3,6,6,6,6,6,6,6,4,4,1,0,0,0,0,6,6,6,6,6,6,6,6,6,6,6,3,0,0,4,6,6,6,6,6,6,4,6,6,6,6,6,4,0,6,6,6,6,6,5,1,0,1,5,6,6,6,6,2,6,6,6,6,6,2,0,0,0,1,6,6,6,6,1,6,6,6,6,4,0,0,0,3,6,6,6,6,5,0,6,6,6,6,5,2,2,5,6,6,6,6,5,1,0,5,6,6,6,6,6,6,6,6,6,6,3,0,0,0,0,1,3,4,4,4,4,4,4,3,1,0,0,0,7,"mfeat-pixel","att60",0.9
2,6,4,4,1,0,0,0,0,0,0,0,0,0,0,1,5,6,6,6,2,0,0,0,0,0,0,0,0,0,0,1,6,6,6,3,0,0,0,0,0,0,0,0,0,0,0,6,6,6,3,0,0,0,0,0,0,0,0,-2.26,0,0,6,6,6,3,0,0,0,0,0,0,0,0,0,0,0,5,6,6,4,0,0,0,0,0,0,0,0,0,0,0,0,4,6,6,6,6,6,6,5,1,0,0,0,0,0,0,3,6,6,6,6,6,6,6,4,0,0,0,0,0,0,3,6,4,0,1,3,5,6,6,6,6,2,0,0,0,4,6,3,0,0,0,0,3,6,6,6,3,0,0,5,6,6,3,0,0,0,0,0,3,6,6,6,0,0,6,6,6,3,0,0,0,0,0,3,6,6,6,0,0,6,6,6,0,0,0,0,0,0,3,6,6,6,0,0,6,6,6,5,3,2,3,4,4,6,6,6,6,0,0,5,6,6,6,6,6,6,6,6,6,6,5,1,0,0,0,3,4,4,4,4,4,4,2,0,0,0,0,7,"mfeat-pixel","att60",0.9
0,0,3,4,5,5,3,0,0,0,0,0,0,0,0,0,2,6,6,6,6,6,4,0,0,0,0,0,0,0,0,0,6,6,6,6,6,4,0,0,0,0,0,0,0,0,3,6,6,6,6,6,0,0,0,0,0,0,0,-1.81,0,3,6,6,6,6,3,0,0,0,0,0,0,0,0,0,6,6,6,6,3,0,0,0,0,0,0,0,0,0,0,6,6,6,6,3,0,0,0,0,0,0,0,0,0,1,6,6,6,6,4,0,0,0,0,0,0,0,0,0,5,6,6,6,6,6,6,6,6,6,6,5,3,0,0,6,6,6,6,6,5,2,3,5,6,6,6,6,5,1,5,6,6,6,6,3,0,0,0,1,5,6,6,6,5,4,6,6,6,6,0,0,0,0,0,3,6,6,6,6,6,6,6,6,6,0,0,0,0,0,3,6,6,6,4,6,6,6,6,6,0,0,0,1,3,6,6,6,6,0,5,6,6,6,6,5,4,5,6,6,6,6,6,4,0,0,3,4,4,4,4,4,4,4,4,4,4,3,0,0,7,"mfeat-pixel","att60",0.9
0,0,0,1,5,6,6,6,3,0,0,0,0,0,0,0,0,0,4,6,6,6,6,6,0,0,0,0,0,0,0,0,2,6,6,6,6,6,3,0,0,0,0,0,0,0,0,5,6,6,6,6,4,0,0,0,0,0,0,3.51,0,3,6,6,6,6,6,1,0,0,0,0,0,0,0,0,3,6,6,6,6,3,0,0,0,0,0,0,0,0,0,3,6,6,6,6,0,0,0,0,0,0,0,0,0,1,6,6,6,6,6,5,4,4,4,4,3,2,0,0,3,6,6,6,6,6,6,6,6,6,6,6,6,5,1,5,6,6,6,6,6,6,6,4,4,6,6,6,6,5,6,6,6,6,6,5,2,0,0,0,1,5,6,6,6,6,6,6,6,4,0,0,0,0,0,0,4,6,6,6,6,6,6,6,0,0,0,0,0,1,5,6,6,6,6,6,6,6,6,5,5,5,4,4,6,6,6,6,6,3,2,6,6,6,6,6,6,6,6,6,6,6,6,3,0,0,1,4,4,4,4,4,4,4,4,4,2,0,0,0,7,"mfeat-pixel","att60",0.9
0,0,2,6,3,0,0,0,0,0,0,0,0,0,0,0,0,5,6,6,0,0,0,0,0,0,0,0,0,0,0,3,6,6,6,0,0,0,0,0,0,0,0,0,0,0,3,6,6,3,0,0,0,0,0,0,0,0,0,-1.15,0,3,6,6,6,0,0,0,0,0,0,0,0,0,0,0,3,6,6,6,0,0,0,0,0,0,0,0,0,0,0,3,6,6,6,0,0,0,0,0,0,0,0,0,0,0,5,6,6,6,0,0,0,0,0,0,0,0,0,0,3,6,6,6,6,5,1,0,0,0,0,0,0,0,0,3,6,6,6,6,6,6,6,5,2,0,0,0,0,0,6,6,6,6,4,4,5,6,6,6,6,6,4,1,0,6,6,6,1,0,0,0,0,2,5,6,6,6,6,2,4,6,6,3,0,0,0,0,0,0,1,6,6,6,3,2,6,6,6,5,4,4,4,3,2,3,6,6,6,5,0,3,6,6,6,6,6,6,6,6,6,6,6,6,2,0,0,1,4,4,4,4,4,4,4,4,4,4,1,0,7,"mfeat-pixel","att60",0.9
0,0,1,5,6,5,4,1,0,0,0,0,0,0,0,0,0,4,6,6,6,6,2,0,0,0,0,0,0,0,0,2,6,6,6,6,4,0,0,0,0,0,0,0,0,0,4,6,6,6,6,2,0,0,0,0,0,0,0,2.5,0,6,6,6,6,1,0,0,0,0,0,0,0,0,0,0,6,6,6,6,2,0,0,0,0,0,0,0,0,0,0,6,6,6,6,0,0,0,0,0,0,0,0,0,0,0,6,6,6,6,3,0,0,0,0,0,0,0,0,0,2,6,6,6,6,6,6,6,6,6,4,1,0,0,0,6,6,6,6,6,6,6,6,6,6,6,6,4,2,0,6,6,6,6,6,5,2,0,0,3,6,6,6,6,3,3,6,6,6,6,0,0,0,0,0,3,6,6,6,3,3,6,6,6,6,0,0,0,0,0,3,6,6,6,3,3,6,6,6,6,1,0,0,0,1,5,6,6,6,3,2,6,6,6,6,6,6,6,6,6,6,6,6,6,2,0,1,4,4,4,4,4,4,4,4,4,4,4,1,0,7,"mfeat-pixel","att60",0.9
0,0,1,5,6,6,6,3,0,0,0,0,0,0,0,0,3,6,6,6,6,6,6,4,0,0,0,0,0,0,0,6,6,6,6,6,6,6,5,0,0,0,0,0,0,4,6,6,6,3,0,0,2,0,0,0,0,0,0,-0.36,6,6,6,6,0,0,0,0,0,0,0,0,0,0,0,6,6,6,6,1,0,0,0,0,0,0,0,0,0,0,4,6,6,6,6,4,2,2,2,0,0,0,0,0,0,0,6,6,6,6,6,6,6,6,6,4,4,3,0,0,0,6,6,6,6,6,6,6,6,6,6,6,6,2,0,0,2,6,6,6,6,5,2,5,6,6,6,6,6,0,0,2,6,6,6,6,3,0,1,6,6,6,6,6,2,0,2,6,6,6,6,4,0,0,3,6,6,6,6,6,0,0,6,6,6,6,6,5,2,5,6,6,6,6,6,0,0,2,6,6,6,6,6,6,6,6,6,6,6,5,0,0,0,3,6,6,6,6,6,6,6,6,6,1,0,0,0,0,0,1,2,2,4,4,4,4,3,1,0,0,7,"mfeat-pixel","att60",0.9
0,0,0,5,6,6,6,2,0,0,0,0,0,0,0,0,0,0,6,6,6,5,0,0,0,0,0,0,0,0,0,0,0,6,6,6,3,0,0,0,0,0,0,0,0,0,0,3,6,6,6,6,0,0,0,0,0,0,0,-0.93,0,0,1,6,6,6,4,0,0,0,0,0,0,0,0,0,0,2,6,6,6,3,0,0,0,0,0,0,0,0,0,0,6,6,6,6,3,0,0,0,0,0,0,0,0,0,0,6,6,6,6,3,0,0,0,0,0,0,0,0,0,0,6,6,6,6,3,0,0,0,0,0,0,0,0,0,0,6,6,6,6,5,2,2,2,2,2,1,0,0,0,0,6,6,6,6,6,6,6,6,6,6,6,5,1,0,0,6,6,6,6,6,6,5,5,6,6,6,6,6,0,2,6,6,6,6,6,3,0,0,0,1,6,6,6,2,6,6,6,6,6,6,3,2,2,2,3,6,6,6,1,5,6,6,6,6,6,6,6,6,6,6,6,6,6,0,0,3,4,4,4,4,4,4,4,4,4,4,4,3,7,"mfeat-pixel","att60",0.9
0,0,0,0,3,6,6,5,0,0,0,0,0,0,0,0,0,0,2,6,6,6,3,0,0,0,0,0,0,0,0,0,0,3,6,6,6,5,0,0,0,0,0,0,0,0,0,0,4,6,6,6,2,0,0,0,0,0,0,-2.55,0,0,5,6,6,6,6,0,0,0,0,0,0,0,0,0,0,6,6,6,6,5,0,0,0,0,0,0,0,0,0,0,6,6,6,6,4,0,0,0,0,0,0,0,0,0,0,6,6,6,6,5,0,0,0,0,0,0,0,0,0,3,6,6,6,6,0,0,0,0,0,0,0,0,0,3,6,6,6,6,6,3,2,2,1,0,0,0,0,0,3,6,6,6,6,6,6,6,6,6,6,4,1,0,0,6,6,6,6,6,6,6,6,6,6,6,6,6,2,0,4,6,6,6,6,4,0,0,0,3,6,6,6,6,2,0,6,6,6,6,5,2,2,2,3,6,6,6,6,6,0,3,6,6,6,6,6,6,6,6,6,6,6,6,5,0,0,0,2,4,4,4,4,4,4,4,4,4,3,0,7,"mfeat-pixel","att60",0.9
0,0,0,0,0,0,0,0,5,5,4,1,0,0,0,0,0,0,0,0,0,0,4,6,6,6,3,0,0,0,0,0,0,0,0,0,3,6,6,6,5,1,0,0,0,0,0,0,0,0,5,6,6,6,6,0,0,0,0,-1.93,0,0,0,0,4,6,6,6,6,6,0,0,0,0,0,0,0,0,2,6,6,6,6,5,1,0,0,0,0,0,0,0,1,5,6,6,6,6,5,2,0,0,0,0,0,0,0,6,6,6,6,6,6,6,6,6,4,4,1,0,0,4,6,6,6,6,6,6,6,6,6,6,6,6,2,0,6,6,6,6,6,4,1,0,1,6,6,6,6,6,1,6,6,6,6,3,0,0,0,0,3,6,6,6,6,3,6,6,6,6,3,0,0,0,0,4,6,6,6,5,3,6,6,6,6,3,0,0,0,3,6,6,6,6,3,1,6,6,6,6,6,4,4,6,6,6,6,6,3,0,0,5,6,6,6,6,6,6,6,6,6,6,5,0,0,0,0,3,4,4,4,4,4,4,4,4,2,0,0,0,7,"mfeat-pixel","att60",0.9
0,0,0,0,0,5,6,6,4,6,6,6,4,4,3,0,0,0,0,0,6,6,6,6,6,6,6,6,6,5,0,0,0,0,0,6,6,6,5,3,2,3,4,3,0,0,0,0,0,2,6,6,5,0,0,0,0,0,0,-0.78,0,0,0,0,6,6,6,3,0,0,0,0,0,0,0,0,0,0,0,6,6,6,5,0,0,0,0,0,0,0,0,0,0,0,6,6,6,3,0,1,2,1,0,0,0,0,0,0,3,6,6,6,5,5,6,6,6,3,0,0,0,0,0,4,6,6,6,6,6,6,6,6,6,0,0,0,0,0,6,6,6,6,6,6,6,6,6,6,4,0,0,0,0,6,6,6,6,6,6,3,3,6,6,6,3,0,0,0,6,6,6,6,6,1,0,0,6,6,6,1,0,0,1,6,6,6,6,6,0,0,5,6,6,6,0,0,1,5,6,6,6,6,6,5,5,6,6,6,6,3,1,6,6,6,6,6,6,6,6,6,6,6,6,3,0,1,4,4,4,4,4,4,4,4,4,4,3,1,0,0,7,"mfeat-pixel","att60",0.9
1,4,6,6,2,0,0,0,0,0,0,0,0,0,0,1,6,6,6,4,0,0,0,0,0,0,0,0,0,0,0,5,6,6,6,0,0,0,0,0,0,0,0,0,0,0,3,6,6,4,0,0,0,0,0,0,0,0,0,2.8,0,6,6,6,5,2,4,4,5,5,1,0,0,0,0,0,6,6,6,6,6,6,6,6,6,6,5,1,0,0,0,6,6,6,6,6,6,5,5,6,6,6,6,2,0,0,6,6,6,6,5,3,0,0,4,6,6,6,3,0,0,6,6,6,6,0,0,0,0,0,6,6,6,6,0,0,4,6,6,6,0,0,0,0,0,6,6,6,6,2,0,3,6,6,6,4,0,0,0,0,5,6,6,6,3,0,1,6,6,6,6,4,0,0,0,4,6,6,6,2,0,0,2,6,6,6,6,1,0,0,6,6,6,5,0,0,0,0,2,6,6,6,5,2,5,6,6,6,3,0,0,0,0,0,5,6,6,6,6,6,6,6,6,1,0,0,0,0,0,0,1,4,4,4,4,4,4,3,0,0,7,"mfeat-pixel","att60",0.9
0,0,0,0,0,0,0,2,4,5,6,3,0,0,0,0,0,0,0,0,1,5,6,6,6,6,6,0,0,0,0,0,0,0,0,4,6,6,6,6,6,2,0,0,0,0,0,0,0,5,6,6,6,6,5,1,0,0,0,-0.1,0,0,1,5,6,6,6,6,4,0,0,0,0,0,0,0,3,6,6,6,6,6,6,1,0,0,0,0,0,0,0,6,6,6,6,6,6,6,6,4,3,1,0,0,0,0,6,6,6,6,6,6,6,6,6,6,6,3,0,0,0,6,6,6,6,6,6,4,5,6,6,6,6,5,1,0,6,6,6,6,6,3,0,0,3,6,6,6,6,5,1,6,6,6,6,6,1,0,0,0,3,6,6,6,6,3,6,6,6,6,4,0,0,0,2,6,6,6,6,6,1,6,6,6,6,6,2,0,0,4,6,6,6,6,5,0,4,6,6,6,6,4,0,3,6,6,6,6,6,1,0,0,4,6,6,6,6,6,6,6,6,6,6,4,0,0,0,0,3,4,4,4,4,4,4,4,4,3,0,0,7,"mfeat-pixel","att60",0.9
0,0,0,1,4,4,4,4,4,6,4,1,0,0,0,0,0,3,6,6,6,6,6,6,6,6,2,0,0,0,0,2,6,6,6,6,4,3,1,0,0,0,0,0,0,0,3,6,6,6,1,0,0,0,0,0,0,0,0,2.41,0,3,6,6,6,0,0,0,0,0,0,0,0,0,0,0,5,6,6,6,0,0,0,0,0,0,0,0,0,0,3,6,6,6,6,0,0,0,0,0,0,0,0,0,0,3,6,6,6,5,0,0,0,0,0,0,0,0,0,0,3,6,6,6,4,0,1,2,2,4,4,3,2,0,0,3,6,6,6,6,6,6,6,6,6,6,6,6,5,0,5,6,6,6,6,3,2,1,0,1,5,6,6,6,5,3,6,6,6,4,0,0,0,0,0,0,6,6,6,6,3,6,6,6,5,0,0,0,0,1,5,6,6,6,6,3,6,6,6,6,5,4,6,6,6,6,6,6,6,3,1,5,6,6,6,6,6,6,6,6,5,4,2,0,0,0,0,0,2,4,4,4,3,2,2,0,0,0,0,0,7,"mfeat-pixel","att60",0.9
0,0,0,3,6,6,2,0,0,0,0,0,0,0,0,0,0,4,6,6,6,6,0,0,0,0,0,0,0,0,0,0,6,6,6,6,5,0,0,0,0,0,0,0,0,0,0,6,6,6,6,3,0,0,0,0,0,0,0,0.54,0,2,6,6,6,6,3,0,0,0,0,0,0,0,0,0,6,6,6,6,6,3,0,0,0,0,0,0,0,0,0,6,6,6,6,5,0,0,0,0,0,0,0,0,0,0,6,6,6,6,5,1,0,2,2,2,2,1,0,0,4,6,6,6,6,6,6,6,6,6,6,6,6,3,0,6,6,6,6,6,6,6,6,6,6,6,6,6,6,4,6,6,6,6,6,5,2,2,0,0,3,6,6,6,6,6,6,6,6,6,3,0,0,0,0,2,6,6,6,5,6,6,6,6,6,3,0,0,0,1,5,6,6,6,3,6,6,6,6,6,5,1,0,3,6,6,6,6,5,0,6,6,6,6,6,6,6,6,6,6,6,6,6,0,0,3,4,4,4,4,4,4,4,4,4,4,4,3,0,0,7,"mfeat-pixel","att60",0.9
0,0,0,0,0,3,6,5,2,3,6,3,0,0,0,0,0,0,1,5,6,6,6,6,6,6,6,0,0,0,0,0,1,5,6,6,5,2,0,0,1,1,0,0,0,0,0,3,6,6,5,0,0,0,0,0,0,0,0,0.25,0,0,4,6,5,1,0,0,0,0,0,0,0,0,0,2,6,6,6,1,0,0,0,0,0,0,0,0,0,0,3,6,6,6,0,0,0,0,0,0,0,0,0,0,0,3,6,6,6,0,0,0,0,0,0,0,0,0,0,0,4,6,6,6,1,1,2,3,4,4,4,1,0,0,0,6,6,6,6,6,6,6,6,6,6,6,6,5,3,0,6,6,6,6,6,6,6,6,4,4,6,6,6,6,5,6,6,6,6,5,2,1,0,0,0,1,5,6,6,6,3,6,6,6,5,1,0,0,0,0,1,5,6,6,6,3,6,6,6,6,6,6,6,6,6,6,6,5,2,1,1,5,6,6,6,6,6,6,6,6,6,6,2,0,0,0,0,1,4,4,4,4,4,3,2,2,1,0,0,0,7,"mfeat-pixel","att60",0.9
0,0,0,0,0,0,0,0,2,0,0,0,0,0,0,0,0,0,3,6,6,5,5,6,2,0,0,0,0,0,0,0,2,6,6,6,6,5,1,0,0,0,0,0,0,0,0,3,6,6,6,4,0,0,0,0,0,0,0,2.14,0,1,6,6,6,6,2,0,0,0,0,0,0,0,0,0,3,6,6,6,4,0,0,0,0,0,0,0,0,0,1,6,6,6,6,0,0,0,0,0,0,0,0,0,0,3,6,6,6,6,3,0,0,0,0,0,0,0,0,0,4,6,6,6,6,4,0,0,2,2,1,0,0,0,0,5,6,6,6,6,6,6,6,6,6,6,5,3,0,0,3,6,6,6,6,6,6,6,6,6,6,6,6,5,0,3,6,6,6,6,6,3,0,0,1,5,6,6,6,5,2,6,6,6,6,6,0,0,0,0,4,6,6,6,6,0,4,6,6,6,6,5,2,3,5,6,6,6,6,2,0,2,6,6,6,6,6,6,6,6,6,6,5,1,0,0,0,3,4,4,4,4,4,4,4,4,3,0,0,0,7,"mfeat-pixel","att60",0.9
0,0,0,0,0,0,2,5,6,3,0,0,0,0,0,0,0,0,0,5,6,6,6,6,4,0,0,0,0,0,0,0,0,2,6,6,6,6,6,0,0,0,0,0,0,0,0,0,6,6,6,6,5,1,0,0,0,0,0,0.73,0,0,1,6,6,6,6,0,0,0,0,0,0,0,0,0,0,5,6,6,6,6,0,0,0,0,0,0,0,0,0,2,6,6,6,6,1,0,0,0,0,0,0,0,0,0,6,6,6,6,6,1,0,0,0,0,0,0,0,0,0,6,6,6,6,6,6,4,3,0,0,0,0,0,0,0,6,6,6,6,6,6,6,6,6,4,4,1,0,0,1,6,6,6,6,6,6,5,5,6,6,6,6,3,0,2,6,6,6,6,6,6,0,0,3,6,6,6,6,4,0,6,6,6,6,6,6,2,0,0,1,6,6,6,6,0,2,6,6,6,6,6,6,4,4,5,6,6,6,6,0,0,3,4,6,6,6,6,6,6,6,6,6,6,5,0,0,0,0,0,2,4,4,4,4,4,3,1,0,0,7,"mfeat-pixel","att60",0.9
0,0,0,0,0,2,6,5,0,0,0,0,0,0,0,0,0,0,0,0,5,6,4,0,0,0,0,0,0,0,0,0,0,0,4,6,6,3,0,0,0,0,0,0,0,0,0,0,2,6,6,6,2,0,0,0,0,0,0,-1.41,0,0,0,5,6,6,4,0,0,0,0,0,0,0,0,0,0,4,6,6,4,0,0,0,0,0,0,0,0,0,0,2,6,6,6,0,0,0,0,0,0,0,0,0,0,0,5,6,6,4,0,0,0,0,0,0,0,0,0,0,3,6,6,6,3,0,0,0,0,0,0,0,0,0,0,3,6,6,6,1,0,3,6,6,6,6,4,1,0,0,4,6,6,6,4,5,6,6,4,0,4,6,6,6,3,4,6,6,6,6,6,6,4,0,0,0,5,6,6,6,6,6,6,6,6,6,3,0,0,0,0,3,6,6,6,3,6,6,6,6,6,1,0,0,1,3,6,6,6,5,0,5,6,6,6,6,6,4,4,6,6,6,6,3,0,0,1,4,4,4,4,4,4,4,4,4,2,0,0,0,7,"mfeat-pixel","att60",0.9
0,0,0,0,0,0,0,1,4,4,4,3,0,0,0,0,0,0,0,0,0,2,6,6,6,6,5,0,0,0,0,0,0,0,0,0,3,6,6,6,5,1,0,0,0,0,0,0,0,0,3,6,6,6,3,0,0,0,0,1.71,0,0,0,0,5,6,6,6,3,0,0,0,0,0,0,0,0,0,5,6,6,6,4,0,0,0,0,0,0,0,0,0,5,6,6,6,6,0,0,0,0,0,0,0,0,0,1,6,6,6,6,6,5,4,4,3,0,0,0,0,0,5,6,6,6,6,6,6,6,6,6,6,3,0,0,0,6,6,6,6,6,6,6,6,6,6,6,6,5,0,1,6,6,5,1,0,0,0,2,5,6,6,6,6,2,5,6,6,5,0,0,0,0,0,0,1,6,6,6,6,6,6,6,6,1,0,0,0,0,0,1,6,6,6,6,6,6,6,6,6,4,2,1,1,4,6,6,6,6,5,3,6,6,6,6,6,6,6,6,6,6,6,6,5,1,0,1,3,4,4,4,4,4,4,4,4,4,3,0,0,7,"mfeat-pixel","att60",0.9
0,0,0,0,2,6,5,1,0,0,0,0,0,0,0,0,0,0,0,3,6,6,5,0,0,0,0,0,0,0,0,0,0,0,3,6,6,4,0,0,0,0,0,0,0,0,0,0,0,3,6,6,0,0,0,0,0,0,0,-2.33,0,0,0,0,5,6,5,0,0,0,0,0,0,0,0,0,0,0,3,6,6,3,0,0,0,0,0,0,0,0,0,0,0,5,6,6,3,0,0,0,0,0,0,0,0,0,0,3,6,6,6,4,0,0,0,0,0,0,0,0,0,0,3,6,6,6,6,5,4,4,3,2,0,0,0,0,3,6,6,6,6,6,6,6,6,6,6,6,3,0,3,6,6,6,6,6,5,3,2,2,5,6,6,6,5,3,6,6,6,4,0,0,0,0,0,0,4,6,6,6,6,6,6,6,3,0,0,0,0,0,0,4,6,6,6,6,6,6,6,6,4,4,4,4,4,6,6,6,6,3,6,6,6,6,6,6,6,6,6,6,6,6,6,5,1,1,4,4,4,4,4,4,4,4,4,4,4,2,0,0,7,"mfeat-pixel","att60",0.9
0,0,0,1,5,6,6,6,6,3,0,0,0,0,0,0,0,2,6,6,6,3,3,6,5,0,0,0,0,0,0,3,6,6,6,4,0,0,0,0,0,0,0,0,0,2,6,6,6,6,0,0,0,0,0,0,0,0,0,-2.22,3,6,6,6,6,0,0,0,0,0,0,0,0,0,0,3,6,6,6,6,0,0,0,0,0,0,0,0,0,0,3,6,6,6,5,0,0,0,0,0,0,0,0,0,0,3,6,6,6,3,0,0,0,0,0,0,0,0,0,0,3,6,6,6,3,0,0,0,0,0,0,0,0,0,0,3,6,6,6,5,2,4,4,5,6,5,3,2,0,0,3,6,6,6,6,6,6,6,6,6,6,6,6,5,1,6,6,6,6,6,6,6,5,3,3,6,6,6,6,6,4,6,6,6,6,4,0,0,0,1,6,6,6,6,6,2,6,6,6,6,6,4,4,4,6,6,6,6,5,1,0,1,5,6,6,6,6,6,6,6,6,6,5,1,0,0,0,0,2,4,4,4,4,4,4,4,2,0,0,0,7,"mfeat-pixel","att60",0.9
0,0,0,0,0,1,4,6,6,6,2,0,0,0,0,0,0,0,0,0,3,6,6,6,6,2,0,0,0,0,0,0,0,0,2,6,6,6,6,6,0,0,0,0,0,0,0,0,3,6,6,6,6,3,1,0,0,0,0,1.23,0,0,2,6,6,6,6,6,0,0,0,0,0,0,0,0,0,6,6,6,6,6,2,0,0,0,0,0,0,0,0,2,6,6,6,6,6,0,0,0,0,0,0,0,0,0,6,6,6,6,6,6,3,2,2,0,0,0,0,0,4,6,6,6,6,6,6,6,6,6,6,3,2,1,0,4,6,6,6,6,6,6,6,5,4,6,6,6,6,0,4,6,6,6,6,4,4,1,0,0,3,6,6,6,2,6,6,6,6,3,0,0,0,0,0,0,6,6,6,6,6,6,6,6,3,0,0,0,0,0,2,6,6,6,4,4,6,6,6,4,0,0,0,2,2,5,6,6,6,2,0,5,6,6,6,6,6,6,6,6,6,3,0,0,0,0,0,3,4,4,4,4,3,1,0,0,0,0,0,0,7,"mfeat-pixel","att60",0.9
0,3,6,6,6,3,0,0,0,0,0,0,0,0,0,5,6,6,6,6,3,0,0,0,0,0,0,0,0,0,4,6,6,6,1,0,0,0,0,0,0,0,0,0,0,0,6,6,6,5,0,0,0,0,0,0,0,0,0,-1.36,4,6,6,5,1,0,0,0,0,0,0,0,0,0,0,6,6,6,4,0,0,0,0,0,0,0,0,0,0,0,6,6,6,6,6,6,6,6,6,3,0,0,0,0,0,6,6,6,5,2,3,5,6,6,6,5,1,0,0,0,6,6,6,3,0,0,0,2,4,6,6,5,1,0,0,6,6,6,3,0,0,0,0,0,1,6,6,6,3,0,6,6,6,3,0,0,0,0,0,0,6,6,6,6,3,6,6,6,3,0,0,0,0,0,0,6,6,6,6,0,2,6,6,4,0,0,0,0,0,0,5,6,6,6,0,0,6,6,6,5,0,0,0,0,1,5,6,6,6,0,0,5,6,6,6,5,4,4,4,6,6,6,6,2,0,0,0,3,4,4,4,4,4,4,4,4,4,4,0,0,7,"mfeat-pixel","att60",0.9
0,0,0,0,0,0,5,6,6,6,6,3,0,0,0,0,0,0,0,1,5,6,6,6,6,4,0,0,0,0,0,0,0,0,3,6,6,6,6,6,2,0,0,0,0,0,0,1,2,5,6,6,6,5,1,0,0,0,0,-2.09,0,5,6,6,6,6,6,4,0,0,0,0,0,0,0,0,6,6,6,6,6,6,3,0,0,0,0,0,0,0,0,6,6,6,6,6,6,3,0,0,0,0,0,0,0,0,6,6,6,6,6,3,0,0,0,0,0,0,0,0,0,6,6,6,6,6,3,0,0,0,0,0,0,0,0,0,6,6,6,6,6,6,6,4,4,3,2,0,0,0,0,6,6,6,6,6,6,6,6,6,6,6,6,3,0,0,6,6,6,6,6,5,4,6,6,6,6,6,6,1,0,6,6,6,6,6,0,0,1,6,6,6,6,6,5,1,6,6,6,6,6,5,2,3,6,6,6,6,6,6,3,6,6,6,6,6,6,6,6,6,6,6,6,6,5,0,3,4,4,4,4,4,4,4,4,4,4,4,3,0,7,"mfeat-pixel","att60",0.9
0,0,1,3,4,5,6,4,1,0,0,0,0,0,0,0,2,6,6,6,6,6,5,1,0,0,0,0,0,0,1,6,6,6,5,2,1,0,0,0,0,0,0,0,0,3,6,6,6,3,0,0,0,0,0,0,0,0,0,2.03,5,6,6,6,0,0,0,0,0,0,0,0,0,0,0,6,6,6,6,0,0,0,0,0,0,0,0,0,0,0,6,6,6,6,0,0,0,0,0,0,0,0,0,0,0,5,6,6,6,1,0,0,2,0,0,0,0,0,0,0,4,6,6,6,6,4,6,6,6,3,0,0,0,0,0,5,6,6,6,6,6,6,6,6,6,6,4,1,0,0,3,6,6,6,6,3,2,2,3,6,6,6,5,1,0,1,6,6,6,6,1,0,0,0,1,6,6,6,6,3,0,3,6,6,6,6,3,0,0,1,6,6,6,6,6,0,2,6,6,6,6,6,6,6,6,6,6,6,5,1,0,0,3,6,6,6,6,6,6,6,6,6,4,0,0,0,0,0,3,4,4,4,4,4,4,4,3,0,0,0,7,"mfeat-pixel","att60",0.9
0,0,0,0,0,1,5,6,2,0,0,0,0,0,0,0,0,0,0,0,3,6,6,3,0,0,0,0,0,0,0,0,0,0,0,3,6,6,3,0,0,0,0,0,0,0,0,0,0,0,3,6,6,3,0,0,0,0,0,1.63,0,0,0,0,1,5,6,6,3,0,0,0,0,0,0,0,0,0,0,6,6,6,6,3,0,0,0,0,0,0,0,0,0,0,6,6,6,6,3,0,0,0,0,0,0,0,0,0,2,6,6,6,6,6,4,4,1,0,0,0,0,0,3,6,6,6,6,6,6,6,6,6,5,1,0,0,3,6,6,6,6,6,4,4,6,6,6,6,6,0,0,6,6,6,6,5,1,0,0,0,3,6,6,6,4,1,6,6,6,6,3,0,0,0,0,0,6,6,6,6,5,6,6,6,6,2,0,0,0,0,0,6,6,6,6,6,6,6,6,6,3,0,0,0,2,5,6,6,6,6,4,6,6,6,6,6,6,6,6,6,6,6,6,6,4,0,3,4,4,4,4,4,4,4,4,4,4,4,3,0,7,"mfeat-pixel","att60",0.9
0,0,0,0,0,0,0,0,0,3,4,6,6,5,0,0,0,0,0,0,0,0,0,0,6,6,6,6,3,0,0,0,0,0,0,0,0,0,3,6,6,6,4,0,0,0,0,0,0,0,0,0,3,6,6,6,5,0,0,1.49,0,0,0,0,0,0,5,6,6,6,3,0,0,0,0,0,0,0,0,0,1,6,6,6,3,0,0,0,0,0,0,0,0,0,3,6,6,6,6,6,4,3,0,0,0,0,0,0,3,6,6,6,6,6,6,6,6,3,0,0,0,0,3,6,6,6,5,5,6,6,6,6,6,4,0,0,5,6,6,6,4,0,0,0,1,5,6,6,6,3,3,6,6,6,5,0,0,0,0,0,3,6,6,6,3,4,6,6,6,3,0,0,0,0,0,4,6,6,6,3,5,6,6,6,5,1,0,0,1,5,6,6,6,6,3,3,6,6,6,6,6,4,6,6,6,6,6,5,4,1,1,4,5,6,6,6,6,6,6,6,5,1,0,0,0,0,0,0,3,4,4,4,2,2,1,0,0,0,0,0,7,"mfeat-pixel","att60",0.9
5,6,6,6,6,6,6,6,6,6,6,6,2,0,0,3,6,6,6,6,6,6,6,6,6,6,5,1,0,0,5,6,6,6,6,3,0,0,0,0,0,0,0,0,0,5,6,6,6,3,0,0,0,0,0,0,0,0,0,0.19,3,6,6,6,4,0,0,0,0,0,0,0,0,0,0,0,6,6,6,6,0,0,0,0,0,0,0,0,0,0,0,6,6,6,6,3,2,4,4,3,0,0,0,0,0,0,6,6,6,6,6,6,6,6,6,5,2,1,0,0,0,6,6,6,6,6,6,6,6,6,6,6,6,3,0,0,2,6,6,6,6,6,5,2,3,6,6,6,6,3,0,2,6,6,6,6,4,0,0,0,6,6,6,6,6,0,3,6,6,6,6,5,0,0,0,3,6,6,6,5,0,1,6,6,6,6,4,0,0,3,6,6,6,6,3,0,0,6,6,6,6,6,6,6,6,6,6,6,6,2,0,0,5,6,6,6,6,6,6,6,6,6,5,1,0,0,0,0,3,4,4,4,4,4,4,3,1,0,0,0,7,"mfeat-pixel","att60",0.9
0,0,0,0,0,3,4,3,0,0,0,0,0,0,0,0,0,0,0,1,6,6,6,5,0,0,0,0,0,0,0,0,0,0,5,6,6,6,6,0,0,0,0,0,0,0,0,0,0,6,6,6,6,2,0,0,0,0,0,-0.33,0,0,0,4,6,6,6,6,0,0,0,0,0,0,0,0,0,0,6,6,6,6,6,0,0,0,0,0,0,0,0,0,0,6,6,6,6,4,0,0,0,0,0,0,0,0,0,4,6,6,6,6,6,6,3,1,0,0,0,0,0,4,6,6,6,6,6,6,6,6,6,5,1,0,0,2,6,6,6,6,6,6,6,6,6,6,6,6,5,0,6,6,6,6,6,5,2,2,3,6,6,6,6,3,0,3,6,6,6,6,0,0,0,0,6,6,6,6,0,0,6,6,6,6,6,0,0,0,3,6,6,6,6,0,0,6,6,6,6,6,3,3,5,6,6,6,6,4,0,0,4,6,6,6,6,6,6,6,6,6,6,4,0,0,0,0,4,4,4,4,4,4,4,4,4,3,0,0,0,0,7,"mfeat-pixel","att60",0.9
0,0,0,0,1,5,6,3,0,0,0,0,0,0,0,0,0,0,1,6,6,6,6,0,0,0,0,0,0,0,0,0,0,3,6,6,6,5,0,0,0,0,0,0,0,0,0,0,4,6,6,6,1,0,0,0,0,0,0,2.09,0,0,3,6,6,6,4,0,0,0,0,0,0,0,0,0,0,5,6,6,6,2,0,0,0,0,0,0,0,0,0,0,6,6,6,4,0,1,2,2,0,0,0,0,0,0,4,6,6,6,6,6,6,6,6,5,2,1,0,0,0,6,6,6,6,6,6,6,6,6,6,6,6,2,0,2,6,6,6,6,4,4,4,4,6,6,6,6,6,0,6,6,6,6,3,0,0,0,0,3,6,6,6,6,1,3,6,6,6,4,0,0,0,0,0,6,6,6,6,2,5,6,6,6,6,5,3,1,0,3,6,6,6,6,0,1,5,6,6,6,6,6,6,6,6,6,6,6,6,0,0,0,3,5,5,5,6,6,6,6,6,6,6,3,0,0,0,0,0,0,0,1,3,4,4,4,2,0,0,0,7,"mfeat-pixel","att60",0.9
0,0,0,0,0,0,0,0,0,0,0,0,0,0,0,0,0,0,0,0,0,0,0,1,5,6,6,6,6,3,0,0,0,0,0,0,0,3,6,6,6,6,6,6,5,0,0,0,0,0,0,1,6,6,6,6,1,0,0,-0.2,0,0,0,0,0,0,5,6,6,6,2,0,0,0,0,0,0,0,0,0,5,6,6,6,2,0,0,0,0,0,0,0,0,1,5,6,6,6,5,0,0,0,0,0,0,0,0,1,5,6,6,6,6,5,1,0,0,0,0,0,0,0,5,6,6,6,6,6,6,6,6,6,6,5,0,0,1,6,6,6,5,2,3,6,6,6,6,6,6,0,0,3,6,6,5,0,0,0,0,1,5,6,6,6,0,0,5,6,6,3,0,0,0,0,0,3,6,6,6,0,0,6,6,6,3,0,0,0,0,0,3,6,6,6,1,1,6,6,6,5,2,2,0,2,3,6,6,6,6,3,3,6,6,6,6,6,6,6,6,6,6,6,6,5,0,0,3,4,4,4,4,4,4,4,4,4,4,4,0,0,7,"mfeat-pixel","att60",0.9
0,0,3,6,6,5,0,0,0,0,0,0,0,0,0,0,4,6,6,6,6,0,0,0,0,0,0,0,0,0,0,6,6,6,6,5,0,0,0,0,0,0,0,0,0,0,6,6,6,6,1,0,0,0,0,0,0,0,0,0.52,1,6,6,6,6,0,0,0,0,0,0,0,0,0,0,2,6,6,6,6,0,0,0,0,0,0,0,0,0,0,1,6,6,6,3,0,1,3,4,3,1,0,0,0,0,5,6,6,6,6,4,6,6,6,6,6,6,3,0,0,5,6,6,6,6,6,6,6,6,6,6,6,6,5,0,1,6,6,6,6,6,6,4,4,6,6,6,6,6,0,0,6,6,6,6,5,1,0,0,3,6,6,6,6,1,0,4,6,6,6,3,0,0,0,3,6,6,6,6,3,0,0,6,6,6,6,0,0,0,4,6,6,6,6,1,0,0,6,6,6,6,3,3,5,6,6,6,6,4,0,0,0,5,6,6,6,6,6,6,6,6,6,4,0,0,0,0,0,3,4,4,4,4,4,4,4,4,1,0,0,7,"mfeat-pixel","att60",0.9
0,0,0,0,0,3,6,6,6,5,0,0,0,0,0,0,0,0,0,0,6,6,6,6,4,0,0,0,0,0,0,0,0,0,3,6,6,6,6,3,0,0,0,0,0,0,0,0,0,3,6,6,6,6,3,0,0,0,0,-1.25,0,0,0,1,6,6,6,6,3,0,0,0,0,0,0,0,0,0,4,6,6,6,3,0,0,0,0,0,0,0,0,0,5,6,6,6,3,0,0,0,0,0,0,0,0,0,2,6,6,6,6,6,3,0,0,0,0,0,0,0,1,6,6,6,6,6,6,6,6,6,6,5,3,0,0,5,6,6,6,6,6,6,6,6,6,6,6,6,5,0,3,6,6,6,6,3,2,3,6,6,6,6,6,6,0,5,6,6,6,5,0,0,0,1,5,6,6,6,6,3,6,6,6,6,3,0,0,0,1,5,6,6,6,6,2,6,6,6,6,6,4,4,5,6,6,6,6,6,6,0,3,6,6,6,6,6,6,6,6,6,6,6,4,1,0,0,0,0,0,2,2,2,3,4,4,4,1,0,0,0,7,"mfeat-pixel","att60",0.9
0,1,3,4,4,4,4,4,4,4,4,4,4,1,0,5,6,6,6,6,6,6,6,6,6,6,6,6,3,0,4,6,6,6,6,6,5,4,4,4,4,4,3,0,0,3,6,6,6,6,4,0,0,0,0,0,0,0,0,-1.81,0,6,6,6,6,3,0,0,0,0,0,0,0,0,0,0,5,6,6,6,6,1,0,0,0,0,0,0,0,0,0,1,6,6,6,6,6,4,4,4,3,1,0,0,0,0,0,4,6,6,6,6,6,6,6,6,6,3,0,0,0,0,4,6,6,6,6,6,6,6,6,6,6,4,0,0,0,6,6,6,6,6,6,6,6,6,6,6,6,1,0,0,6,6,6,6,6,6,3,1,5,6,6,6,5,0,0,3,6,6,6,6,4,0,0,0,6,6,6,6,0,0,3,6,6,6,6,3,0,1,5,6,6,6,6,0,0,3,6,6,6,6,6,4,6,6,6,6,6,6,0,0,3,6,6,6,6,6,6,6,6,6,4,2,1,0,0,0,3,4,4,4,4,4,4,3,1,0,0,0,7,"mfeat-pixel","att60",0.9
0,0,0,0,0,0,0,0,0,0,0,2,4,3,0,0,0,0,0,0,0,0,0,0,0,5,6,6,6,0,0,0,0,0,0,0,0,0,2,5,6,6,6,3,0,0,0,0,0,0,0,3,6,6,6,6,4,1,0,-2.45,0,0,0,0,0,0,6,6,6,6,1,0,0,0,0,0,0,0,0,0,3,6,6,6,6,0,0,0,0,0,0,0,0,0,5,6,6,6,6,6,1,0,0,0,0,0,0,0,3,6,6,6,6,6,6,6,3,0,0,0,0,0,5,6,6,6,6,6,6,6,6,6,5,1,0,0,2,6,6,6,6,5,2,3,6,6,6,6,5,0,1,6,6,6,6,3,0,0,0,5,6,6,6,6,3,5,6,6,6,6,0,0,0,0,3,6,6,6,6,3,4,6,6,6,6,0,0,0,3,6,6,6,6,6,3,0,6,6,6,6,5,2,5,6,6,6,6,6,4,0,0,5,6,6,6,6,6,6,6,6,6,6,6,0,0,0,0,3,4,4,4,4,4,4,4,4,4,3,0,0,7,"mfeat-pixel","att60",0.9
0,0,0,0,0,1,4,5,5,3,0,0,0,0,0,0,0,0,0,1,5,6,6,6,4,0,0,0,0,0,0,0,0,0,2,6,6,6,6,3,0,0,0,0,0,0,0,0,0,3,6,6,6,4,0,0,0,0,0,-0.9,0,0,0,2,6,6,6,3,0,0,0,0,0,0,0,0,0,0,6,6,6,6,0,0,0,0,0,0,0,0,0,0,4,6,6,6,6,4,0,2,4,3,0,0,0,0,0,6,6,6,6,6,6,6,6,6,6,4,0,0,0,2,6,6,6,5,4,4,5,6,6,6,6,1,0,0,6,6,6,1,0,0,0,0,4,6,6,6,5,0,3,6,6,6,5,1,0,0,0,0,3,6,6,6,4,1,6,6,6,6,3,0,0,0,0,0,6,6,6,6,2,6,6,6,6,5,1,0,0,0,0,6,6,6,4,2,6,6,6,6,6,6,3,3,4,5,6,6,3,0,0,1,5,6,6,6,6,6,6,6,6,6,3,0,0,0,0,0,3,4,4,4,4,4,4,4,3,0,0,0,7,"mfeat-pixel","att60",0.9
0,0,1,4,4,6,6,5,1,0,0,0,0,0,0,0,1,5,6,6,6,6,6,2,0,0,0,0,0,0,2,6,6,6,6,6,5,1,0,0,0,0,0,0,0,4,6,6,6,6,6,0,0,0,0,0,0,0,0,1.58,6,6,6,6,6,3,0,0,0,0,0,0,0,0,0,4,6,6,6,6,5,2,2,2,1,0,0,2,0,0,6,6,6,6,6,6,6,6,6,6,6,6,6,3,0,3,6,6,6,6,6,5,5,6,6,6,6,6,4,0,2,6,6,6,6,6,0,0,3,6,6,6,6,6,2,0,4,6,6,6,6,0,0,0,5,6,6,6,6,3,0,3,6,6,6,6,0,0,0,4,6,6,6,5,1,0,3,6,6,6,6,0,1,5,6,6,6,3,0,0,0,6,6,6,6,6,6,6,6,6,6,6,0,0,0,0,4,6,6,6,6,6,6,6,6,6,5,0,0,0,0,0,5,6,6,6,6,6,5,3,0,0,0,0,0,0,0,0,3,4,4,2,0,0,0,0,0,0,0,0,7,"mfeat-pixel","att60",0.9
0,0,0,0,0,1,4,6,4,4,1,0,0,0,0,0,0,0,0,0,4,6,6,6,6,2,0,0,0,0,0,0,0,0,2,6,6,6,3,1,0,0,0,0,0,0,0,0,0,3,6,6,6,0,0,0,0,0,0,0.03,0,0,0,0,3,6,6,6,0,0,0,0,0,0,0,0,0,0,1,6,6,6,5,0,0,0,0,0,0,0,0,0,0,4,6,6,6,3,0,0,0,0,0,0,0,0,0,0,6,6,6,6,5,2,2,1,0,0,0,0,0,0,5,6,6,6,6,6,6,6,6,5,2,0,0,0,0,6,6,6,6,6,6,6,6,6,6,6,5,1,0,0,4,6,6,6,4,4,4,5,6,6,6,6,3,0,0,5,6,6,4,0,0,0,0,6,6,6,6,1,0,2,6,6,6,6,5,0,0,0,6,6,6,6,5,0,3,6,6,6,6,6,3,2,3,6,6,6,6,6,2,6,6,6,6,6,6,6,6,6,6,6,6,6,3,0,3,4,4,4,4,4,4,4,4,4,4,4,1,0,7,"mfeat-pixel","att60",0.9
0,0,0,2,5,5,4,3,1,0,0,0,0,0,0,0,0,5,6,6,6,6,6,6,0,0,0,0,0,0,0,2,6,6,6,6,6,5,1,0,0,0,0,0,0,1,6,6,6,6,6,6,1,0,0,0,0,0,0,1.01,5,6,6,6,6,6,6,3,0,0,0,0,0,0,0,6,6,6,6,6,6,6,6,6,6,3,0,0,0,0,6,6,6,6,6,6,6,6,6,6,6,5,1,0,0,6,6,6,6,6,5,2,5,6,6,6,6,6,2,0,4,6,6,6,6,3,0,0,6,6,6,6,6,6,2,0,6,6,6,6,3,0,0,1,5,6,6,6,6,6,0,6,6,6,6,4,0,0,0,3,6,6,6,6,6,0,6,6,6,6,6,5,0,0,3,6,6,6,6,6,0,5,6,6,6,6,6,0,0,0,5,6,6,6,6,0,1,6,6,6,6,6,5,1,0,4,6,6,6,5,0,0,3,5,6,6,6,6,6,6,6,6,6,5,1,0,0,0,0,2,4,4,4,4,4,4,4,3,0,0,7,"mfeat-pixel","att60",0.9
0,0,0,0,0,1,5,5,3,0,0,0,0,0,0,0,0,0,2,6,6,6,6,6,3,0,0,0,0,0,0,0,0,3,6,6,6,6,5,0,0,0,0,0,0,0,0,3,6,6,6,6,4,0,0,0,0,0,0,-2.38,0,3,6,6,6,6,5,1,0,0,0,0,0,0,0,0,3,6,6,6,6,5,0,0,0,0,0,0,0,0,0,4,6,6,6,6,6,0,0,0,0,0,0,0,0,0,6,6,6,6,6,1,0,0,0,0,0,0,0,0,0,6,6,6,6,6,0,0,0,0,0,0,0,0,0,1,6,6,6,6,6,3,2,2,2,2,2,2,0,0,3,6,6,6,6,6,6,6,6,6,6,6,6,5,0,3,6,6,6,6,6,6,4,4,5,6,6,6,6,1,1,6,6,6,6,6,3,0,0,0,4,6,6,6,5,0,6,6,6,6,6,6,4,2,3,6,6,6,6,6,0,1,5,6,6,6,6,6,6,6,6,6,6,6,2,0,0,0,0,1,3,4,4,4,4,4,4,4,3,0,7,"mfeat-pixel","att60",0.9
1,4,3,0,0,0,0,0,0,0,0,0,0,0,0,5,6,6,2,0,0,0,0,0,0,0,0,0,0,0,4,6,6,1,0,0,0,1,2,2,0,0,0,0,0,0,5,6,5,1,0,3,6,6,6,5,0,0,0,-2.2,0,1,6,6,6,6,6,6,6,6,6,5,0,0,0,0,0,6,6,6,6,6,6,6,6,6,6,5,0,0,0,0,5,6,6,6,6,6,4,6,6,6,6,3,0,0,0,1,6,6,6,6,1,0,1,6,6,6,5,0,0,0,0,1,6,6,6,4,0,0,1,6,6,6,3,0,0,0,0,1,6,6,6,0,0,0,1,6,6,3,0,0,0,0,0,4,6,6,2,0,0,0,6,6,3,0,0,0,0,0,0,6,6,6,1,0,0,6,6,5,0,0,0,0,0,0,4,6,6,6,3,3,6,6,1,0,0,0,0,0,0,1,5,6,6,6,6,6,4,0,0,0,0,0,0,0,0,1,5,6,6,6,6,2,0,0,0,0,0,0,0,0,0,0,3,4,4,3,0,0,7,"mfeat-pixel","att60",0.9
0,0,0,0,3,6,6,6,4,4,1,0,0,0,0,0,0,1,5,6,6,6,6,6,6,6,2,0,0,0,0,1,6,6,6,6,6,6,6,6,6,2,0,0,0,2,6,6,6,6,6,6,3,2,1,0,0,0,0,0.07,3,6,6,6,6,6,3,0,0,0,0,0,0,0,0,6,6,6,6,6,3,0,0,0,0,0,0,0,0,0,6,6,6,6,6,6,4,4,4,4,2,0,0,0,0,6,6,6,6,6,6,6,6,6,6,6,6,5,0,0,6,6,6,6,6,6,6,6,6,6,6,6,6,5,0,6,6,6,6,6,6,6,6,4,5,6,6,6,6,5,6,6,6,6,6,4,0,0,0,0,6,6,6,6,6,2,6,6,6,6,3,0,0,0,0,6,6,6,6,2,0,6,6,6,6,4,0,0,0,3,6,6,6,6,0,0,6,6,6,6,6,5,4,5,6,6,6,6,3,0,0,1,5,6,6,6,6,6,6,6,6,5,1,0,0,0,0,0,0,3,4,4,4,4,4,1,0,0,0,0,7,"mfeat-pixel","att60",0.9
0,0,0,0,1,4,4,4,3,0,0,0,0,0,0,0,0,0,2,6,6,6,6,6,3,0,0,0,0,0,0,0,0,3,6,6,6,6,6,2,0,0,0,0,0,0,0,3,6,6,6,6,5,1,0,0,0,0,0,0.04,0,0,6,6,6,6,6,2,0,0,0,0,0,0,0,0,3,6,6,6,6,1,0,0,0,0,0,0,0,0,0,4,6,6,6,5,0,0,0,0,0,0,0,0,0,1,6,6,6,6,3,0,0,0,0,0,0,0,0,0,3,6,6,6,6,6,3,2,2,3,4,4,2,0,0,1,6,6,6,6,6,6,6,6,6,6,6,6,6,5,5,6,6,6,6,5,4,2,2,5,6,6,6,6,6,6,6,6,6,4,0,0,0,0,0,5,6,6,6,6,6,6,6,6,3,0,0,0,0,0,4,6,6,6,6,6,6,6,6,6,4,4,4,4,5,6,6,6,6,6,4,6,6,6,6,6,6,6,6,6,6,6,6,6,3,0,3,4,4,3,2,3,4,4,4,4,4,3,1,0,7,"mfeat-pixel","att60",0.9
0,0,0,0,0,5,6,6,6,2,0,0,0,0,0,0,0,0,0,0,6,6,6,6,2,0,0,0,0,0,0,0,0,1,5,6,6,6,6,0,0,0,0,0,0,0,0,0,4,6,6,6,6,5,0,0,0,0,0,-0.16,0,0,5,6,6,6,6,1,0,0,0,0,0,0,0,0,3,6,6,6,6,3,0,0,0,0,0,0,0,0,0,4,6,6,6,6,3,2,1,0,0,0,0,0,0,2,6,6,6,6,6,6,6,6,5,2,0,0,0,0,6,6,6,6,6,5,4,4,5,6,6,6,4,1,0,3,6,6,6,6,0,0,0,0,4,6,6,6,6,0,6,6,6,6,3,0,0,0,0,0,6,6,6,6,0,6,6,6,6,6,2,0,0,0,0,6,6,6,6,0,4,6,6,6,6,1,0,0,0,1,6,6,6,6,0,0,5,6,6,6,3,2,2,3,6,6,6,6,6,2,0,1,5,6,6,6,6,6,6,6,6,6,6,3,0,0,0,0,2,4,4,4,4,3,1,0,0,0,0,0,7,"mfeat-pixel","att60",0.9
0,5,6,6,4,6,6,4,4,4,3,0,0,0,0,0,6,6,6,6,6,6,6,6,6,5,0,0,0,0,3,6,6,6,6,5,2,2,0,0,0,0,0,0,0,1,6,6,6,6,1,0,0,0,0,0,0,0,0,-1.85,0,6,6,6,6,0,0,0,0,0,0,0,0,0,0,0,6,6,6,6,0,0,0,0,0,0,0,0,0,0,0,6,6,6,6,1,0,0,0,0,0,0,0,0,0,0,6,6,6,6,6,6,6,6,3,1,0,0,0,0,0,6,6,6,6,6,6,6,6,6,6,5,1,0,0,0,6,6,6,6,6,6,4,6,6,6,6,6,2,0,0,6,6,6,6,5,1,0,0,0,4,6,6,6,2,2,6,6,6,6,1,0,0,0,0,3,6,6,6,3,3,6,6,6,5,0,0,0,0,1,5,6,6,5,0,6,6,6,6,5,2,2,2,3,6,6,6,6,1,0,3,6,6,6,6,6,6,6,6,6,6,6,4,0,0,0,1,3,4,2,3,4,4,4,4,4,3,0,0,0,7,"mfeat-pixel","att60",0.9
0,0,0,0,0,0,0,1,4,5,6,5,0,0,0,0,0,0,0,0,0,0,4,6,6,6,3,0,0,0,0,0,0,0,0,0,3,6,6,6,2,0,0,0,0,0,0,0,0,0,4,6,6,6,2,0,0,0,0,-0.8,0,0,0,0,4,6,6,6,2,0,0,0,0,0,0,0,0,0,2,6,6,6,3,0,0,0,0,0,0,0,0,0,0,5,6,6,6,1,0,0,0,0,0,0,0,0,0,3,6,6,6,3,0,0,0,0,0,0,0,0,0,1,6,6,6,5,0,0,0,2,2,2,0,0,0,0,5,6,6,5,1,0,1,5,6,6,6,6,4,3,3,6,6,5,1,0,1,6,6,6,6,6,6,6,6,3,6,6,3,0,0,4,6,3,0,0,0,4,6,6,3,6,6,6,3,3,6,1,0,0,1,4,6,6,4,3,6,6,6,6,6,6,4,4,4,6,6,6,6,2,2,6,6,6,6,6,6,6,6,6,6,6,3,0,0,0,1,4,4,4,4,4,4,4,4,4,1,0,0,0,7,"mfeat-pixel","att60",0.9
0,0,0,0,0,0,0,0,0,1,3,6,6,2,0,0,0,0,0,0,0,0,3,6,6,6,6,3,0,0,0,0,0,0,0,0,4,6,6,6,6,1,0,0,0,0,0,0,0,1,5,6,6,6,5,1,0,0,0,-4.28,0,0,0,1,5,6,6,3,0,0,0,0,0,0,0,0,0,3,6,6,5,1,0,0,0,0,0,0,0,0,0,3,6,6,6,0,0,0,0,0,0,0,0,0,0,0,6,6,6,6,5,4,5,6,5,4,4,1,0,0,4,6,6,6,5,4,4,4,5,6,6,6,6,2,0,6,6,6,6,0,0,0,0,0,1,3,6,6,6,0,6,6,6,6,0,0,0,0,0,0,0,6,6,6,2,6,6,6,6,0,0,0,0,0,0,4,6,6,6,2,5,6,6,6,3,0,2,0,1,5,6,6,6,4,0,1,6,6,6,6,6,6,6,6,6,6,6,3,0,0,0,3,6,6,6,6,6,6,6,6,5,1,0,0,0,0,0,0,0,0,1,3,4,4,3,0,0,0,0,0,7,"mfeat-pixel","att60",0.9
0,0,0,1,4,3,0,0,0,0,0,0,0,0,0,0,0,0,6,6,6,2,0,0,0,0,0,0,0,0,0,0,3,6,6,5,0,0,0,0,0,0,0,0,0,0,3,6,6,6,1,0,0,0,0,0,0,0,0,-0.7,0,6,6,6,5,0,0,0,0,0,0,0,0,0,0,0,4,6,6,2,0,0,0,0,0,0,0,0,0,0,2,6,6,4,0,0,3,4,4,4,4,3,1,0,0,3,6,6,3,1,5,6,6,6,6,6,6,6,4,1,3,6,6,6,6,6,6,6,6,6,6,6,6,6,3,3,6,6,6,6,5,4,2,0,0,0,4,6,6,4,4,6,6,6,6,0,0,0,0,0,0,3,6,6,5,5,6,6,5,1,0,0,0,0,0,0,1,6,6,5,5,6,6,3,0,0,0,0,0,0,0,2,6,6,4,3,6,6,6,4,4,4,4,4,4,4,6,6,6,2,3,6,6,6,6,6,6,6,6,6,6,6,6,4,0,1,4,4,4,4,4,4,4,4,4,4,4,3,0,0,7,"mfeat-pixel","att60",0.9
1,4,4,4,6,5,1,0,0,0,0,0,0,0,0,1,6,6,6,6,6,3,0,0,0,0,0,0,0,0,0,4,6,6,6,6,3,0,0,0,0,0,0,0,0,0,3,6,6,6,6,1,0,0,0,0,0,0,0,3.87,0,6,6,6,6,6,0,0,0,0,0,0,0,0,0,0,4,6,6,6,4,0,0,0,0,0,0,0,0,0,0,1,6,6,6,4,0,0,0,0,0,0,0,0,0,0,3,6,6,6,6,2,0,0,0,0,0,0,0,0,0,4,6,6,6,6,4,0,0,0,0,0,0,0,0,0,6,6,6,6,6,6,6,6,5,4,4,3,0,0,0,6,6,6,6,6,6,6,6,6,6,6,6,5,1,0,6,6,6,6,6,6,6,6,6,6,6,6,6,5,4,6,6,6,6,6,6,6,6,6,6,6,6,6,4,6,6,6,6,6,6,6,6,6,6,6,6,6,6,0,2,6,6,6,6,6,6,6,6,6,6,6,6,2,0,0,3,4,4,4,4,4,4,4,4,4,4,3,0,0,7,"mfeat-pixel","att60",0.9
3,5,6,6,6,5,5,6,5,5,6,5,4,1,0,5,6,6,6,6,6,6,6,6,6,6,6,6,5,0,1,6,6,6,6,5,2,3,4,3,2,2,2,0,0,0,6,6,6,6,1,0,0,0,0,0,0,0,0,1.35,0,6,6,6,6,2,0,0,0,0,0,0,0,0,0,0,5,6,6,6,3,0,0,0,0,0,0,0,0,0,0,3,6,6,6,4,0,0,0,0,0,0,0,0,0,0,3,6,6,6,6,6,6,5,5,6,5,4,1,0,0,0,5,6,6,6,6,6,6,6,6,6,6,6,2,0,0,3,6,6,6,6,6,3,0,4,6,6,6,4,0,0,5,6,6,6,6,3,0,0,3,6,6,6,6,0,0,6,6,6,6,6,0,0,0,3,6,6,6,6,0,0,6,6,6,6,6,0,0,0,3,6,6,6,6,0,0,6,6,6,6,6,5,3,3,6,6,6,6,4,0,0,3,6,6,6,6,6,6,6,6,6,6,5,0,0,0,1,4,4,4,4,4,4,4,4,4,4,1,0,7,"mfeat-pixel","att60",0.9
0,0,0,0,0,0,0,3,6,6,6,3,0,0,0,0,0,0,0,0,0,2,6,6,6,6,4,0,0,0,0,0,0,0,3,4,6,6,6,6,3,0,0,0,0,0,0,0,4,6,6,6,6,6,2,0,0,0,0,2.79,0,0,1,6,6,6,6,6,3,0,0,0,0,0,0,0,5,6,6,6,6,6,4,0,0,0,0,0,0,0,0,3,6,6,6,6,6,0,0,0,0,0,0,0,0,1,5,6,6,6,6,6,5,4,4,4,3,0,0,0,3,6,6,6,6,6,6,6,6,6,6,6,6,3,0,5,6,6,6,6,6,6,4,6,6,6,6,6,6,5,6,6,6,6,6,6,2,0,0,2,3,6,6,6,6,6,6,6,6,6,3,0,0,0,0,0,6,6,6,6,4,6,6,6,6,3,0,0,0,0,3,6,6,6,6,0,4,6,6,6,6,3,2,3,6,6,6,6,6,2,0,0,5,6,6,6,6,6,6,6,6,6,5,1,0,0,0,0,3,4,4,4,4,4,4,4,3,0,0,0,7,"mfeat-pixel","att60",0.9
0,0,0,1,4,4,6,2,0,0,0,0,0,0,0,0,0,0,3,6,6,6,6,2,0,0,0,0,0,0,0,0,0,3,6,6,6,5,1,0,0,0,0,0,0,0,0,3,6,6,6,6,3,0,0,0,0,0,0,4.09,0,0,6,6,6,6,5,1,0,0,0,0,0,0,0,0,0,6,6,6,6,0,0,0,0,0,0,0,0,0,0,4,6,6,6,6,3,2,1,0,0,0,0,0,0,2,6,6,6,6,6,6,6,6,3,2,0,0,0,0,6,6,6,6,4,2,2,3,5,6,6,5,1,0,0,6,6,6,3,0,0,0,0,0,4,6,6,6,3,0,4,6,6,3,0,0,0,0,0,0,3,6,6,6,0,3,6,6,4,0,0,0,0,0,0,0,6,6,6,3,0,5,6,6,5,1,0,0,0,0,0,6,6,6,0,0,1,5,6,6,5,1,0,0,1,5,6,6,6,0,0,0,0,4,6,6,6,4,4,6,6,6,6,5,0,0,0,0,1,4,4,4,4,4,4,4,3,0,0,0,7,"mfeat-pixel","att60",0.9
0,0,0,0,1,4,4,6,6,6,5,0,0,0,0,0,0,0,0,6,6,6,6,6,6,5,0,0,0,0,0,0,0,0,6,6,6,6,6,6,1,0,0,0,0,0,0,0,0,6,6,6,6,6,2,0,0,0,0,2.82,0,0,0,2,6,6,6,6,6,0,0,0,0,0,0,0,0,0,6,6,6,6,6,4,0,0,0,0,0,0,0,0,0,6,6,6,6,6,1,0,0,0,0,0,0,0,0,4,6,6,6,6,6,6,4,1,0,0,0,0,0,1,6,6,6,6,6,6,6,6,6,3,0,0,0,0,5,6,6,6,6,5,4,6,6,6,6,5,1,0,4,6,6,6,6,3,0,0,1,6,6,6,6,6,1,5,6,6,6,6,1,0,0,0,2,6,6,6,6,2,3,6,6,6,6,5,1,0,1,3,6,6,6,5,0,1,6,6,6,6,6,6,6,6,6,6,6,6,1,0,0,2,6,6,6,6,6,6,6,6,6,6,4,0,0,0,0,1,2,4,4,4,4,4,4,4,3,0,0,0,7,"mfeat-pixel","att60",0.9
0,2,6,6,6,6,6,2,0,0,0,0,0,0,0,0,2,6,6,6,6,6,3,0,0,0,0,0,0,0,0,1,6,6,6,6,6,3,0,0,0,0,0,0,0,0,3,6,6,6,6,6,2,0,0,0,0,0,0,-3.02,0,4,6,6,6,5,1,0,0,0,0,0,0,0,0,0,6,6,6,6,3,0,0,0,0,0,0,0,0,0,0,6,6,6,6,5,1,0,0,0,0,0,0,0,0,0,6,6,6,6,6,6,5,4,4,4,3,2,1,0,0,6,6,6,6,6,6,6,6,6,6,6,6,6,0,2,6,6,6,6,6,6,5,2,5,6,6,6,6,0,3,6,6,6,6,6,4,0,0,3,6,6,6,6,0,4,6,6,6,6,6,2,0,0,3,6,6,6,6,3,6,6,6,6,6,1,0,0,0,1,6,6,6,6,1,5,6,6,6,6,3,2,2,2,5,6,6,6,6,0,0,3,6,6,6,6,6,6,6,6,6,6,6,4,0,0,0,0,3,4,4,4,4,4,4,4,4,3,0,0,7,"mfeat-pixel","att60",0.9
0,0,0,2,6,6,6,5,1,0,0,0,0,0,0,0,0,0,4,6,6,6,6,5,0,0,0,0,0,0,0,0,0,6,6,6,6,6,5,0,0,0,0,0,0,0,0,0,6,6,6,6,6,1,0,0,0,0,0,0.15,0,0,1,6,6,6,6,3,0,0,0,0,0,0,0,0,0,5,6,6,6,6,1,0,0,0,0,0,0,0,0,1,6,6,6,6,3,0,0,0,0,0,0,0,0,0,3,6,6,6,6,3,0,0,0,0,0,0,0,0,0,3,6,6,6,6,6,4,2,0,0,0,0,0,0,1,5,6,6,6,6,6,6,6,6,6,4,3,0,0,5,6,6,6,6,6,6,6,6,6,6,6,6,4,0,6,6,6,6,6,6,1,1,3,6,6,6,6,6,2,6,6,6,6,6,6,0,0,0,0,4,6,6,6,6,6,6,6,6,6,6,5,2,2,3,6,6,6,6,6,1,5,6,6,6,6,6,6,6,6,6,6,6,5,1,0,0,3,4,4,4,4,4,4,4,4,4,3,0,0,7,"mfeat-pixel","att60",0.9
6,6,6,2,0,0,0,0,0,0,0,0,0,0,0,6,6,6,6,0,0,0,0,0,0,0,0,0,0,0,5,6,6,6,3,0,0,0,0,0,0,0,0,0,0,3,6,6,6,3,0,0,0,0,0,0,0,0,0,1.26,1,6,6,6,6,0,0,0,0,0,0,0,0,0,0,0,6,6,6,6,1,0,0,0,0,0,0,0,0,0,0,1,5,6,6,6,1,0,2,1,0,0,0,0,0,0,0,2,6,6,6,6,6,6,6,6,3,0,0,0,0,0,0,4,6,6,6,6,6,6,6,6,3,0,0,0,0,0,3,6,6,6,6,6,6,6,6,6,3,0,0,0,0,2,6,6,6,6,6,5,5,6,6,6,3,0,0,0,0,6,6,6,6,6,3,2,6,6,6,4,0,0,0,0,1,5,6,6,6,5,3,4,6,6,6,0,0,0,0,0,0,6,6,6,6,6,6,6,6,6,0,0,0,0,0,0,2,6,6,6,6,6,6,6,5,0,0,0,0,0,0,0,1,4,4,4,4,4,3,0,7,"mfeat-pixel","att60",0.9
0,0,0,0,0,3,6,6,6,3,0,0,0,0,0,0,0,0,1,5,6,6,6,6,5,0,0,0,0,0,0,0,2,6,6,6,6,6,6,3,0,0,0,0,0,0,0,0,4,6,6,6,6,6,2,0,0,0,0,-0.07,0,0,1,5,6,6,6,5,1,0,0,0,0,0,0,0,0,6,6,6,6,6,3,0,0,0,0,0,0,0,0,0,6,6,6,6,6,3,0,0,0,0,0,0,0,0,0,6,6,6,6,6,3,0,0,0,0,0,0,0,0,0,6,6,6,6,6,6,4,4,4,4,3,0,0,0,4,6,6,6,6,6,6,6,6,6,6,6,2,0,0,6,6,6,6,6,5,4,4,5,6,6,6,6,0,0,6,6,6,6,6,0,0,0,0,6,6,6,6,3,0,6,6,6,6,5,0,0,0,1,6,6,6,6,3,2,6,6,6,6,4,0,1,3,6,6,6,6,4,0,3,6,6,6,6,6,6,6,6,6,6,6,6,2,0,0,3,4,4,4,4,4,4,4,4,4,2,0,0,0,7,"mfeat-pixel","att60",0.9
0,0,0,0,1,3,4,6,6,3,0,0,0,0,0,0,0,0,2,6,6,6,6,6,6,2,0,0,0,0,0,0,0,3,6,6,6,6,6,2,0,0,0,0,0,0,0,0,4,6,6,6,6,1,0,0,0,0,0,-0.28,0,0,5,6,6,6,6,5,0,0,0,0,0,0,0,0,0,6,6,6,6,3,0,0,0,0,0,0,0,0,0,1,6,6,6,6,1,0,0,0,0,0,0,0,0,0,5,6,6,6,6,6,4,4,4,2,1,0,0,0,2,6,6,6,6,6,6,6,6,6,6,6,2,0,0,1,6,6,6,6,6,6,6,6,6,6,6,6,1,0,1,6,6,6,6,1,0,1,5,6,6,6,6,5,1,5,6,6,6,6,0,0,0,0,6,6,6,6,6,3,6,6,6,6,6,1,0,0,1,6,6,6,6,6,3,6,6,6,6,6,6,6,6,6,6,6,6,6,6,1,3,6,6,6,6,6,6,6,6,6,6,6,6,4,0,0,1,3,4,4,4,4,4,4,4,4,4,3,0,0,7,"mfeat-pixel","att60",0.9
0,0,2,4,4,6,4,3,0,0,0,0,0,0,0,2,6,6,6,6,6,6,5,0,0,0,0,0,0,0,5,6,6,6,6,3,0,0,0,0,0,0,0,0,0,6,6,6,6,3,0,0,0,0,0,0,0,0,0,1.2,4,6,6,6,2,0,0,0,0,0,0,0,0,0,0,3,6,6,6,1,0,0,0,0,0,0,0,0,0,0,3,6,6,6,3,0,0,0,0,0,0,0,0,0,0,3,6,6,6,0,0,1,3,4,4,4,4,4,1,0,4,6,6,6,4,5,6,6,6,6,6,6,6,6,2,6,6,6,6,6,6,6,6,6,6,6,6,6,6,3,6,6,6,6,6,5,4,3,0,0,4,6,6,6,4,6,6,6,6,3,0,0,0,0,0,3,6,6,6,6,6,6,6,6,0,0,0,0,0,1,6,6,6,6,5,3,6,6,6,5,2,2,2,3,6,6,6,6,6,3,3,6,6,6,6,6,6,6,6,6,6,6,6,5,1,1,4,4,4,4,4,4,4,4,4,4,4,3,0,0,7,"mfeat-pixel","att60",0.9
0,0,0,0,0,0,0,0,0,0,0,2,4,4,3,0,0,0,0,0,0,0,2,4,6,6,6,6,6,5,0,0,0,0,0,0,5,6,6,6,5,2,0,0,0,0,0,0,0,0,2,6,6,6,5,0,0,0,0,0.24,0,0,0,0,3,6,6,6,5,1,0,0,0,0,0,0,0,0,3,6,6,6,4,0,0,0,0,0,0,0,0,1,4,6,6,6,3,0,0,0,0,0,0,0,0,0,6,6,6,6,6,3,2,1,0,0,0,0,0,0,2,6,6,6,6,6,6,6,6,5,4,4,3,0,0,3,6,6,6,6,5,4,4,4,5,6,6,6,4,0,5,6,6,6,6,0,0,0,0,0,1,6,6,6,0,3,6,6,6,6,0,0,0,0,0,3,6,6,6,0,2,6,6,6,6,0,0,0,0,4,6,6,6,6,0,0,6,6,6,6,5,2,2,5,6,6,6,5,1,0,0,3,6,6,6,6,6,6,6,6,6,3,0,0,0,0,0,0,2,4,4,4,4,4,3,1,0,0,0,0,7,"mfeat-pixel","att60",0.9
0,3,4,4,3,0,0,0,0,0,0,0,0,0,0,0,6,6,6,4,0,0,0,0,0,0,0,0,0,0,0,6,6,6,1,0,0,0,0,0,0,0,0,0,0,3,6,6,6,0,0,0,0,0,0,0,0,0,0,0.72,3,6,6,6,0,0,0,0,0,0,0,0,0,0,0,3,6,6,6,0,0,0,0,0,0,0,0,0,0,0,3,6,6,6,0,0,0,0,0,0,0,0,0,0,0,5,6,6,6,5,5,5,5,6,6,5,4,4,1,0,6,6,6,6,6,6,6,6,6,6,6,6,6,5,0,5,6,6,6,5,4,4,2,0,4,6,6,6,6,3,4,6,6,4,0,0,0,0,0,1,6,6,6,6,3,4,6,6,3,0,0,0,0,0,0,3,6,6,6,3,3,6,6,4,0,0,0,0,0,0,4,6,6,6,3,6,6,6,6,6,5,4,5,6,6,6,6,6,6,5,6,6,6,6,6,6,6,6,6,6,6,6,6,4,1,1,4,4,4,4,4,4,4,4,4,4,2,0,0,0,7,"mfeat-pixel","att60",0.9
2,6,6,6,6,6,5,5,6,6,6,6,3,0,0,3,6,6,6,6,6,6,6,6,6,6,6,3,0,0,3,6,6,6,6,5,2,2,4,4,4,1,0,0,0,1,6,6,6,6,3,0,0,0,0,0,0,0,0,0.08,0,6,6,6,6,3,0,0,0,0,0,0,0,0,0,0,3,6,6,6,3,0,0,0,0,0,0,0,0,0,0,3,6,6,6,6,3,2,2,2,3,4,3,0,0,0,1,6,6,6,6,6,6,6,6,6,6,6,5,1,0,0,3,6,6,6,6,6,4,6,6,6,6,6,3,0,0,3,6,6,6,6,3,0,1,5,6,6,6,3,0,0,2,6,6,6,6,3,0,0,2,6,6,6,5,0,0,0,4,6,6,6,3,0,0,0,6,6,6,6,0,0,0,6,6,6,6,6,1,0,0,6,6,6,4,0,0,0,4,6,6,6,6,6,4,5,6,6,6,2,0,0,0,0,4,6,6,6,6,6,6,6,6,4,0,0,0,0,0,1,4,4,4,4,4,4,4,4,1,0,7,"mfeat-pixel","att60",0.9
0,0,3,6,6,6,6,6,6,6,3,0,0,0,0,1,5,6,6,6,6,6,6,6,6,6,3,0,0,0,3,6,6,6,6,5,1,0,1,3,3,0,0,0,0,3,6,6,6,6,3,0,0,0,0,0,0,0,0,-0.77,0,6,6,6,6,3,0,0,0,0,0,0,0,0,0,0,6,6,6,6,5,4,5,6,6,6,5,3,1,0,2,6,6,6,6,6,6,6,6,6,6,6,6,6,0,2,6,6,6,6,6,6,6,6,6,6,6,6,6,2,0,6,6,6,6,6,3,2,2,3,6,6,6,6,6,0,2,6,6,6,6,0,0,0,0,6,6,6,6,2,0,1,6,6,6,6,0,0,0,0,6,6,6,6,0,0,3,6,6,6,6,0,0,0,4,6,6,6,6,3,0,3,6,6,6,6,0,0,1,6,6,6,6,5,1,0,1,6,6,6,6,5,4,6,6,6,6,6,1,0,0,0,5,6,6,6,6,6,6,6,6,6,3,0,0,0,0,0,3,4,4,4,4,4,4,3,1,0,0,0,7,"mfeat-pixel","att60",0.9
0,0,0,0,5,6,6,5,1,0,0,0,0,0,0,0,0,0,0,6,6,6,6,6,0,0,0,0,0,0,0,0,0,2,6,6,6,6,1,0,0,0,0,0,0,0,0,0,3,6,6,6,6,0,0,0,0,0,0,0.07,0,0,3,6,6,6,6,2,0,0,0,0,0,0,0,0,0,6,6,6,6,6,3,0,0,0,0,0,0,0,0,4,6,6,6,6,6,6,5,4,4,3,1,0,0,0,6,6,6,6,6,6,6,6,6,6,6,6,0,0,2,6,6,6,6,6,4,2,2,3,6,6,6,5,1,6,6,6,6,5,1,0,0,0,0,6,6,6,6,6,6,6,6,6,3,0,0,0,0,0,3,6,6,6,6,6,6,6,6,0,0,0,0,0,0,3,6,6,6,6,6,6,6,6,3,0,0,0,0,0,4,6,6,6,6,4,6,6,6,6,5,2,2,2,5,6,6,6,6,5,0,3,4,5,6,6,6,6,6,6,6,6,6,5,1,0,0,0,0,2,4,4,4,4,4,4,4,3,0,0,7,"mfeat-pixel","att60",0.9
0,0,0,2,4,6,6,6,6,3,0,0,0,0,0,0,0,5,6,6,6,6,6,6,5,0,0,0,0,0,0,0,6,6,6,6,6,6,3,0,0,0,0,0,0,0,4,6,6,6,6,6,3,0,0,0,0,0,0,-2.87,1,6,6,6,6,6,6,2,0,0,0,0,0,0,0,5,6,6,6,6,6,4,0,0,0,0,0,0,0,0,6,6,6,6,6,6,6,6,6,5,3,2,2,0,0,4,6,6,6,6,6,6,6,6,6,6,6,6,5,0,4,6,6,6,6,6,4,4,6,6,6,6,6,6,1,6,6,6,6,6,2,0,0,1,6,6,6,6,6,3,6,6,6,6,6,2,0,0,0,6,6,6,6,6,1,6,6,6,6,6,1,0,0,0,6,6,6,6,6,0,4,6,6,6,6,0,0,0,0,6,6,6,6,6,0,3,6,6,6,6,5,2,2,5,6,6,6,6,6,0,1,6,6,6,6,6,6,6,6,6,6,6,6,5,0,0,3,4,4,4,4,4,4,4,4,4,4,4,1,0,7,"mfeat-pixel","att60",0.9
1,5,6,6,5,1,0,0,0,0,0,0,0,0,0,5,6,6,6,6,3,0,0,0,0,0,0,0,0,0,3,6,6,6,6,0,0,0,0,0,0,0,0,0,0,2,6,6,6,6,0,0,0,0,0,0,0,0,0,-2.87,0,6,6,6,6,0,0,0,0,0,0,0,0,0,0,0,3,6,6,6,0,0,0,0,0,0,0,0,0,0,0,6,6,6,5,0,0,0,0,0,0,0,0,0,0,3,6,6,6,5,2,2,2,2,3,3,0,0,0,0,0,6,6,6,6,6,6,6,6,6,6,6,4,3,0,0,6,6,6,6,6,6,5,4,4,6,6,6,6,0,0,6,6,6,6,6,6,0,0,0,3,6,6,6,4,1,6,6,6,6,3,1,0,0,0,0,5,6,6,6,3,6,6,6,3,0,0,0,0,0,0,5,6,6,6,3,6,6,6,5,1,0,0,0,0,1,6,6,6,6,1,6,6,6,6,6,6,6,6,6,6,6,6,6,6,2,4,4,4,4,4,4,4,4,4,4,4,4,4,3,7,"mfeat-pixel","att60",0.9
0,0,0,0,0,1,3,6,6,6,5,0,0,0,0,0,0,0,0,3,6,6,6,3,2,1,0,0,0,0,0,0,1,5,6,6,5,1,0,0,0,0,0,0,0,0,3,6,6,6,3,0,0,0,0,0,0,0,0,-1.88,3,6,6,6,6,0,0,0,0,0,0,0,0,0,0,4,6,6,6,4,0,0,0,0,0,0,0,0,0,0,4,6,6,6,3,0,0,0,0,0,0,0,0,0,0,3,6,6,6,3,0,0,0,0,0,0,0,0,0,0,3,6,6,6,6,1,1,3,4,3,1,0,0,0,0,3,6,6,6,6,6,6,6,6,6,6,5,4,1,0,3,6,6,6,6,6,5,4,2,5,6,6,6,6,2,2,6,6,6,6,4,0,0,0,0,6,6,6,6,3,0,4,6,6,6,0,0,0,0,0,3,6,6,6,5,0,3,6,6,6,5,2,4,4,4,6,6,6,6,3,0,0,3,6,6,6,6,6,6,6,6,6,5,1,0,0,0,0,1,4,4,4,4,4,4,4,2,0,0,0,7,"mfeat-pixel","att60",0.9
0,0,0,0,0,3,6,4,4,3,0,0,0,0,0,0,0,0,0,0,6,6,6,6,6,0,0,0,0,0,0,0,0,0,1,6,6,6,6,5,0,0,0,0,0,0,0,0,0,5,6,6,6,6,1,0,0,0,0,-0.51,0,0,0,4,6,6,6,5,1,0,0,0,0,0,0,0,0,0,6,6,6,6,3,0,0,0,0,0,0,0,0,0,4,6,6,6,6,0,0,0,0,0,0,0,0,0,0,6,6,6,6,6,0,0,0,0,0,0,0,0,0,2,6,6,6,6,6,5,5,6,5,4,1,0,0,0,6,6,6,6,6,6,6,6,6,6,6,6,2,0,0,6,6,6,6,5,4,2,2,5,6,6,6,6,0,2,6,6,6,6,0,0,0,0,0,6,6,6,6,3,3,6,6,6,6,2,0,0,0,1,6,6,6,6,0,0,4,6,6,6,6,3,2,3,6,6,6,6,3,0,0,0,5,6,6,6,6,6,6,6,6,6,1,0,0,0,0,0,3,4,4,4,4,4,4,4,3,0,0,0,7,"mfeat-pixel","att60",0.9
0,5,6,6,3,0,0,0,0,0,0,0,0,0,0,4,6,6,6,6,0,0,0,0,0,0,0,0,0,0,6,6,6,6,6,0,0,0,0,0,0,0,0,0,0,5,6,6,6,2,0,0,0,0,0,0,0,0,0,1.82,4,6,6,6,0,0,0,0,0,0,0,0,0,0,0,6,6,6,6,3,0,0,0,0,0,0,0,0,0,0,6,6,6,6,6,5,4,4,4,4,1,0,0,0,0,6,6,6,6,6,6,6,6,6,6,6,5,1,0,0,6,6,6,6,6,6,6,6,6,6,6,6,6,0,0,6,6,6,6,6,6,4,5,6,6,6,6,6,4,0,4,6,6,6,6,2,0,0,3,6,6,6,6,6,0,0,6,6,6,6,0,0,0,0,2,6,6,6,6,3,2,6,6,6,6,1,0,0,0,3,6,6,6,6,3,1,6,6,6,6,6,6,6,6,6,6,6,6,6,3,0,5,6,6,6,6,6,6,6,6,6,6,6,3,0,0,0,3,4,4,4,4,4,4,4,4,3,1,0,0,7,"mfeat-pixel","att60",0.9
0,0,0,0,2,6,6,6,6,4,1,0,0,0,0,0,0,0,0,1,6,6,6,6,6,2,0,0,0,0,0,0,0,5,6,6,6,6,6,3,0,0,0,0,0,0,0,0,6,6,6,6,6,4,1,0,0,0,0,-2.02,0,1,5,6,6,6,6,4,0,0,0,0,0,0,0,0,3,6,6,6,6,6,5,0,0,0,0,0,0,0,0,6,6,6,6,6,6,4,0,0,0,0,0,0,0,0,6,6,6,6,6,6,6,6,4,4,3,1,0,0,1,6,6,6,6,6,6,6,6,6,6,6,6,2,0,5,6,6,6,3,0,0,1,3,6,6,6,6,6,0,2,6,6,6,3,0,0,0,0,3,6,6,6,6,4,0,6,6,6,6,0,0,0,0,0,4,6,6,6,6,0,6,6,6,6,5,1,0,0,0,2,6,6,6,6,0,3,6,6,6,6,6,2,0,0,0,4,6,6,5,0,0,0,1,3,6,6,5,2,1,0,4,4,3,0,0,0,0,0,0,3,4,4,4,2,0,0,0,0,0,7,"mfeat-pixel","att60",0.9
0,0,0,0,0,1,4,5,6,5,3,0,0,0,0,0,0,0,0,2,5,6,6,6,5,3,0,0,0,0,0,0,1,5,6,6,6,6,3,0,0,0,0,0,0,0,0,6,6,6,6,5,1,0,0,0,0,0,0,1.29,0,0,6,6,6,5,0,0,0,0,0,0,0,0,0,0,4,6,6,6,4,0,2,4,2,0,0,0,0,0,0,6,6,6,6,6,6,6,6,6,5,1,0,0,0,0,6,6,6,6,6,6,4,6,6,6,6,3,0,0,0,6,6,6,6,3,1,0,1,5,6,6,6,3,0,0,6,6,6,3,0,0,0,0,2,6,6,6,6,0,0,6,6,6,5,0,0,0,0,0,3,6,6,6,2,0,6,6,6,0,0,0,0,0,2,6,6,6,6,6,0,6,6,6,0,0,0,0,0,3,6,6,6,6,4,1,6,6,6,1,0,0,2,4,6,6,6,6,5,0,5,6,6,6,6,6,6,6,6,6,6,5,3,0,0,3,4,4,4,4,4,4,4,4,2,0,0,0,0,0,7,"mfeat-pixel","att60",0.9
0,0,0,0,0,0,0,0,3,4,6,6,2,0,0,0,0,0,0,0,0,0,3,6,6,6,5,1,0,0,0,0,0,0,0,1,5,6,6,5,1,0,0,0,0,0,0,0,0,2,6,6,6,3,0,0,0,0,0,-1.26,0,0,0,1,6,6,6,2,0,0,0,0,0,0,0,0,0,1,5,6,6,2,0,0,0,0,0,0,0,0,0,1,5,6,6,4,0,0,0,0,0,0,0,0,0,0,5,6,6,4,0,0,0,0,0,0,0,0,0,0,4,6,6,6,5,2,3,4,4,4,4,3,1,0,0,6,6,6,6,6,6,6,6,6,6,6,6,6,5,1,6,6,6,6,5,3,2,2,1,0,1,5,6,6,5,6,6,6,4,0,0,0,0,0,0,0,1,6,6,6,6,6,6,3,0,0,0,0,0,0,0,0,6,6,6,5,6,6,6,1,0,0,0,0,0,0,1,6,6,6,0,3,6,6,6,4,4,4,4,6,6,6,6,6,2,0,0,3,4,4,4,4,4,4,4,4,4,4,3,0,7,"mfeat-pixel","att60",0.9
0,0,0,0,0,0,3,4,6,6,4,1,0,0,0,0,0,0,0,0,4,6,6,6,4,6,6,2,0,0,0,0,0,0,5,6,6,6,1,0,1,4,1,0,0,0,0,0,5,6,6,6,4,0,0,0,0,0,0,0.76,0,0,4,6,6,6,6,0,0,0,0,0,0,0,0,0,2,6,6,6,6,4,0,0,0,0,0,0,0,0,0,3,6,6,6,6,0,0,0,0,0,0,0,0,0,0,3,6,6,6,2,0,0,0,0,0,0,0,0,0,1,6,6,6,5,0,0,0,0,0,0,0,0,0,0,3,6,6,6,5,2,2,4,4,4,2,0,0,0,0,5,6,6,6,6,6,6,6,6,6,6,6,4,1,0,6,6,6,6,6,6,6,5,4,6,6,6,6,6,1,6,6,6,6,6,4,0,0,0,1,6,6,6,6,3,3,6,6,6,6,6,4,4,4,5,6,6,6,6,2,0,3,6,6,6,6,6,6,6,6,6,6,3,0,0,0,0,1,4,4,4,4,4,4,4,3,0,0,0,0,7,"mfeat-pixel","att60",0.9
0,0,0,0,0,1,4,4,6,3,0,0,0,0,0,0,0,0,0,0,4,6,6,6,3,0,0,0,0,0,0,0,0,0,2,6,6,6,1,0,0,0,0,0,0,0,0,0,1,6,6,6,5,0,0,0,0,0,0,-1.65,0,0,1,5,6,6,6,1,0,0,0,0,0,0,0,0,0,4,6,6,6,6,3,2,0,0,0,0,0,0,1,5,6,6,6,6,6,6,6,6,3,0,0,0,0,3,6,6,6,6,1,0,1,2,5,6,6,3,0,0,0,6,6,6,3,0,0,0,0,0,3,6,6,4,0,0,6,6,6,0,0,0,0,0,0,0,3,6,6,2,4,6,6,5,0,0,0,0,0,0,0,6,6,6,3,6,6,6,3,0,0,0,0,0,0,0,6,6,6,3,6,6,6,4,0,0,0,0,0,0,4,6,6,6,1,4,6,6,6,6,3,0,0,0,3,6,6,6,4,0,0,5,6,6,6,6,6,6,6,6,6,5,3,0,0,0,0,3,4,4,4,4,4,4,4,2,0,0,0,0,7,"mfeat-pixel","att60",0.9
0,3,4,6,4,3,0,0,0,0,0,0,0,0,0,0,6,6,6,6,6,0,0,0,0,0,0,0,0,0,0,6,6,6,6,2,0,0,0,0,0,0,0,0,0,0,6,6,6,6,0,0,0,0,0,0,0,0,0,2.36,1,6,6,6,6,0,0,0,0,0,0,0,0,0,0,3,6,6,6,3,0,0,0,0,0,0,0,0,0,0,3,6,6,6,3,0,0,0,0,0,0,0,0,0,0,1,6,6,6,5,1,0,0,0,0,0,0,0,0,0,3,6,6,6,6,6,6,4,6,6,4,3,1,0,0,3,6,6,6,6,6,6,6,6,6,6,6,6,3,0,3,6,6,6,6,6,4,2,2,5,6,6,6,6,3,3,6,6,6,6,1,0,0,0,0,6,6,6,6,3,6,6,6,6,6,1,1,3,4,5,6,6,6,6,3,6,6,6,6,6,6,6,6,6,6,6,6,6,3,0,3,5,6,6,6,6,4,6,6,6,6,4,1,0,0,0,0,2,1,0,0,0,0,0,0,0,0,0,0,0,7,"mfeat-pixel","att60",0.9
0,0,0,0,3,6,6,2,0,0,0,0,0,0,0,0,0,0,2,6,6,6,1,0,0,0,0,0,0,0,0,0,0,5,6,6,4,0,0,0,0,0,0,0,0,0,0,3,6,6,6,0,0,0,0,0,0,0,0,-0.08,0,1,6,6,6,2,0,0,0,0,0,0,0,0,0,0,4,6,6,6,0,0,0,0,0,0,0,0,0,0,2,6,6,6,3,0,0,0,1,2,2,0,0,0,0,6,6,6,6,6,4,6,6,6,6,6,6,6,3,0,3,6,6,6,6,6,6,6,6,6,6,6,6,6,2,5,6,6,6,6,6,6,4,3,2,5,6,6,6,6,4,6,6,6,3,1,0,0,0,0,1,6,6,6,6,6,6,6,3,0,0,0,0,0,0,0,3,6,6,6,6,6,6,4,0,0,0,0,0,0,0,4,6,6,6,6,6,6,6,5,4,4,4,4,4,5,6,6,6,6,2,6,6,6,6,6,6,6,6,6,6,6,6,6,3,0,1,4,4,4,4,4,4,4,4,4,4,4,1,0,7,"mfeat-pixel","att60",0.9
0,0,0,0,0,0,0,1,4,5,6,6,5,0,0,0,0,0,0,0,0,0,3,6,6,6,5,1,0,0,0,0,0,0,0,0,3,6,6,6,3,0,0,0,0,0,0,0,0,0,4,6,6,6,2,0,0,0,0,-1.52,0,0,0,0,5,6,6,6,6,0,0,0,0,0,0,0,0,0,1,6,6,6,6,1,0,0,0,0,0,0,0,0,3,6,6,6,6,5,0,0,0,0,0,0,0,0,0,6,6,6,6,6,1,0,0,0,0,0,0,0,0,2,6,6,6,6,6,1,0,0,0,0,0,0,0,0,6,6,6,6,6,6,6,6,6,6,6,5,1,0,2,6,6,6,6,6,6,6,6,6,6,6,6,6,2,6,6,6,6,6,4,0,0,0,3,6,6,6,6,6,5,6,6,6,6,4,0,0,0,1,6,6,6,6,5,1,6,6,6,6,6,5,4,4,6,6,6,6,6,1,0,3,4,6,6,6,6,6,6,6,6,6,6,3,0,0,0,0,1,3,4,4,4,4,4,4,3,1,0,0,7,"mfeat-pixel","att60",0.9
0,0,2,6,5,0,0,0,0,0,0,0,0,0,0,0,0,5,6,6,0,0,0,0,0,0,0,0,0,0,0,3,6,6,6,0,0,0,0,0,0,0,0,0,0,0,3,6,6,6,0,0,0,0,0,0,0,0,0,-4.2,0,3,6,6,6,0,0,0,0,0,0,0,0,0,0,0,3,6,6,6,0,0,0,0,0,0,0,0,0,0,0,3,6,6,6,0,0,0,0,0,0,0,0,0,0,0,5,6,6,6,0,0,0,0,0,0,0,0,0,0,3,6,6,6,6,5,1,0,0,0,0,0,0,0,0,3,6,6,6,6,6,6,6,6,3,1,0,0,0,0,6,6,6,6,5,4,4,6,6,6,6,6,6,3,0,6,6,6,4,0,0,0,0,1,3,6,6,6,6,3,4,6,6,5,1,0,0,0,0,0,0,4,6,6,6,2,6,6,6,6,4,4,4,3,2,2,5,6,6,6,0,3,6,6,6,6,6,6,6,6,6,6,6,6,6,0,0,1,4,4,4,4,4,4,4,4,4,4,4,1,7,"mfeat-pixel","att60",0.9
0,0,0,0,0,0,0,3,4,6,2,0,0,0,0,0,0,0,0,0,0,5,6,6,6,1,0,0,0,0,0,0,0,0,1,5,6,6,5,1,0,0,0,0,0,0,0,0,1,5,6,6,5,0,0,0,0,0,0,-2.04,0,0,2,6,6,6,5,0,0,0,0,0,0,0,0,0,0,3,6,6,6,1,0,0,0,0,0,0,0,0,0,0,4,6,6,6,6,6,4,4,2,0,0,0,0,0,4,6,6,6,6,6,6,6,6,6,5,3,0,0,5,6,6,6,4,4,2,2,4,6,6,6,6,5,1,6,6,6,3,0,0,0,0,0,1,3,6,6,6,6,6,6,6,3,0,0,0,0,0,0,0,2,6,6,6,6,6,6,4,0,0,0,0,0,0,0,0,6,6,6,4,6,6,6,2,0,0,0,0,0,0,2,6,6,4,1,6,6,6,6,4,2,2,2,2,4,6,6,5,1,0,1,5,6,6,6,6,6,6,6,6,5,3,0,0,0,0,0,2,4,4,4,4,4,3,1,0,0,0,0,7,"mfeat-pixel","att60",0.9
0,1,5,6,6,6,2,0,0,0,0,0,0,0,0,0,2,6,6,6,6,2,0,0,0,0,0,0,0,0,0,0,4,6,6,4,0,0,0,0,0,0,0,0,0,0,0,3,6,6,3,0,0,0,0,0,0,0,0,-0.91,0,0,3,6,6,3,0,0,0,0,0,0,0,0,0,0,0,3,6,6,3,0,0,0,0,0,0,0,0,0,0,0,4,6,6,0,0,0,0,0,0,0,0,0,0,0,2,6,6,6,1,0,0,0,0,0,0,0,0,0,0,3,6,6,6,4,0,1,2,1,0,0,0,0,0,0,4,6,6,6,6,6,6,6,6,6,4,1,0,0,2,6,6,6,6,6,6,6,6,6,6,6,6,2,0,4,6,6,6,6,3,0,0,0,4,6,6,6,5,0,6,6,6,6,2,0,0,0,0,1,6,6,6,6,3,5,6,6,6,1,1,2,2,2,2,6,6,6,6,5,3,6,6,6,6,6,6,6,6,6,6,6,6,6,2,1,4,4,4,4,4,4,4,4,4,4,4,4,1,0,7,"mfeat-pixel","att60",0.9
1,4,4,3,0,0,0,0,0,0,0,0,0,0,0,4,6,6,6,2,0,0,0,0,0,0,0,0,0,0,6,6,6,6,4,0,0,0,0,0,0,0,0,0,0,6,6,6,6,6,0,0,0,0,0,0,0,0,0,0.81,6,6,6,6,3,0,0,0,0,0,0,0,0,0,0,6,6,6,6,3,0,0,0,0,0,0,0,0,0,0,6,6,6,6,3,0,0,0,0,0,0,0,0,0,0,6,6,6,6,3,0,0,0,0,0,0,0,0,0,0,6,6,6,6,5,2,2,3,3,2,2,1,0,0,0,3,6,6,6,6,6,6,6,6,6,6,6,3,0,0,3,6,6,6,6,6,6,6,6,6,6,6,6,5,0,5,6,6,6,6,6,4,0,0,1,5,6,6,6,3,3,6,6,6,6,4,0,0,0,0,3,6,6,6,6,3,6,6,6,6,6,4,4,3,2,5,6,6,6,6,2,6,6,6,6,6,6,6,6,6,6,6,6,6,3,0,1,4,4,4,4,4,4,4,4,4,4,2,0,0,7,"mfeat-pixel","att60",0.9
0,0,0,0,0,0,0,0,3,6,5,1,0,0,0,0,0,0,0,0,0,0,2,6,6,6,3,0,0,0,0,0,0,0,0,0,0,5,6,6,6,1,0,0,0,0,0,0,0,0,0,5,6,6,6,3,0,0,0,-1.32,0,0,0,0,0,5,6,6,6,3,0,0,0,0,0,0,0,0,0,4,6,6,6,3,0,0,0,0,0,0,0,0,3,6,6,6,6,6,4,0,0,0,0,0,0,0,1,6,6,6,6,6,6,6,6,6,6,5,4,1,0,6,6,6,6,6,6,6,6,6,6,6,6,6,3,0,6,6,6,6,6,5,2,0,0,3,6,6,6,3,1,6,6,6,6,4,0,0,0,0,0,3,6,6,3,6,6,6,6,6,0,0,0,0,0,0,5,6,6,5,6,6,6,6,6,0,0,0,0,0,4,6,6,6,4,4,6,6,6,6,3,0,0,0,3,6,6,6,6,0,2,6,6,6,6,6,6,6,6,6,6,6,5,1,0,0,3,4,4,4,4,4,4,4,4,4,4,2,0,0,7,"mfeat-pixel","att60",0.9
0,0,0,0,0,0,3,4,4,6,6,2,0,0,0,0,0,0,0,0,5,6,6,6,5,4,1,0,0,0,0,0,0,2,5,6,6,6,6,0,0,0,0,0,0,0,0,5,6,6,6,6,6,3,0,0,0,0,0,1.84,0,0,6,6,6,6,6,2,0,0,0,0,0,0,0,0,4,6,6,6,6,6,0,0,0,0,0,0,0,0,0,6,6,6,6,6,1,0,0,0,0,0,0,0,0,0,6,6,6,6,6,1,0,0,0,0,0,0,0,0,2,6,6,6,6,6,6,6,5,3,2,0,0,0,0,3,6,6,6,6,6,6,6,6,6,6,6,3,0,0,5,6,6,6,6,6,6,6,6,6,6,6,6,5,1,6,6,6,6,6,4,0,0,1,5,6,6,6,6,5,5,6,6,6,6,6,0,0,0,0,6,6,6,6,6,1,6,6,6,6,6,1,0,2,3,6,6,6,6,6,0,6,6,6,6,6,6,6,6,6,6,6,6,6,3,0,4,4,4,4,4,4,4,4,4,4,4,4,4,1,7,"mfeat-pixel","att60",0.9
0,0,0,0,0,1,4,4,6,3,0,0,0,0,0,0,0,0,0,1,6,6,6,6,6,0,0,0,0,0,0,0,0,0,3,6,6,6,3,1,0,0,0,0,0,0,0,0,0,4,6,6,5,0,0,0,0,0,0,1.39,0,0,0,3,6,6,6,1,0,0,0,0,0,0,0,0,0,5,6,6,6,6,0,0,0,0,0,0,0,0,0,1,6,6,6,6,5,0,0,0,0,0,0,0,0,0,5,6,6,6,3,0,0,0,0,0,0,0,0,0,2,6,6,6,6,3,2,2,2,2,1,0,0,0,0,6,6,6,6,6,6,6,6,6,6,6,3,0,0,0,4,6,6,6,6,6,6,6,6,6,6,6,6,6,0,5,6,6,6,6,3,0,0,0,4,6,6,6,6,0,5,6,6,6,4,0,0,0,0,3,6,6,6,6,0,3,6,6,6,5,2,2,2,2,5,6,6,6,6,0,1,5,6,6,6,6,6,6,6,6,6,6,6,4,0,0,0,3,4,4,4,4,4,4,4,4,4,3,0,0,7,"mfeat-pixel","att60",0.9
0,0,0,0,0,0,0,3,4,6,5,4,1,0,0,0,0,0,0,0,0,3,6,6,6,6,5,1,0,0,0,0,0,0,0,3,6,6,6,6,5,1,0,0,0,0,0,0,0,5,6,6,6,6,4,0,0,0,0,4.38,0,0,0,3,6,6,6,6,6,0,0,0,0,0,0,0,0,3,6,6,6,6,6,3,0,0,0,0,0,0,0,3,6,6,6,6,6,6,5,2,1,0,0,0,0,0,3,6,6,6,6,6,6,6,6,6,3,1,0,0,1,6,6,6,6,6,3,3,6,6,6,6,6,4,1,5,6,6,6,6,1,0,0,1,5,6,6,6,6,4,3,6,6,6,6,0,0,0,0,0,6,6,6,6,6,4,6,6,6,6,0,0,0,0,0,6,6,6,6,6,6,6,6,6,6,5,1,0,0,1,6,6,6,6,6,1,5,6,6,6,6,6,4,4,6,6,6,6,6,4,0,0,3,6,6,6,6,6,6,6,6,5,4,3,0,0,0,0,1,4,4,4,4,4,4,1,0,0,0,0,7,"mfeat-pixel","att60",0.9
0,0,0,0,0,0,3,4,5,5,3,0,0,0,0,0,0,0,0,0,4,6,6,6,6,6,0,0,0,0,0,0,0,0,5,6,6,6,6,6,3,0,0,0,0,0,0,0,0,6,6,6,6,6,6,2,0,0,0,1.48,0,0,0,3,6,6,6,6,6,4,0,0,0,0,0,0,0,2,6,6,6,6,6,5,0,0,0,0,0,0,0,0,5,6,6,6,6,6,0,0,0,0,0,0,0,0,4,6,6,6,6,6,6,3,2,1,0,0,0,0,2,6,6,6,6,6,6,6,6,6,6,5,1,0,0,3,6,6,6,6,6,6,6,6,6,6,6,6,3,0,5,6,6,6,3,2,1,0,0,2,5,6,6,6,3,6,6,6,6,0,0,0,0,0,0,1,6,6,6,6,6,6,6,6,3,2,2,2,2,3,6,6,6,6,4,2,6,6,6,6,6,6,6,6,6,6,6,6,6,0,0,2,6,6,6,6,6,6,6,6,6,6,5,3,0,0,0,1,2,4,4,4,4,4,4,4,1,0,0,0,7,"mfeat-pixel","att60",0.9
0,0,0,0,3,6,6,3,0,0,0,0,0,0,0,0,0,0,5,6,6,6,6,5,0,0,0,0,0,0,0,0,1,6,6,6,6,5,3,0,0,0,0,0,0,0,0,6,6,6,6,1,0,0,0,0,0,0,0,2.31,0,1,6,6,6,6,0,0,0,0,0,0,0,0,0,0,5,6,6,6,6,0,0,0,0,0,0,0,0,0,0,6,6,6,6,6,5,4,3,0,0,0,0,0,0,3,6,6,6,6,6,6,6,6,5,4,3,1,0,0,4,6,6,6,6,5,4,6,6,6,6,6,6,2,0,6,6,6,6,3,0,0,0,2,5,6,6,6,6,2,5,6,6,3,0,0,0,0,0,0,6,6,6,6,6,3,6,6,4,0,0,0,0,0,0,5,6,6,6,6,5,6,6,6,5,0,0,0,0,0,0,6,6,6,6,5,6,6,6,6,1,0,0,0,1,5,6,6,6,6,1,5,6,6,6,6,6,6,6,6,6,6,6,6,3,0,1,4,4,4,4,4,4,4,4,4,4,4,1,0,7,"mfeat-pixel","att60",0.9
0,0,0,0,0,0,0,2,5,6,6,2,0,0,0,0,0,0,0,0,1,5,6,6,6,5,1,0,0,0,0,0,0,0,2,5,6,6,6,3,0,0,0,0,0,0,0,1,5,6,6,6,6,2,0,0,0,0,0,-0.58,0,0,5,6,6,6,6,1,0,0,0,0,0,0,0,0,0,6,6,6,6,3,0,0,0,0,0,0,0,0,0,4,6,6,6,6,5,1,0,2,2,1,0,0,0,0,6,6,6,6,6,6,6,6,6,6,6,5,2,1,3,6,6,6,6,6,6,4,6,6,6,6,6,6,6,4,6,6,6,5,3,0,0,0,2,3,6,6,6,6,6,6,6,6,0,0,0,0,0,0,0,6,6,6,6,6,6,6,6,0,0,0,0,0,0,5,6,6,6,5,5,6,6,6,5,2,0,0,0,3,6,6,6,5,1,1,6,6,6,6,6,5,4,5,6,6,6,5,1,0,0,3,5,6,6,6,6,6,6,6,6,5,1,0,0,0,0,0,3,4,4,4,4,4,4,3,0,0,0,0,7,"mfeat-pixel","att60",0.9
0,0,0,0,0,0,0,0,0,0,1,5,6,6,5,0,0,0,0,0,0,0,0,0,3,6,6,6,5,1,0,0,0,0,0,0,0,0,3,6,6,6,6,0,0,0,0,0,0,0,0,0,1,6,6,6,6,2,0,-4.39,0,0,0,0,0,0,0,5,6,6,6,3,0,0,0,0,0,0,0,0,0,5,6,6,6,3,0,0,0,0,0,0,0,0,0,4,6,6,6,2,0,0,0,0,0,0,0,0,1,5,6,6,6,6,0,0,0,0,0,0,0,0,0,5,6,6,6,6,6,5,3,1,0,0,0,0,0,4,6,6,6,6,6,6,6,6,6,5,0,0,0,1,6,6,6,6,5,2,5,6,6,6,6,3,0,0,3,6,6,6,5,0,0,0,6,6,6,6,2,0,0,6,6,6,6,3,0,0,3,6,6,6,6,0,0,4,6,6,6,6,5,2,3,6,6,6,6,3,0,0,3,6,6,6,6,6,6,6,6,6,5,1,0,0,0,0,0,1,3,4,4,4,4,4,2,0,0,0,0,0,7,"mfeat-pixel","att60",0.9
0,0,0,0,0,0,0,0,3,6,3,0,0,0,0,0,0,0,0,0,0,0,5,6,6,6,3,0,0,0,0,0,0,0,0,0,5,6,6,6,5,1,0,0,0,0,0,0,0,0,4,6,6,6,3,0,0,0,0,1.57,0,0,0,1,5,6,6,6,1,0,0,0,0,0,0,0,0,0,6,6,6,6,3,0,0,0,0,0,0,0,0,0,2,6,6,6,6,6,4,2,2,1,0,0,0,0,2,6,6,6,6,6,6,6,6,6,6,3,0,0,0,6,6,6,6,5,4,5,6,6,6,6,6,5,1,3,6,6,6,3,0,0,0,1,5,6,6,6,6,6,3,6,6,4,0,0,0,0,0,0,4,6,6,6,6,5,6,6,4,0,0,0,0,0,0,3,6,6,6,6,3,6,6,6,3,0,0,0,0,0,1,6,6,6,6,0,3,6,6,6,5,3,0,0,3,6,6,6,6,3,0,0,1,3,6,6,6,6,6,6,6,6,5,1,0,0,0,0,0,1,3,4,4,4,4,3,1,0,0,0,7,"mfeat-pixel","att60",0.9
0,0,0,0,0,0,0,0,0,1,4,6,6,2,0,0,0,0,0,0,0,0,0,0,3,6,6,6,3,0,0,0,0,0,0,0,0,0,1,6,6,6,6,3,0,0,0,0,0,0,0,0,1,6,6,6,6,4,0,-1.18,0,0,0,0,0,0,1,6,6,6,6,5,0,0,0,0,0,0,0,0,0,4,6,6,6,3,0,0,0,0,0,0,0,0,1,5,6,6,6,3,0,0,0,0,0,0,0,0,0,6,6,6,6,6,4,0,0,0,0,0,0,0,0,1,6,6,6,6,6,6,6,5,1,0,0,0,0,1,5,6,6,6,6,4,2,3,6,6,5,0,0,1,5,6,6,5,2,1,0,0,0,2,6,6,3,0,5,6,6,6,3,0,0,0,0,0,2,6,6,3,0,6,6,6,3,0,0,0,0,0,0,6,6,6,2,0,6,6,6,0,0,0,0,0,3,5,6,6,4,0,0,6,6,6,5,3,2,3,6,6,6,6,3,0,0,0,1,3,4,4,4,4,4,4,4,3,1,0,0,0,7,"mfeat-pixel","att60",0.9
0,0,0,0,1,4,4,6,4,1,0,0,0,0,0,0,0,0,0,3,6,6,6,6,3,0,0,0,0,0,0,0,0,0,5,6,6,5,2,0,0,0,0,0,0,0,0,0,3,6,6,6,0,0,0,0,0,0,0,-0.29,0,0,1,5,6,6,5,0,0,0,0,0,0,0,0,0,0,6,6,6,4,0,0,0,0,0,0,0,0,0,0,1,6,6,6,4,0,0,0,0,0,0,0,0,0,2,6,6,6,6,6,6,6,6,6,5,4,3,0,0,3,6,6,6,6,6,6,6,6,6,6,6,6,2,0,6,6,6,6,3,0,1,4,6,6,6,6,6,6,2,6,6,6,4,0,0,0,0,1,5,6,6,6,6,6,6,6,6,6,2,0,0,0,0,0,5,6,6,6,6,4,6,6,6,5,0,0,0,0,1,5,6,6,6,6,0,6,6,6,6,5,2,2,4,6,6,6,6,6,4,0,5,6,6,6,6,6,6,6,6,6,6,6,5,0,0,0,0,3,4,4,4,4,4,4,4,4,4,1,0,7,"mfeat-pixel","att60",0.9
0,0,0,0,0,0,3,6,6,5,1,0,0,0,0,0,0,0,0,3,5,6,6,6,5,1,0,0,0,0,0,0,0,4,6,6,6,6,6,2,0,0,0,0,0,0,0,1,6,6,6,5,1,0,0,0,0,0,0,0.06,0,0,5,6,6,6,3,0,0,0,0,0,0,0,0,0,1,6,6,6,5,0,0,0,0,0,0,0,0,0,0,5,6,6,3,0,0,0,0,0,0,0,0,0,0,4,6,6,6,0,0,0,0,0,0,0,0,0,0,0,6,6,6,6,1,0,1,2,2,1,0,0,0,0,0,6,6,6,6,6,6,6,6,6,6,6,5,3,0,0,6,6,6,6,6,6,6,6,6,6,6,6,6,5,0,6,6,6,3,3,4,4,2,0,2,5,6,6,6,1,6,6,6,2,0,0,0,0,0,1,5,6,6,6,3,5,6,6,6,3,2,2,2,4,6,6,6,6,5,0,0,3,6,6,6,6,6,6,6,6,6,6,3,0,0,0,0,1,3,4,4,4,4,4,4,3,1,0,0,0,7,"mfeat-pixel","att60",0.9
0,0,0,0,0,0,3,5,5,0,0,0,0,0,0,0,0,0,0,2,5,6,6,3,0,0,0,0,0,0,0,0,0,5,6,6,6,6,3,0,0,0,0,0,0,0,0,3,6,6,6,6,6,1,0,0,0,0,0,-0.75,0,0,3,6,6,6,6,2,0,0,0,0,0,0,0,0,0,6,6,6,6,4,0,0,0,0,0,0,0,0,0,1,6,6,6,6,0,0,0,0,0,0,0,0,0,0,5,6,6,6,6,5,2,2,2,2,0,0,0,0,0,6,6,6,6,6,6,6,6,6,6,6,3,0,0,1,6,6,6,6,6,5,1,0,1,3,6,6,4,0,3,6,6,6,5,1,0,0,0,0,0,6,6,6,2,0,6,6,6,4,0,0,0,0,0,0,6,6,6,1,0,5,6,6,6,2,0,0,0,0,0,6,6,6,0,0,1,6,6,4,0,0,0,0,1,3,6,6,4,0,0,0,3,6,6,6,5,4,5,6,6,6,4,0,0,0,0,0,1,4,4,4,4,4,4,4,3,0,0,0,7,"mfeat-pixel","att60",0.9
0,0,1,3,6,6,6,6,6,6,6,6,6,5,0,0,3,6,6,6,6,6,6,6,6,6,6,6,2,0,3,6,6,6,6,1,0,0,2,2,2,2,1,0,0,4,6,6,6,6,0,0,0,0,0,0,0,0,0,0.41,6,6,6,6,6,0,0,0,0,0,0,0,0,0,0,5,6,6,6,6,1,0,0,0,0,0,0,0,0,0,1,6,6,6,6,5,0,0,0,0,0,0,0,0,0,0,6,6,6,6,6,3,3,4,4,4,6,5,1,0,0,5,6,6,6,6,6,6,6,6,6,6,6,6,1,0,1,6,6,6,6,6,5,4,4,5,6,6,6,6,0,2,6,6,6,6,6,0,0,0,0,6,6,6,6,0,5,6,6,6,6,6,0,0,0,0,6,6,6,6,0,0,1,6,6,6,6,1,0,0,1,6,6,6,5,0,0,0,6,6,6,6,5,2,3,6,6,6,6,1,0,0,0,4,6,6,6,6,6,6,6,6,6,3,0,0,0,0,0,3,4,4,4,4,4,4,3,1,0,0,7,"mfeat-pixel","att60",0.9
0,0,0,5,6,6,2,0,0,0,0,0,0,0,0,0,0,0,6,6,6,3,0,0,0,0,0,0,0,0,0,0,0,6,6,6,3,0,0,0,0,0,0,0,0,0,0,2,6,6,6,3,0,0,0,0,0,0,0,2.11,0,0,3,6,6,6,3,0,0,0,0,0,0,0,0,0,0,1,6,6,6,0,0,0,0,0,0,0,0,0,0,0,5,6,6,6,5,4,4,2,0,0,0,0,0,0,0,6,6,6,6,6,6,6,6,6,3,0,0,0,0,3,6,6,6,5,4,4,4,6,6,6,5,1,0,5,6,6,5,1,0,0,0,0,1,5,6,6,6,2,6,6,6,1,0,0,0,0,0,0,0,6,6,6,3,4,6,6,2,0,0,0,0,0,0,0,4,6,6,6,0,6,6,6,1,0,0,0,0,0,0,0,6,6,6,0,5,6,6,6,2,0,0,0,0,1,5,6,6,5,0,1,5,6,6,6,4,4,4,5,6,6,6,3,0,0,0,0,3,4,4,4,4,4,4,4,4,3,0,0,7,"mfeat-pixel","att60",0.9
0,0,0,0,0,0,0,0,1,5,6,2,0,0,0,0,0,0,0,0,0,0,2,6,6,6,1,0,0,0,0,0,0,0,0,0,3,6,6,5,1,0,0,0,0,0,0,0,0,1,5,6,6,4,0,0,0,0,0,-2.17,0,0,0,1,6,6,6,5,0,0,0,0,0,0,0,0,0,1,5,6,6,4,0,0,0,0,0,0,0,0,0,0,5,6,6,4,0,0,0,0,0,0,0,0,0,0,1,6,6,6,6,4,4,4,2,0,0,0,0,0,0,5,6,6,6,6,6,6,6,6,5,3,1,0,0,0,6,6,6,6,4,2,2,2,4,6,6,6,3,0,1,6,6,6,1,0,0,0,0,0,1,5,6,6,2,5,6,6,6,0,0,0,0,0,0,0,1,6,6,6,5,6,6,6,0,0,0,0,0,0,0,1,6,6,6,3,6,6,6,0,0,0,0,0,0,3,6,6,6,3,1,5,6,6,5,4,4,4,4,6,6,6,5,1,0,0,0,3,4,4,4,4,4,4,4,4,3,0,0,0,7,"mfeat-pixel","att60",0.9
0,0,0,0,0,0,3,4,4,6,3,0,0,0,0,0,0,0,0,0,5,6,6,6,6,6,0,0,0,0,0,0,0,0,0,6,6,6,6,6,4,0,0,0,0,0,0,0,0,2,6,6,6,6,4,0,0,0,0,2.61,0,0,0,1,6,6,6,6,6,3,0,0,0,0,0,0,0,0,5,6,6,6,6,6,0,0,0,0,0,0,0,0,0,6,6,6,6,6,3,0,0,0,0,0,0,0,0,0,6,6,6,6,6,5,2,2,1,0,0,0,0,0,2,6,6,6,6,6,6,6,6,6,3,0,0,0,2,6,6,6,6,6,6,6,6,6,6,6,5,1,0,6,6,6,6,6,6,6,6,6,6,6,6,6,6,0,6,6,6,6,6,3,2,0,0,3,6,6,6,6,0,6,6,6,6,6,0,0,0,0,1,6,6,6,6,3,6,6,6,6,6,5,4,4,4,6,6,6,6,2,1,5,6,6,6,6,6,6,6,6,6,6,6,5,0,0,0,3,4,4,4,4,4,4,4,4,3,1,0,0,7,"mfeat-pixel","att60",0.9
0,0,3,5,6,6,4,4,1,0,0,0,0,0,0,0,1,6,6,6,6,6,5,1,0,0,0,0,0,0,0,3,6,6,6,6,6,2,0,0,0,0,0,0,0,0,5,6,6,6,6,1,0,0,0,0,0,0,0,-1.78,0,6,6,6,6,6,0,0,0,0,0,0,0,0,0,0,6,6,6,6,6,0,0,0,0,0,0,0,0,0,1,6,6,6,6,6,0,0,0,0,0,0,0,0,0,5,6,6,6,6,6,5,2,0,0,0,0,0,0,0,6,6,6,6,6,6,6,6,6,5,1,0,0,0,0,6,6,6,6,6,6,6,6,6,6,6,6,5,1,0,6,6,6,6,6,5,2,3,6,6,6,6,6,5,1,6,6,6,6,6,3,0,0,1,6,6,6,6,6,3,6,6,6,6,6,1,0,0,1,6,6,6,6,6,0,6,6,6,6,6,3,2,4,6,6,6,6,6,5,0,5,6,6,6,6,6,6,6,6,6,6,6,6,1,0,1,4,4,4,4,4,4,4,4,4,4,4,3,0,0,7,"mfeat-pixel","att60",0.9
0,0,0,0,0,3,6,6,6,2,0,0,0,0,0,0,0,0,3,5,6,6,6,6,3,0,0,0,0,0,0,0,0,3,6,6,6,6,3,0,0,0,0,0,0,0,0,0,0,6,6,6,6,0,0,0,0,0,0,0.57,0,0,1,5,6,6,6,6,0,0,0,0,0,0,0,0,0,3,6,6,6,6,6,0,0,0,0,0,0,0,0,3,6,6,6,6,6,2,0,0,0,0,0,0,0,0,6,6,6,6,6,6,3,2,2,2,2,0,0,0,1,6,6,6,6,6,6,6,6,6,6,6,4,0,0,5,6,6,6,6,6,4,5,6,6,6,6,6,5,1,6,6,6,6,3,0,0,0,6,6,6,6,6,6,6,6,6,6,6,0,0,0,0,6,6,6,6,6,6,6,6,6,6,6,1,0,1,5,6,6,6,6,6,6,5,6,6,6,6,6,6,6,6,6,6,6,6,6,6,1,5,6,6,6,6,6,6,6,6,6,6,6,4,1,0,0,3,4,4,4,4,4,4,4,4,4,1,0,0,0,7,"mfeat-pixel","att60",0.9
0,0,0,0,0,0,0,0,0,0,3,6,5,1,0,0,0,0,0,0,0,0,0,0,4,6,6,6,5,0,0,0,0,0,0,0,0,0,1,6,6,6,6,5,0,0,0,0,0,0,0,0,1,6,6,6,6,1,0,0.91,0,0,0,0,0,0,0,6,6,6,6,3,0,0,0,0,0,0,0,0,0,0,6,6,6,1,0,0,0,0,0,0,0,1,4,4,5,6,6,6,5,4,1,0,0,0,0,0,3,6,6,6,5,4,4,5,6,6,5,1,0,0,3,6,6,6,3,0,0,0,0,6,6,6,6,0,2,6,6,6,4,0,0,0,0,2,6,6,6,6,0,4,6,6,5,0,0,0,0,0,3,6,6,6,2,0,6,6,6,3,0,0,0,0,0,5,6,6,6,0,0,6,6,6,1,0,0,0,0,4,6,6,6,5,0,1,6,6,6,5,4,4,4,5,6,6,6,5,1,0,3,6,6,6,6,6,6,6,6,6,6,5,1,0,0,0,3,4,4,4,4,4,4,4,4,3,0,0,0,0,7,"mfeat-pixel","att60",0.9
0,0,0,0,3,4,4,5,6,6,6,4,1,0,0,0,0,1,5,6,6,6,6,6,6,6,5,1,0,0,0,3,6,6,6,6,5,2,1,0,0,0,0,0,0,0,6,6,6,6,5,0,0,0,0,0,0,0,0,-0.34,3,6,6,6,4,0,0,0,0,0,0,0,0,0,0,4,6,6,6,6,2,0,0,0,0,0,0,0,0,0,6,6,6,6,6,5,2,5,6,6,6,4,3,0,0,5,6,6,6,6,6,6,6,6,6,6,6,6,5,0,1,6,6,6,6,6,6,6,6,6,6,6,6,6,3,0,5,6,6,6,6,6,6,4,5,6,6,6,6,3,0,3,6,6,6,6,6,3,0,3,6,6,6,6,1,0,3,6,6,6,6,3,0,0,5,6,6,6,6,0,0,5,6,6,6,6,0,0,4,6,6,6,6,6,0,1,6,6,6,6,6,5,0,6,6,6,6,5,3,0,2,6,6,6,6,6,6,6,6,6,6,4,0,0,0,0,0,1,3,4,4,4,4,4,4,4,0,0,0,0,7,"mfeat-pixel","att60",0.9
0,0,3,5,5,1,0,0,0,0,0,0,0,0,0,0,5,6,6,6,3,0,0,0,0,0,0,0,0,0,0,6,6,6,6,3,0,0,0,0,0,0,0,0,0,0,6,6,6,6,1,0,0,0,0,0,0,0,0,-0.39,3,6,6,6,6,3,0,0,0,0,0,0,0,0,0,3,6,6,6,6,0,0,0,0,0,0,0,0,0,0,3,6,6,6,6,1,0,0,0,0,0,0,0,0,0,4,6,6,6,6,5,2,2,4,3,1,0,0,0,0,4,6,6,6,6,6,6,6,6,6,6,6,5,1,0,5,6,6,6,6,3,3,4,4,6,6,6,6,6,2,6,6,6,6,6,0,0,0,0,1,3,6,6,6,3,4,6,6,6,6,0,0,0,0,0,0,3,6,6,6,0,6,6,6,6,3,0,0,0,0,0,4,6,6,6,0,2,6,6,6,4,0,0,0,0,5,6,6,6,6,0,0,6,6,6,6,5,4,4,5,6,6,6,5,1,0,0,3,4,4,4,4,4,4,4,4,4,3,0,0,7,"mfeat-pixel","att60",0.9
0,0,0,0,0,0,3,6,6,6,6,6,3,0,0,0,0,0,0,1,5,6,6,6,5,5,6,6,5,1,0,0,0,3,6,6,6,5,1,0,0,1,4,4,1,0,0,3,6,6,6,5,0,0,0,0,0,0,0,2.55,0,1,5,6,6,5,1,0,0,0,0,0,0,0,0,0,5,6,6,6,1,0,0,0,0,0,0,0,0,0,0,3,6,6,6,0,0,0,0,0,0,0,0,0,0,0,4,6,6,6,0,0,0,0,0,0,0,0,0,0,0,6,6,6,6,5,2,4,4,4,4,4,2,0,0,1,6,6,6,6,6,6,6,6,6,6,6,6,5,1,5,6,6,6,6,6,6,4,4,5,6,6,6,6,6,6,6,6,6,3,0,0,0,0,0,6,6,6,6,6,6,6,6,6,0,0,0,0,0,0,6,6,6,6,6,6,6,6,6,0,0,0,0,0,3,6,6,6,6,3,1,5,6,6,5,2,2,4,5,6,6,6,3,1,0,0,0,3,4,4,4,4,4,4,4,3,0,0,0,0,7,"mfeat-pixel","att60",0.9
0,0,0,2,6,6,5,0,0,0,0,0,0,0,0,0,0,0,3,6,6,6,0,0,0,0,0,0,0,0,0,0,0,4,6,6,6,0,0,0,0,0,0,0,0,0,0,5,6,6,6,6,0,0,0,0,0,0,0,0.01,0,1,6,6,6,5,1,0,0,0,0,0,0,0,0,0,5,6,6,6,3,0,0,0,0,0,0,0,0,0,0,6,6,6,6,0,0,0,0,0,0,0,0,0,0,1,6,6,6,6,5,4,3,1,0,0,0,0,0,0,5,6,6,6,6,6,6,6,6,6,6,4,2,1,0,6,6,6,6,5,4,4,4,4,5,6,6,6,6,2,6,6,6,6,0,0,0,0,0,0,3,6,6,6,6,5,6,6,6,2,0,0,0,0,0,0,4,6,6,6,1,6,6,6,4,0,0,0,0,0,0,4,6,6,6,0,4,6,6,6,5,2,0,0,0,2,6,6,6,6,0,0,3,5,6,6,6,6,6,4,6,6,6,6,4,0,0,0,0,2,4,4,4,4,4,4,4,4,3,0,7,"mfeat-pixel","att60",0.9
0,0,0,0,0,3,6,6,6,3,0,0,0,0,0,0,0,0,0,2,6,6,6,6,5,0,0,0,0,0,0,0,0,1,6,6,6,6,6,2,0,0,0,0,0,0,0,0,3,6,6,6,6,1,0,0,0,0,0,-3.3,0,0,0,3,6,6,6,6,0,0,0,0,0,0,0,0,0,0,3,6,6,6,2,0,0,0,0,0,0,0,0,0,0,6,6,6,6,0,0,0,0,0,0,0,0,0,0,3,6,6,6,4,0,0,0,0,0,0,0,0,0,2,6,6,6,6,5,2,4,3,0,0,0,0,0,0,6,6,6,6,6,6,6,6,6,6,3,2,1,0,0,6,6,6,6,4,4,4,4,6,6,6,6,6,2,4,6,6,6,3,0,0,0,0,1,6,6,6,6,6,6,6,6,6,2,0,0,0,0,3,6,6,6,6,4,4,6,6,6,3,2,2,3,5,6,6,6,6,6,3,3,6,6,6,6,6,6,6,6,6,6,6,6,3,0,0,3,4,4,4,4,4,4,4,4,2,0,0,0,0,7,"mfeat-pixel","att60",0.9
0,0,0,0,0,0,0,0,3,5,5,1,0,0,0,0,0,0,0,0,0,0,0,6,6,6,1,0,0,0,0,0,0,0,0,0,0,4,6,6,1,0,0,0,0,0,0,0,0,0,1,5,6,6,3,0,0,0,0,1.67,0,0,0,0,0,4,6,6,6,3,0,0,0,0,0,0,0,0,0,2,6,6,6,6,5,2,2,1,0,0,0,0,0,1,6,6,6,6,6,6,6,6,6,3,0,0,0,0,4,6,6,6,6,6,6,6,6,6,6,1,0,1,5,6,6,6,3,1,0,3,6,6,6,6,5,0,6,6,6,6,3,0,0,0,0,3,6,6,6,6,0,6,6,6,6,3,0,0,0,0,4,6,6,6,6,4,6,6,6,6,0,0,0,0,2,6,6,6,6,6,4,6,6,6,6,5,1,0,0,1,6,6,6,6,4,0,6,6,6,6,6,6,5,4,5,6,6,6,6,0,0,2,6,6,6,6,6,6,6,6,6,5,2,1,0,0,0,3,4,4,4,4,4,4,4,4,1,0,0,0,7,"mfeat-pixel","att60",0.9
0,0,0,2,3,4,4,5,5,1,0,0,0,0,0,0,2,5,6,6,6,6,6,6,2,0,0,0,0,0,3,6,6,6,6,6,5,4,1,0,0,0,0,0,0,5,6,6,5,2,1,0,0,0,0,0,0,0,0,-1.11,6,6,6,3,0,0,0,0,0,0,0,0,0,0,0,6,6,6,3,0,0,0,1,4,4,4,3,0,0,0,3,6,6,5,1,1,5,6,6,6,6,6,3,0,0,1,6,6,6,6,6,6,6,6,6,6,6,6,5,0,0,3,6,6,6,6,6,6,5,2,3,6,6,6,3,0,2,6,6,6,6,6,3,0,0,0,5,6,6,3,0,0,4,6,6,6,4,0,0,0,0,3,6,6,6,0,0,0,6,6,6,2,0,0,0,0,3,6,6,3,0,0,0,6,6,6,2,0,0,0,1,5,6,5,1,0,0,0,6,6,6,1,0,1,4,6,6,5,1,0,0,0,2,6,6,6,5,5,6,6,5,3,0,0,0,0,0,0,3,4,4,4,4,3,1,0,0,0,0,0,7,"mfeat-pixel","att60",0.9
0,0,0,3,4,4,5,6,5,0,0,0,0,0,0,0,0,0,6,6,6,6,6,4,0,0,0,0,0,0,0,0,5,6,6,6,6,6,2,0,0,0,0,0,0,0,1,6,6,6,6,6,4,0,0,0,0,0,0,-2.24,0,6,6,6,6,6,6,6,3,0,0,0,0,0,0,0,6,6,6,6,6,6,4,1,0,0,0,0,0,0,1,6,6,6,6,6,3,0,0,0,0,0,0,0,0,3,6,6,6,6,6,3,0,0,0,0,0,0,0,0,4,6,6,6,6,6,3,0,0,0,0,0,0,0,0,6,6,6,6,6,6,5,2,2,1,0,0,0,0,0,6,6,6,6,6,6,6,6,6,6,5,3,1,0,0,6,6,6,6,6,6,6,6,6,6,6,6,6,6,5,3,6,6,6,6,6,6,6,6,6,6,6,6,6,6,5,6,6,6,6,6,4,0,2,6,6,6,6,6,6,6,6,6,6,6,6,6,4,6,6,6,6,6,6,6,3,4,4,4,4,4,4,4,4,4,4,4,4,4,3,7,"mfeat-pixel","att60",0.9
0,0,0,0,0,0,0,0,3,6,5,0,0,0,0,0,0,0,0,0,0,1,5,6,5,1,0,0,0,0,0,0,0,0,0,1,6,6,3,0,0,0,0,0,0,0,0,0,0,3,6,6,4,0,0,0,0,0,0,-0.43,0,0,0,1,6,6,5,0,0,0,0,0,0,0,0,0,0,2,6,6,6,2,0,0,0,0,0,0,0,0,0,0,4,6,6,6,1,0,0,0,0,0,0,0,0,0,2,6,6,6,6,6,6,6,6,6,6,2,0,0,0,4,6,6,6,6,6,6,6,6,6,6,6,2,0,0,6,6,6,6,6,5,1,1,3,6,6,6,6,2,2,6,6,6,6,3,0,0,0,0,4,6,6,6,3,3,6,6,6,3,0,0,0,0,0,1,6,6,6,3,3,6,6,6,6,3,1,0,0,0,4,6,6,5,0,0,3,6,6,6,6,6,4,4,6,6,6,6,1,0,0,0,1,6,6,6,6,6,6,6,6,6,1,0,0,0,0,0,1,2,2,3,4,4,4,2,1,0,0,0,7,"mfeat-pixel","att60",0.9
0,0,0,0,2,6,6,6,5,0,0,0,0,0,0,0,0,0,0,3,6,6,6,6,6,6,4,3,1,0,0,0,0,0,1,5,6,6,6,6,6,6,6,6,5,0,0,0,0,0,0,3,4,4,6,6,6,6,6,4.14,0,0,0,0,0,0,0,0,2,6,6,6,6,6,3,0,0,0,0,0,0,0,2,6,6,6,6,6,1,0,0,0,0,0,0,0,1,6,6,6,6,6,3,0,0,0,0,0,0,0,2,6,6,6,6,5,3,0,0,0,0,0,0,0,1,5,6,6,6,4,0,0,0,0,0,0,0,0,3,6,6,6,6,4,0,0,0,0,0,0,0,0,4,6,6,6,6,5,0,0,0,0,0,0,0,0,5,6,6,6,6,6,1,0,0,0,0,0,0,0,2,6,6,6,6,6,3,0,0,0,0,0,0,0,0,6,6,6,6,6,1,0,0,0,0,0,0,0,0,0,6,6,6,6,3,0,0,0,0,0,0,0,0,0,0,4,4,4,4,1,0,0,0,0,0,0,0,0,0,0,8,"mfeat-pixel","att60",0.9
0,0,0,0,2,2,0,2,2,3,5,6,6,5,1,1,5,6,6,6,6,6,6,6,6,6,6,6,6,3,2,6,6,6,6,6,6,6,6,6,6,6,6,6,6,0,1,4,2,5,6,3,2,2,5,6,6,6,6,4.97,0,0,0,0,0,0,0,0,0,5,6,6,6,6,1,0,0,0,0,0,0,0,0,0,6,6,6,6,3,0,0,0,0,0,0,0,0,0,0,6,6,6,6,1,0,0,0,0,0,0,0,0,0,3,6,6,6,6,1,0,0,0,0,0,0,0,0,0,3,6,6,6,6,1,0,0,0,0,0,0,0,0,0,3,6,6,6,3,0,0,0,0,0,0,0,0,0,0,3,6,6,6,6,0,0,0,0,0,0,0,0,0,0,3,6,6,6,6,0,0,0,0,0,0,0,0,0,0,5,6,6,6,6,2,0,0,0,0,0,0,0,0,0,6,6,6,6,6,1,0,0,0,0,0,0,0,0,0,1,5,6,6,6,6,0,0,0,0,0,0,0,0,0,0,0,3,4,4,1,0,8,"mfeat-pixel","att60",0.9
5,6,6,6,6,6,6,6,6,4,5,6,5,4,3,6,6,6,6,6,6,6,6,6,6,6,6,6,6,6,5,6,6,6,6,5,2,2,3,5,6,6,6,6,6,1,6,6,6,6,5,0,0,0,1,6,6,6,6,4.03,0,6,6,6,6,6,0,0,0,1,5,6,6,6,2,0,6,6,6,6,6,0,0,0,1,5,6,6,6,0,0,1,4,6,6,5,0,0,1,6,6,6,6,5,0,0,0,0,0,0,0,0,2,6,6,6,6,4,0,0,0,0,0,0,0,0,3,6,6,6,6,6,3,0,0,0,0,0,0,0,0,6,6,6,6,6,6,3,0,0,0,0,0,0,0,1,6,6,6,6,5,2,0,0,0,0,0,0,0,2,6,6,6,6,6,3,0,0,0,0,0,0,0,0,3,6,6,6,6,6,2,0,0,0,0,0,0,0,2,5,6,6,6,6,1,0,0,0,0,0,0,0,3,6,6,6,6,6,6,0,0,0,0,0,0,0,0,1,4,4,4,4,4,3,0,0,0,0,0,0,8,"mfeat-pixel","att60",0.9
2,6,6,6,6,6,6,6,6,6,6,6,6,6,2,2,6,6,6,6,6,6,6,6,6,6,6,6,6,2,0,6,6,6,6,6,3,3,6,6,6,6,6,6,0,0,6,6,6,6,3,0,0,6,6,6,6,6,6,-0.03,0,6,6,6,6,2,0,0,6,6,6,6,6,6,0,0,1,4,2,1,0,0,0,6,6,6,6,6,2,0,0,0,0,0,0,0,0,0,6,6,6,6,6,0,0,0,0,0,0,0,0,0,4,6,6,6,6,2,0,0,0,0,0,0,0,0,0,6,6,6,6,6,0,0,0,0,0,0,0,0,0,0,6,6,6,6,6,0,0,0,0,0,0,0,0,0,0,6,6,6,6,6,0,0,0,0,0,0,0,0,0,4,6,6,6,6,1,0,0,0,0,0,0,0,0,0,5,6,6,6,4,0,0,0,0,0,0,0,0,0,0,3,6,6,6,6,5,0,0,0,0,0,0,0,0,0,3,6,6,6,6,6,0,0,0,0,0,0,0,0,0,0,3,4,4,4,3,0,0,0,8,"mfeat-pixel","att60",0.9
3,4,4,4,4,4,4,6,6,5,4,6,5,4,3,6,6,6,6,6,6,6,6,6,6,6,6,6,6,4,1,2,2,1,0,0,2,2,2,5,6,6,6,6,3,0,0,0,0,0,0,0,0,0,4,6,6,6,6,0.88,0,0,0,0,0,0,0,1,5,6,6,6,6,5,1,0,0,0,0,0,0,0,3,6,6,6,6,4,0,0,0,0,0,0,0,0,0,3,6,6,6,6,3,0,0,0,0,0,0,0,0,0,4,6,6,6,6,3,0,0,0,0,0,0,0,0,1,6,6,6,6,5,1,0,0,0,0,0,0,0,2,6,6,6,6,6,4,0,0,0,0,0,0,0,0,0,4,6,6,6,6,6,2,0,0,0,0,0,0,0,2,6,6,6,6,6,1,0,0,0,0,0,0,0,0,3,6,6,6,6,6,0,0,0,0,0,0,0,0,0,3,6,6,6,6,6,0,0,0,0,0,0,0,0,2,6,6,6,6,5,1,0,0,0,0,0,0,0,0,0,3,4,4,4,1,0,0,0,0,0,8,"mfeat-pixel","att60",0.9
5,6,6,6,6,6,6,6,6,6,6,6,6,6,6,6,6,6,6,6,6,6,6,6,6,6,6,6,6,6,6,6,6,6,6,4,5,5,3,2,5,6,6,6,6,6,6,6,6,6,0,0,0,0,0,3,6,6,6,3.48,5,6,6,6,6,3,0,0,0,0,5,6,6,6,6,0,3,6,6,6,3,0,0,0,1,6,6,6,6,4,0,0,1,4,3,0,0,0,0,3,6,6,6,6,0,0,0,0,0,0,0,0,0,0,2,6,6,6,3,0,0,0,0,0,0,0,0,0,0,0,6,6,6,3,0,0,0,0,0,0,0,0,0,0,2,6,6,6,3,0,0,0,0,0,0,0,0,0,0,3,6,6,6,1,0,0,0,0,0,0,0,0,0,0,4,6,6,6,2,0,0,0,0,0,0,0,0,0,0,6,6,6,2,0,0,0,0,0,0,0,0,0,0,1,6,6,6,0,0,0,0,0,0,0,0,0,0,0,5,6,6,6,0,0,0,0,0,0,0,0,0,0,0,3,4,4,4,0,0,0,8,"mfeat-pixel","att60",0.9
0,0,3,6,6,5,4,6,4,2,2,2,2,0,0,0,2,6,6,6,6,6,6,6,6,6,6,6,5,1,0,0,3,4,4,4,4,5,6,6,6,6,6,6,3,0,0,0,0,0,0,0,1,6,6,6,6,6,6,-1.07,0,0,0,0,0,0,0,2,6,6,6,6,6,6,0,0,0,0,0,0,0,0,0,6,6,6,6,6,6,0,0,0,0,0,0,0,0,1,6,6,6,6,6,2,0,0,0,0,0,0,0,1,5,6,6,6,6,4,0,0,0,0,0,0,0,0,3,6,6,6,6,4,0,0,0,0,0,0,0,0,2,6,6,6,6,6,2,0,0,0,0,0,0,0,1,6,6,6,6,6,4,0,0,0,0,0,0,0,0,5,6,6,6,6,6,5,0,0,0,0,0,0,0,1,6,6,6,6,6,6,1,0,0,0,0,0,0,2,6,6,6,6,6,5,3,0,0,0,0,0,0,2,6,6,6,6,6,6,0,0,0,0,0,0,0,0,0,3,4,4,4,4,3,0,0,0,0,0,0,0,8,"mfeat-pixel","att60",0.9
0,3,6,6,6,6,6,6,6,6,4,6,6,5,3,4,6,6,6,6,6,6,6,6,6,6,6,6,6,6,6,6,6,6,5,2,2,2,2,5,6,6,6,6,4,2,6,6,6,5,0,0,0,0,0,6,6,6,6,2.44,0,4,6,6,6,5,0,0,0,2,6,6,6,6,3,0,0,3,6,6,5,0,0,0,2,6,6,6,6,3,0,0,0,0,2,0,0,0,0,2,6,6,6,6,3,0,0,0,0,0,0,0,0,0,2,6,6,6,6,3,0,0,0,0,0,0,0,0,0,0,6,6,6,6,1,0,0,0,0,0,0,0,0,0,0,6,6,6,4,0,0,0,0,0,0,0,0,0,0,2,6,6,6,6,0,0,0,0,0,0,0,0,0,0,6,6,6,6,3,0,0,0,0,0,0,0,0,0,0,6,6,6,5,1,0,0,0,0,0,0,0,0,0,1,6,6,6,1,0,0,0,0,0,0,0,0,0,2,6,6,6,6,5,0,0,0,0,0,0,0,0,0,0,3,4,4,4,0,0,0,8,"mfeat-pixel","att60",0.9
3,4,4,4,4,4,4,5,6,6,6,6,6,6,5,6,6,6,6,6,6,6,6,6,6,6,6,6,6,6,3,6,6,6,6,6,6,6,6,6,6,6,6,6,6,0,0,0,0,0,0,0,0,0,6,6,6,6,6,6.66,0,0,0,0,0,0,0,0,0,6,6,6,6,5,1,0,0,0,0,0,0,0,0,4,6,6,6,6,0,0,0,0,0,0,0,0,0,1,6,6,6,6,2,0,0,0,0,0,0,0,0,0,5,6,6,6,6,0,0,0,0,0,0,0,0,0,0,1,6,6,6,6,0,0,0,0,0,0,0,0,0,0,5,6,6,6,5,0,0,0,0,0,0,0,0,0,0,6,6,6,6,3,0,0,0,0,0,0,0,0,0,2,6,6,6,6,2,0,0,0,0,0,0,0,0,0,6,6,6,6,6,0,0,0,0,0,0,0,0,0,1,6,6,6,6,6,0,0,0,0,0,0,0,0,0,5,6,6,6,6,4,0,0,0,0,0,0,0,0,0,3,4,4,4,4,0,0,0,0,0,8,"mfeat-pixel","att60",0.9
1,3,4,4,5,6,6,6,6,6,6,6,6,6,5,6,6,6,6,6,6,6,6,6,6,6,6,6,6,6,6,6,6,6,6,6,6,6,5,5,6,6,6,6,1,3,4,3,1,0,0,0,0,0,4,6,6,6,3,-1.27,0,0,0,0,0,0,0,0,2,6,6,6,6,2,0,0,0,0,0,0,0,0,2,6,6,6,6,4,0,0,0,0,0,0,0,0,0,6,6,6,6,6,3,0,0,0,0,0,0,0,0,1,6,6,6,6,5,0,0,0,0,0,0,0,0,0,5,6,6,6,6,1,0,0,0,0,0,0,0,0,0,6,6,6,6,5,0,0,0,0,0,0,0,0,0,4,6,6,6,5,0,0,0,0,0,0,0,0,0,5,6,6,6,6,3,0,0,0,0,0,0,0,0,0,4,6,6,6,6,1,0,0,0,0,0,0,0,0,5,6,6,6,6,6,0,0,0,0,0,0,0,0,3,6,6,6,6,6,6,0,0,0,0,0,0,0,0,2,4,4,4,4,4,4,0,0,0,0,0,0,8,"mfeat-pixel","att60",0.9
5,6,6,6,6,6,6,6,6,6,6,4,4,4,1,6,6,6,6,6,6,6,6,6,6,6,6,6,6,6,6,6,6,6,4,4,4,6,4,6,6,6,6,5,3,6,6,6,5,0,0,0,0,3,6,6,6,6,3,-1.27,6,6,5,1,0,0,0,0,6,6,6,6,4,0,0,1,1,0,0,0,0,1,5,6,6,6,6,0,0,0,0,0,0,0,0,0,3,6,6,6,6,2,0,0,0,0,0,0,0,0,1,6,6,6,6,4,0,0,0,0,0,0,0,0,0,4,6,6,6,6,3,0,0,0,0,0,0,0,0,0,6,6,6,6,6,3,0,0,0,0,0,0,0,0,2,6,6,6,6,6,3,0,0,0,0,0,0,0,0,0,5,6,6,6,6,3,0,0,0,0,0,0,0,0,0,4,6,6,6,6,3,0,0,0,0,0,0,0,0,0,6,6,6,6,6,0,0,0,0,0,0,0,0,0,3,6,6,6,6,6,0,0,0,0,0,0,0,0,0,2,4,4,4,4,1,0,0,0,0,0,8,"mfeat-pixel","att60",0.9
1,5,6,6,6,6,6,6,6,6,6,6,6,6,5,6,6,6,6,6,6,6,6,6,6,6,6,6,6,6,3,4,5,6,6,6,6,6,6,6,6,6,6,6,4,0,0,0,1,2,2,2,0,3,6,6,6,6,6,-1.34,0,0,0,0,0,0,0,0,3,6,6,6,6,5,0,0,0,0,0,0,0,0,1,6,6,6,6,5,1,0,0,0,0,0,0,0,1,6,6,6,6,5,1,0,0,0,0,0,0,0,0,5,6,6,6,6,3,0,0,0,0,0,0,0,0,4,6,6,6,6,6,2,0,0,0,0,0,0,0,0,6,6,6,6,5,1,0,0,0,0,0,0,0,1,5,6,6,6,6,0,0,0,0,0,0,0,0,0,3,6,6,6,6,6,0,0,0,0,0,0,0,0,1,6,6,6,6,6,6,0,0,0,0,0,0,0,0,3,6,6,6,6,6,6,0,0,0,0,0,0,0,0,4,6,6,6,6,6,2,0,0,0,0,0,0,0,0,4,4,4,4,4,3,0,0,0,0,0,0,0,8,"mfeat-pixel","att60",0.9
1,5,6,6,6,6,6,6,6,6,6,6,6,5,1,6,6,6,6,6,6,6,6,6,6,6,6,6,6,6,6,6,6,6,6,6,4,4,4,4,6,6,6,6,6,5,6,6,6,5,1,0,0,0,3,6,6,6,6,0.97,0,2,2,2,0,0,0,0,2,6,6,6,6,6,3,0,0,0,0,0,0,0,0,4,6,6,6,6,5,0,0,0,0,0,0,0,0,2,6,6,6,6,5,0,0,0,0,0,0,0,0,0,5,6,6,6,6,3,0,0,0,0,0,0,0,0,4,6,6,6,6,5,0,0,0,0,0,0,0,0,2,6,6,6,6,6,2,0,0,0,0,0,0,0,0,4,6,6,6,6,6,0,0,0,0,0,0,0,0,0,6,6,6,6,6,4,0,0,0,0,0,0,0,0,3,6,6,6,6,5,0,0,0,0,0,0,0,0,2,6,6,6,6,6,3,0,0,0,0,0,0,0,0,3,6,6,6,6,4,0,0,0,0,0,0,0,0,0,1,4,4,4,3,0,0,0,0,0,0,0,8,"mfeat-pixel","att60",0.9
0,0,0,0,0,0,0,0,0,0,2,4,4,6,3,5,6,6,6,6,6,6,6,6,6,6,6,6,6,6,5,6,6,6,6,6,6,6,6,6,6,6,6,6,5,0,0,2,2,2,1,0,0,2,5,6,6,6,5,0.69,0,0,0,0,0,0,0,0,1,5,6,6,6,1,0,0,0,0,0,0,0,0,0,6,6,6,6,6,0,0,0,0,0,0,0,1,4,5,6,6,6,5,1,0,0,0,0,0,0,0,3,6,6,6,6,4,0,0,0,0,0,0,0,0,1,6,6,6,6,5,0,0,0,0,0,0,0,0,0,4,6,6,6,6,2,0,0,0,0,0,0,0,0,2,6,6,6,6,1,0,0,0,0,0,0,0,0,0,3,6,6,6,6,0,0,0,0,0,0,0,0,0,1,5,6,6,6,6,0,0,0,0,0,0,0,0,0,6,6,6,6,6,4,0,0,0,0,0,0,0,0,4,6,6,6,6,5,0,0,0,0,0,0,0,0,0,3,4,4,4,3,0,0,0,0,0,0,0,0,0,8,"mfeat-pixel","att60",0.9
6,6,6,6,6,6,6,6,6,6,6,6,6,6,5,6,6,6,6,6,6,6,6,6,6,6,6,6,6,6,6,6,6,4,0,2,2,2,0,0,6,6,6,6,6,5,6,6,3,0,0,0,0,0,3,6,6,6,6,2.59,0,3,3,0,0,0,0,0,0,3,6,6,6,6,1,0,0,0,0,0,0,0,0,0,3,6,6,6,3,0,0,0,0,0,0,0,0,0,1,6,6,6,6,3,0,0,0,0,0,0,0,0,0,3,6,6,6,6,2,0,0,0,0,0,0,0,0,0,3,6,6,6,4,0,0,0,0,0,0,0,0,0,0,3,6,6,6,1,0,0,0,0,0,0,0,0,0,0,3,6,6,3,0,0,0,0,0,0,0,0,0,0,0,3,6,6,6,0,0,0,0,0,0,0,0,0,0,0,4,6,6,5,0,0,0,0,0,0,0,0,0,0,2,6,6,6,3,0,0,0,0,0,0,0,0,0,0,3,6,6,6,3,0,0,0,0,0,0,0,0,0,0,1,4,4,4,2,0,0,0,8,"mfeat-pixel","att60",0.9
6,6,6,6,6,6,6,6,6,6,6,6,6,6,5,5,6,6,6,6,6,6,6,6,6,6,6,6,6,5,0,1,2,2,1,0,0,0,0,1,6,6,6,6,1,0,0,0,0,0,0,0,0,0,3,6,6,6,6,-0.58,0,0,0,0,0,0,0,0,3,6,6,6,6,1,0,0,0,0,0,0,0,0,0,6,6,6,6,1,0,0,0,0,0,0,0,0,0,0,6,6,6,6,0,0,0,0,0,0,0,0,0,0,3,6,6,6,4,0,0,0,0,0,0,0,0,0,3,6,6,6,6,0,0,0,0,0,0,0,0,0,0,6,6,6,6,5,0,0,0,0,0,0,0,0,0,1,6,6,6,6,1,0,0,0,0,0,0,0,0,0,5,6,6,6,2,0,0,0,0,0,0,0,0,0,0,6,6,6,6,0,0,0,0,0,0,0,0,0,0,0,6,6,6,6,0,0,0,0,0,0,0,0,0,0,2,6,6,6,4,0,0,0,0,0,0,0,0,0,0,4,4,4,4,0,0,0,0,0,0,0,8,"mfeat-pixel","att60",0.9
3,4,4,6,6,6,6,6,4,4,4,4,4,4,3,5,6,6,6,6,6,6,6,6,6,6,6,6,6,5,0,2,3,5,6,6,6,6,6,6,6,6,6,6,1,0,0,0,0,0,0,0,1,5,6,6,6,6,2,-0.79,0,0,0,0,0,0,0,0,4,6,6,6,2,0,0,0,0,0,0,0,0,0,4,6,6,6,4,0,0,0,0,0,0,0,0,0,3,6,6,6,6,2,0,0,0,0,0,0,0,0,3,6,6,6,6,3,0,0,0,0,0,0,0,0,0,6,6,6,6,6,0,0,0,0,0,0,0,0,0,0,6,6,6,6,4,0,0,0,0,0,0,0,0,1,5,6,6,6,6,3,0,0,0,0,0,0,0,0,3,6,6,6,6,5,0,0,0,0,0,0,0,0,0,6,6,6,6,6,3,0,0,0,0,0,0,0,0,1,6,6,6,6,6,5,0,0,0,0,0,0,0,0,2,6,6,6,6,6,3,0,0,0,0,0,0,0,0,0,1,3,4,4,3,0,0,0,0,0,0,0,8,"mfeat-pixel","att60",0.9
6,6,6,6,6,6,6,6,6,6,6,6,6,5,1,6,6,6,6,6,6,6,6,6,6,6,6,6,5,1,1,2,2,2,2,3,5,6,6,6,6,6,1,0,0,0,0,0,0,0,0,3,6,6,6,6,5,0,0,1.93,0,0,0,0,0,0,0,6,6,6,6,1,0,0,0,0,0,0,0,0,0,3,6,6,6,4,0,0,0,0,0,0,0,0,0,0,3,6,6,6,0,0,0,0,0,0,0,0,0,0,3,6,6,6,6,0,0,0,0,0,0,0,0,0,0,6,6,6,6,6,0,0,0,0,0,0,0,0,0,0,6,6,6,6,3,0,0,0,0,0,0,0,0,0,2,6,6,6,3,0,0,0,0,0,0,0,0,0,0,6,6,6,6,2,0,0,0,0,0,0,0,0,0,2,6,6,6,4,0,0,0,0,0,0,0,0,0,0,6,6,6,6,3,0,0,0,0,0,0,0,0,0,3,6,6,6,6,2,0,0,0,0,0,0,0,0,2,4,4,4,4,1,0,0,0,0,0,0,0,0,8,"mfeat-pixel","att60",0.9
5,6,6,6,6,6,6,6,6,6,6,6,6,6,3,6,6,6,6,6,6,6,6,6,6,6,6,6,6,6,6,6,6,6,3,1,1,3,6,6,6,6,6,5,1,5,6,3,0,0,0,0,3,6,6,6,3,2,0,4.39,0,0,0,0,0,0,4,6,6,6,5,0,0,0,0,0,0,0,0,0,3,6,6,6,5,0,0,0,0,0,0,0,0,0,1,6,6,6,6,2,0,0,0,0,0,0,0,0,0,6,6,6,6,2,0,0,0,0,0,0,0,0,0,1,6,6,6,6,0,0,0,0,0,0,0,0,0,0,5,6,6,5,1,0,0,0,0,0,0,0,0,0,2,6,6,4,0,0,0,0,0,0,0,0,0,0,0,3,6,6,6,1,0,0,0,0,0,0,0,0,0,0,5,6,6,6,4,0,0,0,0,0,0,0,0,0,0,6,6,6,6,5,0,0,0,0,0,0,0,0,0,4,6,6,6,5,1,0,0,0,0,0,0,0,0,0,4,4,4,4,2,0,0,0,0,0,0,0,0,0,8,"mfeat-pixel","att60",0.9
1,4,4,5,6,5,4,4,4,4,4,4,4,4,3,1,6,6,6,6,6,6,6,6,6,6,6,6,6,6,2,6,6,6,6,3,2,2,2,5,6,6,6,6,6,3,6,6,6,3,0,0,0,0,3,6,6,6,5,-1.66,6,6,6,6,5,0,0,0,3,6,6,6,6,4,0,6,6,6,6,3,0,0,1,6,6,6,6,6,4,0,1,1,0,0,0,0,0,5,6,6,6,6,5,0,0,0,0,0,0,0,0,3,6,6,6,6,4,0,0,0,0,0,0,0,0,3,6,6,6,6,6,2,0,0,0,0,0,0,0,0,4,6,6,6,6,4,0,0,0,0,0,0,0,0,0,6,6,6,6,6,3,0,0,0,0,0,0,0,0,2,6,6,6,6,6,0,0,0,0,0,0,0,0,0,3,6,6,6,6,3,0,0,0,0,0,0,0,0,0,5,6,6,6,6,1,0,0,0,0,0,0,0,0,0,5,6,6,6,6,6,0,0,0,0,0,0,0,0,0,1,4,4,4,4,1,0,0,0,0,0,8,"mfeat-pixel","att60",0.9
6,6,6,6,6,6,6,6,6,6,6,6,6,6,5,3,6,6,6,6,6,6,6,6,6,6,6,6,6,6,0,1,2,2,2,2,2,2,2,4,6,6,6,6,6,0,0,0,0,0,0,0,0,0,0,4,6,6,6,6.98,0,0,0,0,0,0,0,0,0,5,6,6,6,6,1,0,0,0,0,0,0,0,0,0,6,6,6,6,3,0,0,0,0,0,0,0,0,0,4,6,6,6,6,3,0,0,0,0,0,0,0,0,0,6,6,6,6,6,1,0,0,0,0,0,0,0,0,0,6,6,6,6,3,0,0,0,0,0,0,0,0,0,4,6,6,6,6,3,0,0,0,0,0,0,0,0,0,6,6,6,6,6,3,0,0,0,0,0,0,0,0,0,2,6,6,6,6,3,0,0,0,0,0,0,0,0,0,0,6,6,6,6,3,0,0,0,0,0,0,0,0,0,0,6,6,6,6,4,0,0,0,0,0,0,0,0,0,0,4,6,6,6,6,0,0,0,0,0,0,0,0,0,0,2,4,4,4,1,0,0,8,"mfeat-pixel","att60",0.9
3,6,6,6,6,6,6,6,6,6,6,6,6,6,3,3,6,6,6,6,6,6,6,6,6,6,6,6,6,6,0,1,5,5,3,3,5,6,6,6,6,6,6,6,4,0,0,0,0,0,0,0,0,3,6,6,6,6,6,-0.13,0,0,0,0,0,0,0,0,3,6,6,6,6,6,0,0,0,0,0,0,0,0,0,3,6,6,6,6,6,2,0,0,0,0,0,0,0,0,3,6,6,6,6,5,0,0,0,0,0,0,0,0,0,5,6,6,6,6,1,0,0,0,0,0,0,0,0,0,6,6,6,6,3,0,0,0,0,0,0,0,0,0,0,6,6,6,6,3,0,0,0,0,0,0,0,0,0,2,6,6,6,6,3,0,0,0,0,0,0,0,0,0,0,6,6,6,6,3,0,0,0,0,0,0,0,0,0,2,6,6,6,6,3,0,0,0,0,0,0,0,0,0,4,6,6,6,6,3,0,0,0,0,0,0,0,0,0,6,6,6,6,6,4,0,0,0,0,0,0,0,0,0,1,4,4,4,4,4,0,0,8,"mfeat-pixel","att60",0.9
5,6,6,6,6,6,6,6,6,6,6,6,6,6,5,3,6,6,6,6,6,6,6,6,6,6,6,6,6,5,0,1,2,2,2,2,2,2,4,6,6,6,6,5,0,0,0,0,0,0,0,0,0,5,6,6,6,6,2,5.62,0,0,0,0,0,0,0,4,6,6,6,6,2,0,0,0,0,0,0,0,0,0,6,6,6,6,3,0,0,0,0,0,0,0,0,0,4,6,6,6,6,3,0,0,0,0,0,0,0,0,0,6,6,6,6,6,3,0,0,0,0,0,0,0,0,0,6,6,6,6,5,1,0,0,0,0,0,0,0,0,0,6,6,6,6,0,0,0,0,0,0,0,0,0,0,0,6,6,6,6,0,0,0,0,0,0,0,0,0,0,0,6,6,6,6,0,0,0,0,0,0,0,0,0,0,0,6,6,6,6,0,0,0,0,0,0,0,0,0,0,0,6,6,6,6,1,0,0,0,0,0,0,0,0,0,0,6,6,6,6,6,0,0,0,0,0,0,0,0,0,0,3,4,4,4,1,0,0,0,0,8,"mfeat-pixel","att60",0.9
2,6,6,6,6,6,6,5,4,4,4,5,6,6,5,1,5,6,6,6,6,6,6,6,6,6,6,6,6,6,0,0,2,3,5,6,6,6,6,6,6,6,6,6,6,0,0,0,0,0,0,1,2,5,6,6,6,6,5,1.91,0,0,0,0,0,0,0,1,5,6,6,6,5,1,0,0,0,0,0,0,0,2,6,6,6,6,6,1,0,0,0,0,0,0,0,0,4,6,6,6,6,3,0,0,0,0,0,0,0,0,4,6,6,6,6,3,0,0,0,0,0,0,0,0,4,6,6,6,5,1,0,0,0,0,0,0,0,0,2,6,6,6,5,0,0,0,0,0,0,0,0,0,0,4,6,6,6,1,0,0,0,0,0,0,0,0,0,5,6,6,6,5,0,0,0,0,0,0,0,0,0,1,6,6,6,3,0,0,0,0,0,0,0,0,0,1,5,6,6,6,0,0,0,0,0,0,0,0,0,0,5,6,6,6,3,0,0,0,0,0,0,0,0,0,0,4,4,4,4,1,0,0,0,0,0,0,0,0,0,0,8,"mfeat-pixel","att60",0.9
1,5,6,6,6,6,6,6,6,6,6,6,6,5,1,5,6,6,6,6,6,6,6,6,6,6,6,6,6,4,0,2,4,4,4,4,3,2,2,3,5,6,6,6,6,0,0,0,0,0,0,0,0,0,0,3,6,6,6,6.86,0,0,0,0,0,0,0,0,0,0,3,6,6,6,6,0,0,0,0,0,0,0,0,0,0,3,6,6,6,6,0,0,0,0,0,0,0,0,0,3,6,6,6,6,3,0,0,0,0,0,0,0,0,0,6,6,6,6,6,3,0,0,0,0,0,0,0,0,0,6,6,6,6,6,1,0,0,0,0,0,0,0,0,0,6,6,6,6,3,0,0,0,0,0,0,0,0,0,0,6,6,6,6,3,0,0,0,0,0,0,0,0,0,4,6,6,6,6,3,0,0,0,0,0,0,0,0,0,6,6,6,6,6,3,0,0,0,0,0,0,0,0,1,6,6,6,6,6,2,0,0,0,0,0,0,0,0,5,6,6,6,6,2,0,0,0,0,0,0,0,0,0,3,4,4,4,1,0,0,0,8,"mfeat-pixel","att60",0.9
1,4,4,5,6,6,6,6,6,6,6,6,6,6,5,3,6,6,6,6,6,6,6,6,6,6,6,6,6,6,0,5,6,6,6,4,4,3,2,3,6,6,6,6,6,0,3,6,6,3,0,0,0,0,0,6,6,6,6,7.49,0,3,6,6,5,0,0,0,0,0,6,6,6,6,3,0,3,6,6,6,0,0,0,0,4,6,6,6,6,2,0,0,3,4,1,0,0,0,1,6,6,6,6,3,0,0,0,0,0,0,0,0,3,6,6,6,6,4,0,0,0,0,0,0,0,0,1,6,6,6,6,5,1,0,0,0,0,0,0,0,0,3,6,6,6,4,0,0,0,0,0,0,0,0,0,0,5,6,6,6,0,0,0,0,0,0,0,0,0,0,0,6,6,6,5,0,0,0,0,0,0,0,0,0,0,2,6,6,6,3,0,0,0,0,0,0,0,0,0,0,6,6,6,6,1,0,0,0,0,0,0,0,0,0,0,6,6,6,6,2,0,0,0,0,0,0,0,0,0,0,3,4,4,4,2,0,0,0,0,0,8,"mfeat-pixel","att60",0.9
6,6,6,6,6,6,6,6,6,6,6,6,6,6,6,3,4,6,6,6,6,6,6,6,6,6,6,6,6,3,0,0,0,0,0,2,2,2,2,6,6,6,6,2,0,0,0,0,0,0,0,0,0,0,6,6,6,6,0,0.46,0,0,0,0,0,0,0,0,0,6,6,6,2,0,0,0,0,0,0,0,0,0,0,4,6,6,6,0,0,0,0,0,0,0,0,0,0,0,6,6,6,4,0,0,0,0,0,0,0,0,0,0,4,6,6,6,0,0,0,0,0,0,0,0,0,0,0,6,6,6,4,0,0,0,0,0,0,0,0,0,0,4,6,6,6,0,0,0,0,0,0,0,0,0,0,0,6,6,6,6,0,0,0,0,0,0,0,0,0,0,0,6,6,6,6,0,0,0,0,0,0,0,0,0,0,0,6,6,6,6,0,0,0,0,0,0,0,0,0,0,0,6,6,6,6,0,0,0,0,0,0,0,0,0,0,0,6,6,6,6,0,0,0,0,0,0,0,0,0,0,0,4,4,4,3,0,0,0,0,0,8,"mfeat-pixel","att60",0.9
6,6,6,6,6,6,6,6,6,6,6,6,6,4,1,6,6,6,6,6,6,6,6,6,6,6,6,6,6,6,6,6,6,6,5,2,2,2,3,6,6,6,6,6,4,6,6,6,6,1,0,0,0,2,6,6,6,6,3,-0.61,3,6,5,1,0,0,0,0,5,6,6,6,3,0,0,0,0,0,0,0,0,0,3,6,6,6,6,0,0,0,0,0,0,0,0,0,0,4,6,6,6,2,0,0,0,0,0,0,0,0,0,2,6,6,6,4,0,0,0,0,0,0,0,0,0,0,3,6,6,6,2,0,0,0,0,0,0,0,0,0,0,3,6,6,4,0,0,0,0,0,0,0,0,0,0,0,3,6,6,3,0,0,0,0,0,0,0,0,0,0,3,6,6,6,3,0,0,0,0,0,0,0,0,0,0,6,6,6,6,0,0,0,0,0,0,0,0,0,0,2,6,6,6,6,0,0,0,0,0,0,0,0,0,0,3,6,6,6,5,0,0,0,0,0,0,0,0,0,0,2,4,4,4,2,0,0,0,0,0,0,8,"mfeat-pixel","att60",0.9
1,5,6,6,6,6,5,3,2,2,2,2,2,4,3,5,6,6,6,6,6,6,6,6,6,6,6,6,6,6,6,6,6,6,6,6,6,6,6,6,6,6,6,6,6,6,6,6,6,5,4,5,6,6,6,6,6,6,6,7.41,3,6,6,5,1,0,0,1,2,6,6,6,6,3,0,0,1,2,0,0,0,0,0,0,6,6,6,3,0,0,0,0,0,0,0,0,0,0,1,6,6,6,3,0,0,0,0,0,0,0,0,0,0,5,6,6,6,3,0,0,0,0,0,0,0,0,0,1,6,6,6,6,3,0,0,0,0,0,0,0,0,0,3,6,6,6,6,3,0,0,0,0,0,0,0,0,1,6,6,6,6,5,0,0,0,0,0,0,0,0,0,3,6,6,6,6,3,0,0,0,0,0,0,0,0,0,3,6,6,6,4,0,0,0,0,0,0,0,0,0,0,4,6,6,6,3,0,0,0,0,0,0,0,0,0,0,6,6,6,6,6,0,0,0,0,0,0,0,0,0,0,4,4,4,4,3,0,0,0,0,8,"mfeat-pixel","att60",0.9
1,4,6,6,6,6,6,6,6,6,6,6,6,6,3,6,6,6,6,6,6,6,6,6,6,6,6,6,6,6,6,6,6,6,6,6,6,5,5,6,6,6,6,4,1,6,6,6,6,0,0,0,0,5,6,6,6,1,0,3.09,6,6,6,6,0,0,0,5,6,6,6,2,0,0,0,3,4,4,1,0,0,4,6,6,6,4,0,0,0,0,0,0,0,0,0,2,6,6,6,6,3,0,0,0,0,0,0,0,0,1,6,6,6,6,5,0,0,0,0,0,0,0,0,0,3,6,6,6,6,2,0,0,0,0,0,0,0,0,0,3,6,6,6,4,0,0,0,0,0,0,0,0,0,0,4,6,6,6,3,0,0,0,0,0,0,0,0,0,0,6,6,6,6,6,1,0,0,0,0,0,0,0,0,0,6,6,6,6,6,3,0,0,0,0,0,0,0,0,0,6,6,6,6,6,0,0,0,0,0,0,0,0,0,0,6,6,6,6,6,1,0,0,0,0,0,0,0,0,0,3,4,4,4,4,1,0,0,0,0,0,8,"mfeat-pixel","att60",0.9
3,6,6,6,6,6,6,6,4,4,4,2,2,2,0,6,6,6,6,6,6,6,6,6,6,6,6,6,6,5,6,6,6,6,6,6,6,6,6,6,6,6,6,6,6,3,6,6,5,1,0,1,2,6,6,6,6,5,2,-2.17,0,1,1,0,0,0,0,1,6,6,6,6,3,0,0,0,0,0,0,0,0,0,3,6,6,6,6,1,0,0,0,0,0,0,0,0,0,3,6,6,6,1,0,0,0,0,0,0,0,0,0,2,6,6,6,2,0,0,0,0,0,0,0,0,0,0,5,6,6,6,0,0,0,0,0,0,0,0,0,0,0,6,6,6,4,0,0,0,0,0,0,0,0,0,0,1,6,6,6,0,0,0,0,0,0,0,0,0,0,0,3,6,6,6,0,0,0,0,0,0,0,0,0,0,0,5,6,6,6,0,0,0,0,0,0,0,0,0,0,0,6,6,6,6,1,0,0,0,0,0,0,0,0,0,0,6,6,6,6,3,0,0,0,0,0,0,0,0,0,0,3,4,4,4,0,0,0,0,0,0,8,"mfeat-pixel","att60",0.9
3,6,6,6,6,6,6,6,6,6,6,6,6,6,3,6,6,6,6,6,6,6,6,6,6,6,6,6,6,6,6,6,6,6,6,6,6,6,6,6,6,6,6,6,3,5,6,6,5,2,0,0,0,3,6,6,6,6,2,-1.28,0,2,2,0,0,0,0,0,4,6,6,6,4,0,0,0,0,0,0,0,0,0,0,6,6,6,6,2,0,0,0,0,0,0,0,0,0,2,6,6,6,6,0,0,0,0,0,0,0,0,0,0,6,6,6,6,6,0,0,0,0,0,0,0,0,0,0,6,6,6,6,6,0,0,0,0,0,0,0,0,0,0,6,6,6,6,2,0,0,0,0,0,0,0,0,0,0,6,6,6,6,0,0,0,0,0,0,0,0,0,0,0,6,6,6,6,0,0,0,0,0,0,0,0,0,0,4,6,6,6,4,0,0,0,0,0,0,0,0,0,0,6,6,6,6,3,0,0,0,0,0,0,0,0,0,2,6,6,6,6,3,0,0,0,0,0,0,0,0,0,0,3,4,4,4,1,0,0,0,0,8,"mfeat-pixel","att60",0.9
6,6,6,6,6,6,6,6,6,6,6,6,6,6,5,6,6,6,6,6,6,6,6,6,6,6,6,6,6,6,6,6,6,6,0,0,0,3,6,6,6,6,6,5,1,6,6,6,6,0,0,2,6,6,6,6,6,6,0,-3,6,6,6,3,0,0,6,6,6,6,6,6,1,0,0,1,2,1,0,0,0,6,6,6,6,6,1,0,0,0,0,0,0,0,0,2,6,6,6,6,5,0,0,0,0,0,0,0,0,1,6,6,6,6,6,1,0,0,0,0,0,0,0,0,5,6,6,6,6,2,0,0,0,0,0,0,0,0,0,5,6,6,6,6,0,0,0,0,0,0,0,0,0,0,4,6,6,6,6,0,0,0,0,0,0,0,0,0,0,6,6,6,6,6,0,0,0,0,0,0,0,0,0,4,6,6,6,6,2,0,0,0,0,0,0,0,0,2,6,6,6,6,6,0,0,0,0,0,0,0,0,0,2,6,6,6,6,5,0,0,0,0,0,0,0,0,0,0,3,4,4,3,0,0,0,0,0,0,0,0,8,"mfeat-pixel","att60",0.9
1,5,5,3,2,2,2,4,6,6,6,6,6,5,1,6,6,6,6,6,6,6,6,6,6,6,6,6,6,2,3,5,6,6,6,6,6,6,6,6,6,6,6,6,0,0,0,3,4,4,4,4,2,5,6,6,6,6,4,-0.12,0,0,0,0,0,0,0,0,4,6,6,6,6,0,0,0,0,0,0,0,0,0,2,6,6,6,6,4,0,0,0,0,0,0,0,0,0,3,6,6,6,6,0,0,0,0,0,0,0,0,0,1,6,6,6,6,5,0,0,0,0,0,0,0,0,0,3,6,6,6,6,1,0,0,0,0,0,0,0,0,1,6,6,6,6,6,0,0,0,0,0,0,0,0,0,3,6,6,6,5,1,0,0,0,0,0,0,0,0,1,5,6,6,6,3,0,0,0,0,0,0,0,0,0,6,6,6,6,5,0,0,0,0,0,0,0,0,0,4,6,6,6,6,3,0,0,0,0,0,0,0,0,0,6,6,6,6,6,1,0,0,0,0,0,0,0,0,0,4,4,4,4,2,0,0,0,0,0,0,0,8,"mfeat-pixel","att60",0.9
5,6,6,6,6,6,6,6,6,6,6,4,4,3,0,5,6,6,6,6,6,6,6,6,6,6,6,6,6,3,0,2,2,2,2,2,3,6,6,6,6,6,6,6,1,0,0,0,0,0,0,0,6,6,6,6,6,5,1,-3.48,0,0,0,0,0,0,0,6,6,6,6,6,3,0,0,0,0,0,0,0,1,5,6,6,6,6,6,2,0,0,0,0,0,0,0,3,6,6,6,6,6,1,0,0,0,0,0,0,0,3,6,6,6,6,5,1,0,0,0,0,0,0,0,0,6,6,6,6,6,3,0,0,0,0,0,0,0,0,1,6,6,6,6,6,5,0,0,0,0,0,0,0,2,6,6,6,6,6,6,3,0,0,0,0,0,0,0,2,6,6,6,6,6,3,0,0,0,0,0,0,0,0,0,3,6,6,6,6,6,0,0,0,0,0,0,0,0,2,6,6,6,6,6,3,0,0,0,0,0,0,0,0,2,6,6,6,6,6,5,0,0,0,0,0,0,0,0,0,1,3,4,4,3,0,0,0,0,0,0,0,8,"mfeat-pixel","att60",0.9
5,6,6,6,6,6,6,6,6,6,6,6,6,6,5,6,6,6,6,6,6,6,6,6,6,6,6,6,6,6,4,6,6,6,6,5,4,4,4,5,6,6,6,5,1,3,6,6,6,6,2,0,0,0,4,6,6,6,3,0,3,6,6,6,6,1,0,0,2,6,6,6,6,3,0,0,5,6,6,6,2,0,0,3,6,6,6,6,3,0,0,0,3,4,1,0,0,0,3,6,6,6,6,3,0,0,0,0,0,0,0,0,0,4,6,6,6,5,0,0,0,0,0,0,0,0,0,2,6,6,6,6,3,0,0,0,0,0,0,0,0,0,4,6,6,6,6,1,0,0,0,0,0,0,0,0,2,6,6,6,6,2,0,0,0,0,0,0,0,0,0,5,6,6,6,4,0,0,0,0,0,0,0,0,0,3,6,6,6,6,3,0,0,0,0,0,0,0,0,0,5,6,6,6,6,1,0,0,0,0,0,0,0,0,3,6,6,6,6,3,0,0,0,0,0,0,0,0,0,1,4,4,4,4,1,0,0,0,0,0,8,"mfeat-pixel","att60",0.9
2,6,6,6,6,5,4,4,4,4,4,4,5,6,5,0,3,5,6,6,6,6,6,6,6,6,6,6,6,6,0,0,0,0,0,0,1,3,4,6,6,6,6,6,6,0,0,0,0,0,0,0,0,0,3,6,6,6,6,6.55,0,0,0,0,0,0,0,0,0,3,6,6,6,6,6,0,0,0,0,0,0,0,0,0,3,6,6,6,6,2,0,0,0,0,0,0,0,0,0,3,6,6,6,6,0,0,0,0,0,0,0,0,0,0,3,6,6,6,6,0,0,0,0,0,0,0,0,0,0,3,6,6,6,6,0,0,0,0,0,0,0,0,0,3,6,6,6,6,6,0,0,0,0,0,0,0,0,0,6,6,6,6,6,6,0,0,0,0,0,0,0,0,0,6,6,6,6,6,6,0,0,0,0,0,0,0,0,0,6,6,6,6,6,6,0,0,0,0,0,0,0,0,0,6,6,6,6,6,6,0,0,0,0,0,0,0,0,0,6,6,6,6,6,5,0,0,0,0,0,0,0,0,0,4,4,4,4,2,0,0,8,"mfeat-pixel","att60",0.9
0,3,4,4,4,4,4,6,4,4,4,4,3,0,0,0,6,6,6,6,6,6,6,6,6,6,6,6,5,1,0,6,6,6,6,3,2,2,2,3,6,6,6,6,3,0,6,6,6,3,0,0,0,0,0,3,6,6,6,8,1,6,6,6,3,0,0,0,0,0,3,6,6,6,5,3,6,6,6,3,0,0,0,0,0,3,6,6,6,1,2,6,6,3,0,0,0,0,0,0,5,6,6,6,0,0,0,0,0,0,0,0,0,0,0,6,6,6,6,0,0,0,0,0,0,0,0,0,0,3,6,6,6,5,0,0,0,0,0,0,0,0,0,0,3,6,6,6,1,0,0,0,0,0,0,0,0,0,0,5,6,6,6,0,0,0,0,0,0,0,0,0,0,0,6,6,6,6,0,0,0,0,0,0,0,0,0,0,0,6,6,6,6,0,0,0,0,0,0,0,0,0,0,0,6,6,6,6,0,0,0,0,0,0,0,0,0,0,1,6,6,6,6,0,0,0,0,0,0,0,0,0,0,1,4,4,4,3,0,0,8,"mfeat-pixel","att60",0.9
3,6,6,6,6,6,6,6,6,6,6,6,6,4,1,6,6,6,6,6,6,6,6,6,6,6,6,6,6,2,1,2,2,2,2,2,2,2,5,6,6,6,6,2,0,0,0,0,0,0,0,0,0,5,6,6,6,6,0,0.75,0,0,0,0,0,0,0,1,6,6,6,6,5,0,0,0,0,0,0,0,0,0,5,6,6,6,4,0,0,0,0,0,0,0,0,0,0,6,6,6,6,2,0,0,0,0,0,0,0,0,1,5,6,6,6,6,3,0,0,0,0,0,0,0,0,4,6,6,6,6,6,6,6,5,1,0,0,0,0,2,6,6,6,6,6,6,6,6,6,6,0,0,0,0,3,6,6,6,6,4,0,0,1,3,3,0,0,0,0,4,6,6,6,5,1,0,0,0,0,0,0,0,0,0,6,6,6,6,0,0,0,0,0,0,0,0,0,0,0,6,6,6,6,2,0,0,0,0,0,0,0,0,0,0,6,6,6,6,4,0,0,0,0,0,0,0,0,0,0,1,4,4,4,3,0,0,0,0,0,0,8,"mfeat-pixel","att60",0.9
5,6,6,6,6,6,6,6,6,6,6,6,6,6,6,6,6,6,6,6,6,6,6,6,6,6,6,6,6,6,6,6,6,6,4,2,2,2,2,2,6,6,6,6,6,6,6,6,6,3,0,0,0,0,1,6,6,6,6,4.79,1,3,4,3,0,0,0,0,0,5,6,6,6,6,3,0,0,0,0,0,0,0,0,0,6,6,6,6,6,1,0,0,0,0,0,0,0,1,5,6,6,6,5,1,0,0,0,0,0,0,0,0,3,6,6,6,6,0,0,0,0,0,0,0,0,0,0,5,6,6,6,4,0,0,0,0,0,0,0,0,1,5,6,6,6,6,3,0,0,0,0,0,0,0,0,1,6,6,6,6,6,2,0,0,0,0,0,0,0,0,5,6,6,6,6,2,0,0,0,0,0,0,0,0,0,6,6,6,6,6,0,0,0,0,0,0,0,0,0,4,6,6,6,6,5,0,0,0,0,0,0,0,0,0,6,6,6,6,4,0,0,0,0,0,0,0,0,0,0,3,4,4,4,1,0,0,0,0,0,0,8,"mfeat-pixel","att60",0.9
0,3,4,4,4,4,4,4,4,4,4,6,6,5,0,3,6,6,6,6,6,6,6,6,6,6,6,6,6,2,0,3,4,4,4,4,4,5,6,6,6,6,6,6,1,0,0,0,0,0,0,0,0,4,6,6,6,6,6,-0.51,0,0,0,0,0,0,0,0,3,6,6,6,6,2,0,0,0,0,0,0,0,0,1,6,6,6,6,6,0,0,0,0,0,0,0,0,0,3,6,6,6,6,5,0,0,0,0,0,0,0,0,0,3,6,6,6,6,1,0,0,0,0,0,0,0,0,0,5,6,6,6,5,0,0,0,0,0,0,0,0,0,4,6,6,6,6,3,0,0,0,0,0,0,0,0,2,6,6,6,6,6,1,0,0,0,0,0,0,0,0,3,6,6,6,6,3,0,0,0,0,0,0,0,0,2,6,6,6,6,6,2,0,0,0,0,0,0,0,0,4,6,6,6,6,4,0,0,0,0,0,0,0,0,0,6,6,6,6,6,2,0,0,0,0,0,0,0,0,0,3,4,4,4,1,0,0,0,0,0,0,8,"mfeat-pixel","att60",0.9
3,6,6,6,6,6,6,6,6,6,6,6,6,6,5,6,6,6,6,6,6,6,6,6,6,6,6,6,6,6,6,6,6,6,6,6,6,6,4,5,6,6,6,6,6,6,6,6,6,4,2,0,0,0,3,6,6,6,6,2.62,6,6,6,6,0,0,0,0,0,3,6,6,6,6,0,5,6,6,3,0,0,0,0,0,3,6,6,6,3,0,0,2,1,0,0,0,0,0,0,4,6,6,6,2,0,0,0,0,0,0,0,0,0,0,6,6,6,4,0,0,0,0,0,0,0,0,0,0,4,6,6,6,3,0,0,0,0,0,0,0,0,0,0,6,6,6,6,3,0,0,0,0,0,0,0,0,0,0,6,6,6,6,2,0,0,0,0,0,0,0,0,0,1,6,6,6,6,0,0,0,0,0,0,0,0,0,0,3,6,6,6,4,0,0,0,0,0,0,0,0,0,0,3,6,6,6,3,0,0,0,0,0,0,0,0,0,0,3,6,6,6,5,0,0,0,0,0,0,0,0,0,0,2,4,4,4,3,0,0,0,8,"mfeat-pixel","att60",0.9
1,5,6,6,6,6,6,6,6,6,6,6,6,6,3,5,6,6,6,6,6,6,6,6,6,6,6,6,6,6,0,3,4,4,4,4,4,4,4,4,6,6,6,6,3,0,0,0,0,0,0,0,0,0,1,6,6,6,5,-0.91,0,0,0,0,0,0,0,0,0,3,6,6,6,3,0,0,0,0,0,0,0,0,0,0,3,6,6,5,0,0,0,0,0,0,0,0,0,0,0,4,6,6,3,0,0,0,0,0,0,0,0,0,0,2,6,6,6,1,0,0,0,0,0,0,0,0,0,0,3,6,6,3,0,0,0,0,0,0,0,0,0,0,0,5,6,6,3,0,0,0,0,0,0,0,0,0,0,3,6,6,6,3,0,0,0,0,0,0,0,0,0,0,3,6,6,5,0,0,0,0,0,0,0,0,0,0,0,4,6,6,5,0,0,0,0,0,0,0,0,0,0,2,6,6,6,6,0,0,0,0,0,0,0,0,0,0,3,6,6,6,3,0,0,0,0,0,0,0,0,0,0,1,4,4,4,1,0,0,0,0,8,"mfeat-pixel","att60",0.9
6,6,5,3,2,4,6,6,6,6,6,6,6,3,0,6,6,6,6,6,6,6,6,6,6,6,6,6,6,5,3,6,6,6,6,6,6,6,6,6,6,6,6,6,6,0,0,0,1,2,2,0,1,3,5,6,6,6,6,5.46,0,0,0,0,0,0,0,0,0,3,6,6,6,6,2,0,0,0,0,0,0,0,0,0,4,6,6,6,6,0,0,0,0,0,0,0,0,0,0,6,6,6,6,5,0,0,0,0,0,0,0,0,0,2,6,6,6,6,1,0,0,0,0,0,0,0,0,0,6,6,6,6,6,0,0,0,0,0,0,0,0,0,0,6,6,6,6,6,0,0,0,0,0,0,0,0,0,0,6,6,6,6,6,0,0,0,0,0,0,0,0,0,2,6,6,6,6,5,0,0,0,0,0,0,0,0,0,2,6,6,6,6,3,0,0,0,0,0,0,0,0,0,4,6,6,6,6,3,0,0,0,0,0,0,0,0,0,5,6,6,6,6,2,0,0,0,0,0,0,0,0,0,2,4,4,4,3,0,0,0,8,"mfeat-pixel","att60",0.9
0,1,3,4,6,6,5,4,4,4,4,6,3,0,0,2,6,6,6,6,6,6,6,6,6,6,6,6,5,0,2,6,6,6,6,5,2,2,2,5,6,6,6,6,0,0,6,6,6,6,1,0,0,0,3,6,6,6,6,2.26,0,6,6,6,6,4,0,0,0,4,6,6,6,6,0,0,5,6,6,6,3,0,0,0,6,6,6,6,5,0,0,0,2,2,0,0,0,0,2,6,6,6,6,1,0,0,0,0,0,0,0,0,0,3,6,6,6,6,0,0,0,0,0,0,0,0,0,0,4,6,6,6,5,0,0,0,0,0,0,0,0,0,2,6,6,6,6,3,0,0,0,0,0,0,0,0,0,3,6,6,6,6,3,0,0,0,0,0,0,0,0,0,3,6,6,6,6,0,0,0,0,0,0,0,0,0,0,3,6,6,6,6,0,0,0,0,0,0,0,0,0,0,1,6,6,6,6,1,0,0,0,0,0,0,0,0,0,0,3,6,6,6,6,5,0,0,0,0,0,0,0,0,0,2,4,4,4,4,3,0,8,"mfeat-pixel","att60",0.9
6,6,6,6,6,6,6,6,6,6,6,6,6,6,3,3,6,6,6,6,6,6,6,6,6,6,6,6,6,4,0,1,2,2,2,3,5,6,6,6,6,6,6,6,0,0,0,0,0,0,0,0,0,4,6,6,6,6,4,2.35,0,0,0,0,0,0,0,1,5,6,6,6,6,2,0,0,0,0,0,0,0,2,6,6,6,6,6,2,0,0,0,0,0,0,0,0,1,6,6,6,6,3,0,0,0,0,0,0,0,0,0,0,3,6,6,6,3,0,0,0,0,0,0,0,0,0,1,6,6,6,6,3,0,0,0,0,0,0,0,0,0,3,6,6,6,6,3,0,0,0,0,0,0,0,0,0,3,6,6,6,6,3,0,0,0,0,0,0,0,0,0,3,6,6,6,6,2,0,0,0,0,0,0,0,0,0,6,6,6,6,4,0,0,0,0,0,0,0,0,0,0,4,6,6,6,6,2,0,0,0,0,0,0,0,0,0,3,6,6,6,6,6,0,0,0,0,0,0,0,0,0,2,4,4,4,4,1,0,0,0,8,"mfeat-pixel","att60",0.9
0,0,0,0,5,6,6,6,4,2,2,1,0,0,0,0,0,0,0,1,5,6,6,6,6,6,6,5,4,3,0,0,0,0,0,0,3,6,6,6,6,6,6,6,6,0,0,0,0,0,0,0,0,4,6,6,6,6,6,4.38,0,0,0,0,0,0,0,1,5,6,6,6,6,3,0,0,0,0,0,0,0,1,5,6,6,6,6,6,0,0,0,0,0,0,0,0,5,6,6,6,6,6,1,0,0,0,0,0,0,0,3,6,6,6,6,6,1,0,0,0,0,0,0,0,1,6,6,6,6,6,3,0,0,0,0,0,0,0,1,6,6,6,6,6,5,0,0,0,0,0,0,0,0,5,6,6,6,6,5,0,0,0,0,0,0,0,0,4,6,6,6,6,6,1,0,0,0,0,0,0,0,3,6,6,6,6,6,4,0,0,0,0,0,0,0,3,6,6,6,6,6,6,0,0,0,0,0,0,0,0,6,6,6,6,6,5,1,0,0,0,0,0,0,0,0,3,4,4,4,2,0,0,0,0,0,0,0,0,0,0,8,"mfeat-pixel","att60",0.9
0,1,5,6,6,6,6,6,4,2,2,4,2,0,0,3,6,6,6,6,6,6,6,6,6,6,6,6,5,3,3,6,6,6,6,6,6,6,6,6,6,6,6,6,5,0,1,5,6,6,4,4,4,5,6,6,6,6,6,3.54,0,0,0,2,0,0,0,0,0,6,6,6,6,5,0,0,0,0,0,0,0,0,0,3,6,6,6,6,3,0,0,0,0,0,0,0,0,0,4,6,6,6,6,1,0,0,0,0,0,0,0,0,0,6,6,6,6,3,0,0,0,0,0,0,0,0,0,1,6,6,6,6,1,0,0,0,0,0,0,0,0,0,5,6,6,6,2,0,0,0,0,0,0,0,0,0,0,6,6,6,6,0,0,0,0,0,0,0,0,0,0,0,6,6,6,6,0,0,0,0,0,0,0,0,0,0,0,6,6,6,6,0,0,0,0,0,0,0,0,0,0,1,6,6,6,5,0,0,0,0,0,0,0,0,0,0,3,6,6,6,2,0,0,0,0,0,0,0,0,0,0,0,4,4,3,0,0,0,0,0,8,"mfeat-pixel","att60",0.9
0,5,6,6,4,5,6,6,6,6,6,6,6,5,1,0,6,6,6,6,6,6,6,6,6,6,6,6,6,5,0,1,2,2,2,2,2,5,6,6,6,6,6,5,1,0,0,0,0,0,0,0,0,6,6,6,6,6,2,0.08,0,0,0,0,0,0,0,2,6,6,6,6,6,0,0,0,0,0,0,0,0,0,0,6,6,6,6,4,0,0,0,0,0,0,0,0,0,4,6,6,6,4,0,0,0,0,0,0,0,0,1,5,6,6,6,3,0,0,0,0,0,0,0,0,3,6,6,6,6,3,0,0,0,0,0,0,0,0,3,6,6,6,6,5,0,0,0,0,0,0,0,0,0,3,6,6,6,6,2,0,0,0,0,0,0,0,0,0,5,6,6,6,2,0,0,0,0,0,0,0,0,0,2,6,6,6,6,0,0,0,0,0,0,0,0,0,0,6,6,6,6,3,0,0,0,0,0,0,0,0,1,5,6,6,6,6,1,0,0,0,0,0,0,0,0,2,4,4,4,4,2,0,0,0,0,0,0,0,0,0,8,"mfeat-pixel","att60",0.9
0,0,1,4,4,5,5,4,4,4,5,6,6,5,3,0,2,6,6,6,6,6,6,6,6,6,6,6,6,6,1,6,6,6,6,5,2,2,2,2,5,6,6,6,6,5,6,6,6,4,0,0,0,0,0,3,6,6,6,9.2,6,6,6,6,3,0,0,0,0,1,6,6,6,6,1,6,6,6,6,3,0,0,0,0,3,6,6,6,3,0,6,6,6,6,6,1,0,0,0,5,6,6,6,3,0,4,6,6,6,6,5,0,0,3,6,6,6,5,0,0,0,2,3,4,3,0,0,0,3,6,6,6,3,0,0,0,0,0,0,0,0,0,0,6,6,6,6,3,0,0,0,0,0,0,0,0,0,1,6,6,6,6,1,0,0,0,0,0,0,0,0,0,2,6,6,6,3,0,0,0,0,0,0,0,0,0,0,0,6,6,6,2,0,0,0,0,0,0,0,0,0,0,3,6,6,6,0,0,0,0,0,0,0,0,0,0,0,3,6,6,6,5,0,0,0,0,0,0,0,0,0,0,1,4,4,4,3,0,0,0,8,"mfeat-pixel","att60",0.9
1,5,6,6,6,6,6,6,6,6,6,6,6,6,5,5,6,6,6,6,6,6,6,6,6,6,6,6,6,4,3,6,6,6,6,6,6,6,6,6,6,6,6,6,3,0,1,2,2,0,0,2,2,2,6,6,6,6,6,3.03,0,0,0,0,0,0,0,0,5,6,6,6,6,3,0,0,0,0,0,0,0,0,0,6,6,6,6,6,2,0,0,0,0,0,0,0,0,0,4,6,6,6,4,0,0,0,0,0,0,0,0,0,4,6,6,6,6,3,0,0,0,0,0,0,0,0,0,6,6,6,6,4,0,0,0,0,0,0,0,0,0,1,6,6,6,6,0,0,0,0,0,0,0,0,0,0,5,6,6,6,6,0,0,0,0,0,0,0,0,0,1,6,6,6,6,6,2,0,0,0,0,0,0,0,0,6,6,6,6,6,6,2,0,0,0,0,0,0,0,0,6,6,6,6,6,6,0,0,0,0,0,0,0,0,4,6,6,6,6,6,5,0,0,0,0,0,0,0,0,3,4,4,4,4,3,0,0,0,0,0,8,"mfeat-pixel","att60",0.9
3,6,6,6,6,6,6,4,2,0,0,2,2,2,1,5,6,6,6,6,6,6,6,6,6,6,6,6,6,6,0,2,4,4,5,6,6,6,6,6,6,6,6,6,6,0,0,0,0,0,0,2,4,4,6,6,6,6,6,3.54,0,0,0,0,0,0,0,0,1,6,6,6,6,5,0,0,0,0,0,0,0,0,0,5,6,6,6,6,0,0,0,0,0,0,0,0,0,1,6,6,6,6,6,2,0,0,0,0,0,0,0,1,5,6,6,6,6,1,0,0,0,0,0,0,0,0,5,6,6,6,6,4,0,0,0,0,0,0,0,0,2,6,6,6,6,4,0,0,0,0,0,0,0,0,1,6,6,6,6,6,0,0,0,0,0,0,0,0,0,5,6,6,6,6,2,0,0,0,0,0,0,0,0,2,6,6,6,6,6,0,0,0,0,0,0,0,0,0,3,6,6,6,6,2,0,0,0,0,0,0,0,0,0,4,6,6,6,6,0,0,0,0,0,0,0,0,0,0,4,4,4,4,4,0,0,0,0,0,0,0,8,"mfeat-pixel","att60",0.9
0,3,6,6,6,6,6,6,6,6,6,6,6,6,6,0,3,6,6,6,6,6,6,6,6,6,6,6,6,6,0,0,0,2,2,2,2,0,0,0,3,6,6,6,6,0,0,0,0,0,0,0,0,0,1,6,6,6,6,4.15,0,0,0,0,0,0,0,0,0,5,6,6,6,3,0,0,0,0,0,0,0,0,0,4,6,6,5,1,0,0,0,0,0,0,0,0,0,2,6,6,6,1,0,0,0,0,0,0,0,0,0,2,6,6,6,2,0,0,0,0,0,0,0,0,0,2,6,6,6,4,0,0,0,0,0,0,0,0,0,0,4,6,6,6,0,0,0,0,0,0,0,0,0,0,2,6,6,6,5,0,0,0,0,0,0,0,0,0,0,5,6,6,6,1,0,0,0,0,0,0,0,0,0,2,6,6,6,2,0,0,0,0,0,0,0,0,0,0,3,6,6,6,0,0,0,0,0,0,0,0,0,0,0,6,6,6,6,0,0,0,0,0,0,0,0,0,0,0,4,4,4,1,0,0,0,0,0,0,0,0,8,"mfeat-pixel","att60",0.9
3,4,4,4,4,4,4,4,4,4,4,4,4,4,3,6,6,6,6,6,6,6,6,6,6,6,6,6,6,5,3,6,6,6,6,6,6,6,6,6,6,6,6,6,5,0,0,0,0,0,0,0,0,0,0,4,6,6,6,2.75,0,0,0,0,0,0,0,0,0,0,5,6,6,6,3,0,0,0,0,0,0,0,0,0,3,6,6,6,6,2,0,0,0,0,0,0,0,0,1,6,6,6,6,1,0,0,0,0,0,0,0,0,0,3,6,6,6,4,0,0,0,0,0,0,0,0,0,1,6,6,6,6,3,0,0,0,0,0,0,0,0,0,2,6,6,6,6,2,0,0,0,0,0,0,0,0,0,0,6,6,6,4,0,0,0,0,0,0,0,0,0,0,4,6,6,6,3,0,0,0,0,0,0,0,0,0,2,6,6,6,6,1,0,0,0,0,0,0,0,0,0,5,6,6,6,6,0,0,0,0,0,0,0,0,0,3,6,6,6,6,3,0,0,0,0,0,0,0,0,0,2,4,4,4,4,1,0,0,0,0,8,"mfeat-pixel","att60",0.9
2,6,6,6,6,6,5,2,0,0,0,1,2,1,0,2,6,6,6,6,6,6,6,6,6,6,6,6,6,5,0,3,4,6,6,6,6,6,6,6,6,6,6,6,6,0,0,0,0,0,0,0,3,6,6,6,6,6,6,4.63,0,0,0,0,0,0,0,0,3,6,6,6,6,5,0,0,0,0,0,0,0,0,0,5,6,6,6,6,1,0,0,0,0,0,0,0,0,3,6,6,6,6,6,2,0,0,0,0,0,0,0,0,3,6,6,6,6,5,1,0,0,0,0,0,0,0,0,3,6,6,6,6,1,0,0,0,0,0,0,0,0,0,3,6,6,6,6,6,0,0,0,0,0,0,0,0,0,3,6,6,6,6,3,0,0,0,0,0,0,0,0,0,4,6,6,6,5,0,0,0,0,0,0,0,0,0,2,6,6,6,6,1,0,0,0,0,0,0,0,0,0,3,6,6,6,6,0,0,0,0,0,0,0,0,0,0,2,6,6,6,6,2,0,0,0,0,0,0,0,0,0,0,3,4,4,4,2,0,0,0,8,"mfeat-pixel","att60",0.9
1,5,6,6,6,6,6,6,6,6,6,6,6,6,5,6,6,6,6,6,6,6,6,6,6,6,6,6,6,4,3,6,5,4,4,4,4,5,6,6,6,6,6,6,2,0,0,0,0,0,0,0,5,6,6,6,6,6,3,-0.24,0,0,0,0,0,0,0,6,6,6,6,6,4,0,0,0,0,0,0,0,0,4,6,6,6,6,6,2,0,0,0,0,0,0,0,0,6,6,6,6,6,4,0,0,0,0,0,0,0,0,4,6,6,6,6,6,3,0,0,0,0,0,0,0,1,6,6,6,6,6,5,1,0,0,0,0,0,0,2,6,6,6,6,6,1,0,0,0,0,0,0,0,0,5,6,6,6,6,4,0,0,0,0,0,0,0,0,3,6,6,6,6,6,0,0,0,0,0,0,0,0,0,3,6,6,6,6,6,1,0,0,0,0,0,0,0,0,3,6,6,6,6,6,3,0,0,0,0,0,0,0,0,3,6,6,6,6,6,0,0,0,0,0,0,0,0,0,1,4,4,4,4,3,0,0,0,0,0,0,0,8,"mfeat-pixel","att60",0.9
2,6,6,5,4,4,6,4,2,4,6,5,3,2,0,3,6,6,6,6,6,6,6,6,6,6,6,6,6,5,0,3,5,6,6,6,6,6,6,6,6,6,6,6,4,0,0,0,1,3,4,4,5,6,6,6,6,6,6,3.44,0,0,0,0,0,0,0,4,6,6,6,6,6,5,0,0,0,0,0,0,0,0,6,6,6,6,6,6,3,0,0,0,0,0,0,0,2,6,6,6,6,6,5,1,0,0,0,0,0,0,0,6,6,6,6,6,4,0,0,0,0,0,0,0,0,1,6,6,6,6,6,2,0,0,0,0,0,0,0,0,5,6,6,6,6,1,0,0,0,0,0,0,0,0,1,6,6,6,6,5,0,0,0,0,0,0,0,0,2,6,6,6,6,6,1,0,0,0,0,0,0,0,0,3,6,6,6,6,6,0,0,0,0,0,0,0,0,1,6,6,6,6,6,3,0,0,0,0,0,0,0,0,3,6,6,6,6,6,2,0,0,0,0,0,0,0,0,1,4,4,4,4,3,0,0,0,0,0,0,0,8,"mfeat-pixel","att60",0.9
0,3,6,6,6,6,4,4,6,6,6,6,4,4,1,5,6,6,6,6,6,6,6,6,6,6,6,6,6,1,6,6,6,6,3,2,2,2,2,5,6,6,6,6,3,6,6,6,5,0,0,0,0,1,5,6,6,6,6,3.38,6,6,6,3,0,0,0,3,6,6,6,6,5,1,0,5,6,5,1,0,0,1,6,6,6,6,3,0,0,0,0,0,0,0,0,2,6,6,6,6,5,0,0,0,0,0,0,0,0,0,4,6,6,6,3,0,0,0,0,0,0,0,0,0,1,6,6,6,6,0,0,0,0,0,0,0,0,0,0,5,6,6,6,4,0,0,0,0,0,0,0,0,0,1,6,6,6,6,0,0,0,0,0,0,0,0,0,0,3,6,6,6,6,0,0,0,0,0,0,0,0,0,0,0,6,6,6,4,0,0,0,0,0,0,0,0,0,0,0,6,6,6,1,0,0,0,0,0,0,0,0,0,0,2,6,6,6,5,0,0,0,0,0,0,0,0,0,0,1,4,4,4,4,0,0,0,0,0,0,0,8,"mfeat-pixel","att60",0.9
5,6,6,6,6,6,6,6,6,6,6,6,5,3,1,1,5,6,6,6,6,6,6,6,6,6,6,6,6,6,0,0,1,2,2,2,2,2,2,2,2,6,6,6,6,0,0,0,0,0,0,0,0,0,0,0,6,6,6,7.1,0,0,0,0,0,0,0,0,0,0,1,6,6,6,6,0,0,0,0,0,0,0,0,0,1,6,6,6,6,1,0,0,0,0,0,0,0,0,0,6,6,6,6,3,0,0,0,0,0,0,0,0,0,0,6,6,6,6,3,0,0,0,0,0,0,0,0,0,0,6,6,6,6,3,0,0,0,0,0,0,0,0,0,0,6,6,6,6,3,0,0,0,0,0,0,0,0,1,5,6,6,6,3,0,0,0,0,0,0,0,0,0,4,6,6,6,5,0,0,0,0,0,0,0,0,0,2,6,6,6,6,1,0,0,0,0,0,0,0,0,0,2,6,6,6,6,1,0,0,0,0,0,0,0,0,0,0,6,6,6,6,5,0,0,0,0,0,0,0,0,0,0,4,4,4,4,3,0,0,0,8,"mfeat-pixel","att60",0.9
5,6,6,6,6,6,6,6,4,4,6,6,6,6,5,4,6,6,6,6,6,6,6,6,6,6,6,6,6,6,0,3,4,4,4,4,4,6,6,6,6,6,6,6,6,0,0,0,0,0,0,0,0,2,2,4,6,6,6,4.12,0,0,0,0,0,0,0,0,0,3,6,6,6,6,2,0,0,0,0,0,0,0,0,0,6,6,6,6,3,0,0,0,0,0,0,0,0,0,0,6,6,6,6,0,0,0,0,0,0,0,0,0,0,4,6,6,6,5,0,0,0,0,0,0,0,0,0,0,6,6,6,6,1,0,0,0,0,0,0,0,0,0,1,6,6,6,2,0,0,0,0,0,0,0,0,0,1,5,6,6,1,0,0,0,0,0,0,0,0,0,0,5,6,6,6,0,0,0,0,0,0,0,0,0,0,4,6,6,6,5,0,0,0,0,0,0,0,0,0,3,6,6,6,6,1,0,0,0,0,0,0,0,0,3,6,6,6,6,2,0,0,0,0,0,0,0,0,0,2,4,4,4,3,0,0,0,0,0,0,0,8,"mfeat-pixel","att60",0.9
3,6,6,6,6,6,6,6,6,6,6,6,6,6,5,6,6,6,5,4,4,4,4,4,6,6,6,6,6,5,6,6,6,0,0,0,0,0,0,4,6,6,6,5,1,6,6,6,2,0,0,0,0,2,6,6,6,6,1,0.89,6,6,6,6,0,0,0,0,5,6,6,6,4,0,0,1,5,5,1,0,0,0,0,6,6,6,6,0,0,0,0,0,0,0,0,0,0,2,6,6,6,6,0,0,0,0,0,0,0,0,0,0,3,6,6,6,2,0,0,0,0,0,0,0,0,0,0,3,6,6,6,0,0,0,0,0,0,0,0,0,0,0,3,6,6,6,0,0,0,0,0,0,0,0,0,0,0,5,6,6,6,2,0,0,0,0,0,0,0,0,0,0,5,6,6,6,2,0,0,0,0,0,0,0,0,0,0,3,6,6,6,0,0,0,0,0,0,0,0,0,0,0,3,6,6,6,1,0,0,0,0,0,0,0,0,0,0,3,6,6,6,5,1,0,0,0,0,0,0,0,0,0,1,4,4,4,4,2,0,0,8,"mfeat-pixel","att60",0.9
0,3,4,4,4,4,4,4,4,4,6,6,6,3,0,5,6,6,6,6,6,6,6,6,6,6,6,6,6,4,1,4,4,4,4,4,4,4,6,6,6,6,6,6,4,0,0,0,0,0,0,0,0,4,6,6,6,6,6,-0.3,0,0,0,0,0,0,0,4,6,6,6,6,6,4,0,0,0,0,0,0,0,3,6,6,6,6,6,5,0,0,0,0,0,0,0,0,5,6,6,6,6,4,0,0,0,0,0,0,0,0,0,6,6,6,6,6,2,0,0,0,0,0,0,0,0,0,6,6,6,6,1,0,0,0,0,0,0,0,0,0,4,6,6,6,6,0,0,0,0,0,0,0,0,0,0,6,6,6,6,5,0,0,0,0,0,0,0,0,0,3,6,6,6,6,1,0,0,0,0,0,0,0,0,3,6,6,6,6,6,0,0,0,0,0,0,0,0,0,3,6,6,6,6,6,0,0,0,0,0,0,0,0,0,3,6,6,6,6,2,0,0,0,0,0,0,0,0,0,2,4,4,4,3,0,0,0,0,0,0,0,8,"mfeat-pixel","att60",0.9
5,6,6,6,6,6,6,6,6,6,6,6,6,6,5,6,6,6,6,6,6,6,6,6,6,6,6,6,6,6,3,6,5,3,2,2,2,2,2,4,6,6,6,6,3,0,0,0,0,0,0,0,0,0,3,6,6,6,6,4.46,0,0,0,0,0,0,0,0,0,3,6,6,6,6,1,0,0,0,0,0,0,0,0,1,6,6,6,6,3,0,0,0,0,0,0,0,0,0,3,6,6,6,6,2,0,0,0,0,0,0,0,0,1,4,6,6,6,3,0,0,0,0,0,0,0,0,2,6,6,6,6,4,0,0,0,0,0,0,0,0,0,3,6,6,6,6,3,0,0,0,0,0,0,0,0,0,3,6,6,6,6,1,0,0,0,0,0,0,0,0,0,3,6,6,6,3,0,0,0,0,0,0,0,0,0,0,3,6,6,6,3,0,0,0,0,0,0,0,0,0,0,4,6,6,6,3,0,0,0,0,0,0,0,0,0,2,6,6,6,6,3,0,0,0,0,0,0,0,0,0,1,4,4,4,4,1,0,0,0,0,8,"mfeat-pixel","att60",0.9
3,4,4,4,4,4,4,4,4,4,4,4,4,5,5,6,6,6,6,6,6,6,6,6,6,6,6,6,6,5,3,6,6,6,6,6,6,6,6,6,6,6,6,6,5,0,0,0,0,0,0,0,0,0,0,4,6,6,6,6.18,0,0,0,0,0,0,0,0,0,0,5,6,6,6,1,0,0,0,0,0,0,0,0,0,3,6,6,6,6,0,0,0,0,0,0,0,0,0,1,6,6,6,6,1,0,0,0,0,0,0,0,0,0,3,6,6,6,4,0,0,0,0,0,0,0,0,0,1,6,6,6,6,3,0,0,0,0,0,0,0,0,0,2,6,6,6,6,2,0,0,0,0,0,0,0,0,0,0,6,6,6,4,0,0,0,0,0,0,0,0,0,0,4,6,6,6,3,0,0,0,0,0,0,0,0,0,2,6,6,6,6,3,0,0,0,0,0,0,0,0,0,5,6,6,6,6,1,0,0,0,0,0,0,0,0,3,6,6,6,6,3,0,0,0,0,0,0,0,0,0,2,4,4,4,4,1,0,0,0,0,8,"mfeat-pixel","att60",0.9
0,0,2,6,5,4,4,4,4,6,6,6,6,6,5,0,0,0,4,5,4,4,6,6,6,6,6,6,6,6,0,0,0,0,0,0,0,0,4,6,6,6,6,6,3,0,0,0,0,0,0,0,1,5,6,6,6,6,5,2,0,0,0,0,0,0,1,5,6,6,6,6,6,4,0,0,0,0,0,0,0,3,6,6,6,6,6,6,5,0,0,0,0,0,0,0,6,6,6,6,6,6,4,0,0,0,0,0,0,1,5,6,6,6,6,6,6,2,0,0,0,0,0,0,3,6,6,6,6,6,4,0,0,0,0,0,0,0,0,3,6,6,6,6,6,3,0,0,0,0,0,0,0,1,5,6,6,6,6,6,3,0,0,0,0,0,0,0,6,6,6,6,6,6,6,1,0,0,0,0,0,0,3,6,6,6,6,6,6,6,2,0,0,0,0,0,0,1,6,6,6,6,6,6,4,1,0,0,0,0,0,5,6,6,6,6,6,4,0,0,0,0,0,0,0,0,1,4,4,4,4,4,1,0,0,0,0,0,0,0,8,"mfeat-pixel","att60",0.9
3,6,6,5,3,2,2,2,4,6,6,6,6,6,3,6,6,6,6,6,6,6,6,6,6,6,6,6,6,6,3,6,6,6,6,6,6,6,6,6,6,6,6,6,6,0,5,6,6,6,6,3,2,1,1,6,6,6,6,5.66,0,1,6,6,6,6,1,0,1,6,6,6,6,6,1,0,0,1,4,6,5,1,0,3,6,6,6,6,4,0,0,0,0,0,0,0,0,0,5,6,6,6,6,0,0,0,0,0,0,0,0,0,4,6,6,6,6,5,0,0,0,0,0,0,0,0,0,6,6,6,6,6,1,0,0,0,0,0,0,0,0,4,6,6,6,6,3,0,0,0,0,0,0,0,0,1,6,6,6,6,5,1,0,0,0,0,0,0,0,0,5,6,6,6,5,1,0,0,0,0,0,0,0,0,5,6,6,6,6,3,0,0,0,0,0,0,0,0,0,6,6,6,6,5,0,0,0,0,0,0,0,0,0,3,6,6,6,5,1,0,0,0,0,0,0,0,0,0,1,4,4,4,1,0,0,0,0,0,0,0,8,"mfeat-pixel","att60",0.9
3,6,6,6,6,6,6,6,6,6,6,6,6,4,1,6,6,6,6,6,6,6,6,6,6,6,6,6,6,1,5,6,6,5,4,4,4,4,6,6,6,6,6,5,0,1,5,5,0,0,0,0,0,3,6,6,6,6,1,1.67,0,0,0,0,0,0,0,2,6,6,6,6,4,0,0,0,0,0,0,0,0,2,6,6,6,6,4,0,0,0,0,0,0,0,0,0,6,6,6,6,4,0,0,0,0,0,0,0,0,0,2,6,6,6,6,0,0,0,0,0,0,0,0,0,0,6,6,6,6,4,0,0,0,0,0,0,0,0,0,4,6,6,6,4,0,0,0,0,0,0,0,0,0,4,6,6,6,6,0,0,0,0,0,0,0,0,0,0,6,6,6,6,6,0,0,0,0,0,0,0,0,0,0,6,6,6,6,6,0,0,0,0,0,0,0,0,0,0,2,6,6,6,6,1,0,0,0,0,0,0,0,0,0,2,6,6,6,6,3,0,0,0,0,0,0,0,0,0,0,3,4,4,3,0,0,0,0,0,0,0,8,"mfeat-pixel","att60",0.9
0,0,0,0,0,0,0,0,3,4,3,0,0,0,0,0,0,0,0,0,0,0,3,6,6,6,5,1,0,0,0,0,0,0,0,0,0,5,6,6,6,6,6,3,0,0,0,0,0,0,0,4,6,6,6,6,6,6,6,3.99,0,0,0,0,0,5,6,6,6,2,0,4,6,6,6,0,0,0,0,3,6,6,6,1,0,1,6,6,6,6,0,0,0,0,1,5,5,1,1,5,6,6,6,6,3,0,0,0,0,0,0,0,3,5,6,6,6,3,0,0,0,0,0,0,0,1,5,6,6,6,4,1,0,0,0,0,0,0,0,1,5,6,6,6,3,0,0,0,0,0,0,0,0,3,6,6,6,6,3,0,0,0,0,0,0,0,0,5,6,6,6,4,1,0,0,0,0,0,0,0,1,5,6,6,6,3,0,0,0,0,0,0,0,0,0,6,6,6,5,1,0,0,0,0,0,0,0,0,0,0,6,6,6,2,0,0,0,0,0,0,0,0,0,0,0,4,4,1,0,0,0,0,0,0,0,0,0,0,0,0,8,"mfeat-pixel","att60",0.9
3,4,6,6,6,6,6,6,5,4,4,6,6,4,3,3,4,4,4,4,4,4,6,6,6,6,6,6,6,6,0,0,0,0,0,0,0,0,4,6,6,6,6,6,6,0,0,0,0,0,0,0,0,3,6,6,6,6,6,2.63,0,0,0,0,0,0,0,0,5,6,6,6,6,5,0,0,0,0,0,0,0,0,2,6,6,6,6,6,1,0,0,0,0,0,0,0,0,0,6,6,6,6,5,0,0,0,0,0,0,0,0,0,2,6,6,6,6,1,0,0,0,0,0,0,0,0,0,4,6,6,6,6,1,0,0,0,0,0,0,0,0,2,6,6,6,6,6,2,0,0,0,0,0,0,0,0,3,6,6,6,6,6,0,0,0,0,0,0,0,0,1,6,6,6,6,6,2,0,0,0,0,0,0,0,0,3,6,6,6,6,6,0,0,0,0,0,0,0,0,0,3,6,6,6,6,3,0,0,0,0,0,0,0,0,0,3,6,6,6,3,0,0,0,0,0,0,0,0,0,0,2,4,4,4,1,0,0,0,0,0,8,"mfeat-pixel","att60",0.9
3,4,5,5,4,4,5,6,6,6,5,4,4,3,0,6,6,6,6,6,6,6,6,6,6,6,6,6,6,5,3,6,6,6,6,5,2,5,6,6,6,6,6,6,2,3,6,6,6,6,0,0,0,4,6,6,6,6,3,-2.14,0,5,6,6,5,0,0,0,4,6,6,6,4,0,0,0,0,2,2,0,0,0,2,6,6,6,5,0,0,0,0,0,0,0,0,0,0,4,6,6,6,3,0,0,0,0,0,0,0,0,0,2,6,6,6,5,0,0,0,0,0,0,0,0,0,0,5,6,6,6,1,0,0,0,0,0,0,0,0,0,0,6,6,6,6,0,0,0,0,0,0,0,0,0,0,0,6,6,6,4,0,0,0,0,0,0,0,0,0,0,3,6,6,6,3,0,0,0,0,0,0,0,0,0,0,4,6,6,6,3,0,0,0,0,0,0,0,0,0,2,6,6,6,6,3,0,0,0,0,0,0,0,0,0,3,6,6,6,6,3,0,0,0,0,0,0,0,0,0,2,4,4,4,4,1,0,0,0,0,0,8,"mfeat-pixel","att60",0.9
6,6,6,6,6,6,6,6,6,6,6,6,6,6,6,5,6,6,6,6,6,6,6,6,6,6,6,6,6,6,0,1,2,2,1,0,0,0,1,2,2,6,6,6,6,0,0,0,0,0,0,0,0,0,0,0,6,6,6,5,0,0,0,0,0,0,0,0,0,0,2,6,6,6,6,0,0,0,0,0,0,0,0,0,0,6,6,6,6,6,0,0,0,0,0,0,0,0,0,0,6,6,6,6,6,0,0,0,0,0,0,0,0,0,0,6,6,6,6,3,0,0,0,0,0,0,0,0,0,0,6,6,6,6,3,0,0,0,0,0,0,0,0,0,0,6,6,6,6,1,0,0,0,0,0,0,0,0,0,0,6,6,6,6,0,0,0,0,0,0,0,0,0,0,2,6,6,6,6,0,0,0,0,0,0,0,0,0,0,6,6,6,6,6,0,0,0,0,0,0,0,0,0,4,6,6,6,6,5,0,0,0,0,0,0,0,0,1,6,6,6,6,6,3,0,0,0,0,0,0,0,0,2,4,4,4,4,4,1,0,8,"mfeat-pixel","att60",0.9
3,4,4,4,4,6,6,6,6,6,6,6,6,3,0,3,6,6,6,6,6,6,6,6,6,6,6,6,6,3,0,1,2,2,2,2,4,6,6,6,6,6,6,6,3,0,0,0,0,0,0,0,1,6,6,6,6,6,6,4.45,0,0,0,0,0,0,0,3,6,6,6,6,6,6,0,0,0,0,0,0,0,0,3,6,6,6,6,6,4,0,0,0,0,0,0,0,0,4,6,6,6,6,6,0,0,0,0,0,0,0,0,5,6,6,6,6,6,3,0,0,0,0,0,0,0,1,6,6,6,6,6,3,0,0,0,0,0,0,0,0,5,6,6,6,6,3,0,0,0,0,0,0,0,0,1,6,6,6,6,6,1,0,0,0,0,0,0,0,2,6,6,6,6,6,6,3,0,0,0,0,0,0,0,3,6,6,6,6,6,6,5,0,0,0,0,0,0,0,3,6,6,6,6,6,6,3,0,0,0,0,0,0,0,0,6,6,6,6,6,5,0,0,0,0,0,0,0,0,0,3,4,4,4,4,1,0,0,0,0,0,8,"mfeat-pixel","att60",0.9
3,6,6,6,6,6,6,6,6,6,6,6,6,6,5,6,6,6,6,6,6,6,6,6,6,6,6,6,6,6,5,6,6,6,6,6,6,6,6,6,6,6,6,6,6,0,2,4,4,3,1,0,0,1,5,6,6,6,6,1.93,0,0,0,0,0,0,0,0,0,5,6,6,6,6,0,0,0,0,0,0,0,0,0,3,6,6,6,6,6,0,0,0,0,0,0,0,0,0,3,6,6,6,6,6,0,0,0,0,0,0,0,0,0,3,6,6,6,6,6,0,0,0,0,0,0,0,0,0,3,6,6,6,6,4,0,0,0,0,0,0,0,0,0,5,6,6,6,6,0,0,0,0,0,0,0,0,0,3,6,6,6,6,6,0,0,0,0,0,0,0,0,0,3,6,6,6,6,2,0,0,0,0,0,0,0,0,0,5,6,6,6,6,0,0,0,0,0,0,0,0,0,5,6,6,6,6,6,0,0,0,0,0,0,0,0,3,6,6,6,6,6,2,0,0,0,0,0,0,0,0,1,4,4,4,4,2,0,0,0,0,8,"mfeat-pixel","att60",0.9
1,4,4,4,4,6,6,6,6,4,4,4,4,4,1,6,6,6,6,6,6,6,6,6,6,6,6,6,6,5,3,4,6,6,6,6,6,6,6,6,6,6,6,6,1,0,0,0,0,0,0,0,0,4,6,6,6,6,5,-1.24,0,0,0,0,0,0,0,2,6,6,6,6,6,3,0,0,0,0,0,0,0,0,3,6,6,6,6,6,5,0,0,0,0,0,0,0,3,6,6,6,6,6,6,1,0,0,0,0,0,0,0,6,6,6,6,6,6,3,0,0,0,0,0,0,0,4,6,6,6,6,6,1,0,0,0,0,0,0,0,0,4,6,6,6,6,5,0,0,0,0,0,0,0,0,3,6,6,6,6,6,0,0,0,0,0,0,0,0,0,6,6,6,6,6,5,0,0,0,0,0,0,0,0,3,6,6,6,6,6,1,0,0,0,0,0,0,0,3,6,6,6,6,6,6,0,0,0,0,0,0,0,3,6,6,6,6,6,5,1,0,0,0,0,0,0,0,1,4,4,4,4,4,1,0,0,0,0,0,0,0,8,"mfeat-pixel","att60",0.9
3,6,4,2,2,2,4,6,6,6,6,6,6,6,3,6,6,6,6,6,6,6,6,6,6,6,6,6,6,5,5,6,6,6,6,6,6,6,6,6,6,6,6,6,1,0,2,3,4,4,3,0,0,0,4,6,6,6,5,3.12,0,0,0,0,0,0,0,0,3,6,6,6,4,0,0,0,0,0,0,0,0,0,0,6,6,6,6,1,0,0,0,0,0,0,0,0,0,3,6,6,6,3,0,0,0,0,0,0,0,0,0,0,4,6,6,6,1,0,0,0,0,0,0,0,0,0,4,6,6,6,3,0,0,0,0,0,0,0,0,0,1,6,6,6,5,0,0,0,0,0,0,0,0,0,0,3,6,6,6,1,0,0,0,0,0,0,0,0,0,2,6,6,6,4,0,0,0,0,0,0,0,0,0,0,6,6,6,6,0,0,0,0,0,0,0,0,0,0,4,6,6,6,5,0,0,0,0,0,0,0,0,0,0,6,6,6,6,1,0,0,0,0,0,0,0,0,0,0,4,4,4,1,0,0,0,0,0,0,0,0,8,"mfeat-pixel","att60",0.9
5,6,6,6,6,6,6,6,6,6,6,6,6,6,6,1,5,6,6,6,6,6,6,6,6,6,6,6,6,6,0,0,3,4,4,6,6,6,6,6,6,6,6,6,5,0,0,0,0,0,0,2,1,0,1,6,6,6,6,3.61,0,0,0,0,0,0,0,0,0,3,6,6,6,5,0,0,0,0,0,0,0,0,0,0,4,6,6,6,3,0,0,0,0,0,0,0,0,0,0,6,6,6,5,1,0,0,0,0,0,0,0,0,1,5,6,6,6,0,0,0,0,0,0,0,0,0,0,3,6,6,6,6,0,0,0,0,0,0,0,0,0,0,3,6,6,6,6,0,0,0,0,0,0,0,0,0,0,5,6,6,6,5,0,0,0,0,0,0,0,0,0,3,6,6,6,6,1,0,0,0,0,0,0,0,0,0,4,6,6,6,6,0,0,0,0,0,0,0,0,0,5,6,6,6,6,6,0,0,0,0,0,0,0,0,0,5,6,6,6,6,5,0,0,0,0,0,0,0,0,0,0,3,4,4,3,0,0,0,0,0,8,"mfeat-pixel","att60",0.9
5,5,5,6,6,6,6,6,5,4,5,6,5,4,1,4,6,6,6,6,6,6,6,6,6,6,6,6,6,3,3,6,6,6,3,2,1,0,1,5,6,6,6,6,3,3,6,6,6,2,0,0,0,0,0,4,6,6,6,3.9,3,6,6,6,3,0,0,0,0,0,3,6,6,6,3,3,6,6,6,3,0,0,0,0,0,4,6,6,6,2,0,2,2,2,0,0,0,0,0,2,6,6,6,6,0,0,0,0,0,0,0,0,0,0,3,6,6,6,4,0,0,0,0,0,0,0,0,0,0,3,6,6,6,4,0,0,0,0,0,0,0,0,0,0,3,6,6,6,5,0,0,0,0,0,0,0,0,0,0,3,6,6,6,0,0,0,0,0,0,0,0,0,0,0,3,6,6,6,0,0,0,0,0,0,0,0,0,0,0,3,6,6,3,0,0,0,0,0,0,0,0,0,0,0,4,6,6,5,1,0,0,0,0,0,0,0,0,0,2,6,6,6,6,6,0,0,0,0,0,0,0,0,0,1,4,4,4,4,1,0,8,"mfeat-pixel","att60",0.9
3,6,6,6,6,6,6,6,6,6,6,6,6,6,5,4,6,6,6,6,6,6,6,6,6,6,6,6,6,4,0,3,4,4,4,5,6,6,6,6,6,6,6,6,0,0,0,0,0,0,0,6,6,6,6,6,6,6,3,-1.28,0,0,0,0,0,0,6,6,6,6,6,6,6,6,0,0,0,0,0,0,0,6,6,6,6,6,6,6,5,0,0,0,0,0,0,3,6,6,6,6,6,6,3,0,0,0,0,0,0,4,6,6,6,6,6,4,0,0,0,0,0,0,0,5,6,6,6,6,6,6,3,0,0,0,0,0,0,1,6,6,6,6,6,6,6,3,0,0,0,0,0,0,3,6,6,6,6,6,6,6,2,0,0,0,0,0,1,5,6,6,6,6,6,6,1,0,0,0,0,0,0,6,6,6,6,6,6,6,3,0,0,0,0,0,0,3,6,6,6,6,6,6,6,2,0,0,0,0,0,0,3,6,6,6,6,6,6,6,0,0,0,0,0,0,0,0,3,4,4,4,4,4,1,0,0,0,0,0,0,0,8,"mfeat-pixel","att60",0.9
5,6,6,6,6,4,4,4,4,4,4,2,0,0,0,6,6,6,6,6,6,6,6,6,6,6,6,6,6,5,6,6,6,6,6,6,6,6,6,6,6,6,6,6,6,6,6,6,6,4,0,0,0,0,0,4,6,6,6,2.55,5,6,6,6,3,0,0,0,0,0,6,6,6,4,0,0,3,4,3,0,0,0,0,0,0,6,6,6,3,0,0,0,0,0,0,0,0,0,0,3,6,6,4,1,0,0,0,0,0,0,0,0,0,3,6,6,3,0,0,0,0,0,0,0,0,0,0,0,6,6,6,3,0,0,0,0,0,0,0,0,0,1,5,6,6,6,3,0,0,0,0,0,0,0,0,0,3,6,6,6,5,0,0,0,0,0,0,0,0,0,0,4,6,6,6,1,0,0,0,0,0,0,0,0,0,1,6,6,6,5,0,0,0,0,0,0,0,0,0,0,5,6,6,6,1,0,0,0,0,0,0,0,0,0,2,6,6,6,4,0,0,0,0,0,0,0,0,0,0,0,3,4,3,0,0,0,0,0,0,0,8,"mfeat-pixel","att60",0.9
5,6,6,6,6,6,6,6,6,6,6,6,6,5,1,3,6,6,6,6,6,6,6,6,6,6,6,6,6,6,0,1,4,4,4,4,4,5,6,6,6,6,6,6,6,0,0,0,0,0,0,0,0,1,6,6,6,6,6,4.28,0,0,0,0,0,0,0,0,0,6,6,6,6,6,2,0,0,0,0,0,0,0,0,0,6,6,6,6,6,0,0,0,0,0,0,0,0,1,5,6,6,6,6,4,0,0,0,0,0,0,0,0,3,6,6,6,6,6,2,0,0,0,0,0,0,0,0,3,6,6,6,6,1,0,0,0,0,0,0,0,0,0,5,6,6,6,5,0,0,0,0,0,0,0,0,0,3,6,6,6,6,1,0,0,0,0,0,0,0,0,0,4,6,6,6,6,0,0,0,0,0,0,0,0,0,5,6,6,6,6,6,0,0,0,0,0,0,0,0,0,6,6,6,6,6,6,0,0,0,0,0,0,0,0,0,6,6,6,6,6,6,0,0,0,0,0,0,0,0,0,4,4,4,4,4,4,0,0,0,0,8,"mfeat-pixel","att60",0.9
3,6,6,6,6,6,6,6,5,3,3,5,6,6,3,6,6,6,6,6,6,6,6,6,6,6,6,6,6,6,6,6,6,6,6,6,6,6,6,6,6,6,6,6,1,6,6,6,3,0,0,0,2,4,6,6,6,6,1,-0.44,1,4,3,0,0,0,0,3,6,6,6,5,1,0,0,0,0,0,0,0,0,4,6,6,6,6,3,0,0,0,0,0,0,0,0,1,6,6,6,6,6,1,0,0,0,0,0,0,0,0,3,6,6,6,6,3,0,0,0,0,0,0,0,0,0,3,6,6,6,5,0,0,0,0,0,0,0,0,0,0,5,6,6,6,3,0,0,0,0,0,0,0,0,0,0,6,6,6,6,3,0,0,0,0,0,0,0,0,0,3,6,6,6,6,2,0,0,0,0,0,0,0,0,0,4,6,6,6,6,0,0,0,0,0,0,0,0,0,0,6,6,6,6,6,0,0,0,0,0,0,0,0,0,2,6,6,6,6,6,0,0,0,0,0,0,0,0,0,1,4,4,4,4,4,0,0,0,0,0,0,8,"mfeat-pixel","att60",0.9
2,6,6,6,5,4,4,6,4,5,6,5,4,3,0,1,5,6,6,6,6,6,6,6,6,6,6,6,6,0,0,0,0,1,2,2,3,5,6,6,6,6,6,6,3,0,0,0,0,0,0,0,0,1,6,6,6,6,5,3.15,0,0,0,0,0,0,0,0,5,6,6,6,6,1,0,0,0,0,0,0,0,0,0,6,6,6,6,6,0,0,0,0,0,0,0,0,0,3,6,6,6,6,6,0,0,0,0,0,0,0,0,0,3,6,6,6,6,3,0,0,0,0,0,0,0,0,3,6,6,6,6,3,0,0,0,0,0,0,0,0,3,6,6,6,6,6,3,0,0,0,0,0,0,0,0,3,6,6,6,6,6,1,0,0,0,0,0,0,0,1,6,6,6,6,6,3,0,0,0,0,0,0,0,0,3,6,6,6,6,6,2,0,0,0,0,0,0,0,0,4,6,6,6,6,6,0,0,0,0,0,0,0,0,0,6,6,6,6,6,6,0,0,0,0,0,0,0,0,0,2,4,4,4,4,1,0,0,0,0,0,8,"mfeat-pixel","att60",0.9
5,6,6,6,6,6,6,6,6,4,2,2,1,0,0,6,6,6,6,6,6,6,6,6,6,6,6,6,3,0,6,6,6,6,6,6,6,6,6,6,6,6,6,6,5,1,2,4,2,2,2,2,2,5,6,6,6,6,6,7.52,0,0,0,0,0,0,0,0,4,6,6,6,6,5,1,0,0,0,0,0,0,0,3,6,6,6,6,3,0,0,0,0,0,0,0,0,4,6,6,6,6,5,0,0,0,0,0,0,0,0,0,6,6,6,6,6,3,0,0,0,0,0,0,0,0,4,6,6,6,6,6,2,0,0,0,0,0,0,1,4,6,6,6,6,5,1,0,0,0,0,0,0,2,6,6,6,6,6,4,0,0,0,0,0,0,0,0,4,6,6,6,6,6,0,0,0,0,0,0,0,0,2,6,6,6,6,6,4,0,0,0,0,0,0,0,0,3,6,6,6,6,6,0,0,0,0,0,0,0,0,0,6,6,6,6,6,2,0,0,0,0,0,0,0,0,0,3,4,4,4,4,0,0,0,0,0,0,0,0,0,8,"mfeat-pixel","att60",0.9
6,6,6,6,6,6,6,6,6,6,6,6,6,6,5,5,6,6,6,6,6,6,6,6,6,6,6,6,6,6,0,2,2,4,6,6,6,6,6,6,6,6,6,6,4,0,0,0,0,0,0,0,0,4,6,6,6,6,6,2.94,0,0,0,0,0,0,0,0,6,6,6,6,6,3,0,0,0,0,0,0,0,0,3,6,6,6,6,6,2,0,0,0,0,0,0,0,0,4,6,6,6,6,1,0,0,0,0,0,0,0,0,2,6,6,6,6,2,0,0,0,0,0,0,0,0,0,3,6,6,6,5,0,0,0,0,0,0,0,0,0,1,5,6,6,6,1,0,0,0,0,0,0,0,0,0,6,6,6,6,6,0,0,0,0,0,0,0,0,0,4,6,6,6,6,6,0,0,0,0,0,0,0,0,0,6,6,6,6,6,6,0,0,0,0,0,0,0,0,0,6,6,6,6,5,1,0,0,0,0,0,0,0,0,1,6,6,6,6,3,0,0,0,0,0,0,0,0,0,2,4,4,4,4,1,0,0,0,0,0,0,8,"mfeat-pixel","att60",0.9
1,5,6,5,5,5,5,6,6,6,6,6,6,6,5,3,6,6,6,6,6,6,6,6,6,6,6,6,6,5,3,6,6,6,6,3,2,2,2,2,2,5,6,6,3,3,6,6,6,3,0,0,0,0,0,0,3,6,6,4.73,0,5,6,6,6,2,0,0,0,0,1,6,6,6,4,0,1,5,6,6,6,0,0,0,0,3,6,6,6,3,0,0,0,0,2,1,0,0,0,0,5,6,6,6,2,0,0,0,0,0,0,0,0,0,0,6,6,6,6,0,0,0,0,0,0,0,0,0,0,0,3,6,6,6,2,0,0,0,0,0,0,0,0,0,1,6,6,6,6,0,0,0,0,0,0,0,0,0,0,3,6,6,6,6,1,0,0,0,0,0,0,0,0,0,5,6,6,6,6,3,0,0,0,0,0,0,0,0,0,5,6,6,6,5,0,0,0,0,0,0,0,0,0,1,5,6,6,6,3,0,0,0,0,0,0,0,0,2,6,6,6,6,6,1,0,0,0,0,0,0,0,0,1,4,4,4,4,2,0,0,8,"mfeat-pixel","att60",0.9
3,6,6,6,6,6,6,6,6,6,6,6,6,4,1,6,6,6,6,6,6,6,6,6,6,6,6,6,6,6,6,6,6,6,6,5,4,4,4,5,6,6,6,6,6,1,5,6,6,5,1,0,0,0,5,6,6,6,6,3.39,0,0,0,0,0,0,0,0,4,6,6,6,6,0,0,0,0,0,0,0,0,0,1,6,6,6,6,3,0,0,0,0,0,0,0,0,0,5,6,6,6,6,3,0,0,0,0,0,0,0,0,0,6,6,6,6,6,2,0,0,0,0,0,0,0,0,4,6,6,6,6,4,0,0,0,0,0,0,0,0,0,6,6,6,6,6,2,0,0,0,0,0,0,0,0,3,6,6,6,6,3,0,0,0,0,0,0,0,0,0,5,6,6,6,3,0,0,0,0,0,0,0,0,1,5,6,6,6,4,0,0,0,0,0,0,0,0,1,5,6,6,6,6,3,0,0,0,0,0,0,0,0,1,5,6,6,6,6,6,0,0,0,0,0,0,0,0,0,0,3,4,4,4,3,0,0,0,0,0,0,8,"mfeat-pixel","att60",0.9
1,5,6,6,6,6,6,6,6,6,6,6,6,6,5,5,6,6,6,6,6,6,6,6,6,6,6,6,6,6,6,6,6,6,3,2,2,2,2,2,4,6,6,6,6,6,6,6,4,0,0,0,0,0,1,5,6,6,6,2.85,3,6,3,0,0,0,0,0,0,6,6,6,6,5,0,0,0,0,0,0,0,0,0,4,6,6,6,6,3,0,0,0,0,0,0,0,0,0,6,6,6,6,6,3,0,0,0,0,0,0,0,0,0,6,6,6,6,5,0,0,0,0,0,0,0,0,0,2,6,6,6,6,3,0,0,0,0,0,0,0,0,1,6,6,6,6,6,3,0,0,0,0,0,0,0,0,3,6,6,6,6,6,1,0,0,0,0,0,0,0,0,3,6,6,6,6,3,0,0,0,0,0,0,0,0,0,6,6,6,6,4,0,0,0,0,0,0,0,0,0,4,6,6,6,6,5,0,0,0,0,0,0,0,0,0,6,6,6,6,6,1,0,0,0,0,0,0,0,0,0,3,4,4,4,4,0,0,0,0,0,8,"mfeat-pixel","att60",0.9
0,3,4,6,4,4,4,4,4,6,6,6,6,3,0,5,6,6,6,6,6,6,6,6,6,6,6,6,6,5,6,6,6,5,2,2,2,4,2,5,6,6,6,6,2,6,6,6,4,0,0,0,0,0,3,6,6,6,6,1.31,6,6,6,5,0,0,0,0,0,4,6,6,6,6,2,5,6,6,1,0,0,0,0,5,6,6,6,6,1,0,0,3,3,0,0,0,0,2,6,6,6,6,3,0,0,0,0,0,0,0,0,0,6,6,6,6,3,0,0,0,0,0,0,0,0,0,4,6,6,6,4,0,0,0,0,0,0,0,0,0,0,6,6,6,6,2,0,0,0,0,0,0,0,0,0,1,6,6,6,3,0,0,0,0,0,0,0,0,0,0,3,6,6,6,2,0,0,0,0,0,0,0,0,0,0,4,6,6,6,0,0,0,0,0,0,0,0,0,0,0,6,6,6,6,0,0,0,0,0,0,0,0,0,0,0,6,6,6,6,0,0,0,0,0,0,0,0,0,0,0,3,4,4,3,0,0,0,0,0,0,8,"mfeat-pixel","att60",0.9
3,6,6,6,6,6,6,6,6,6,6,6,6,6,5,5,6,6,6,6,6,6,6,6,6,6,6,6,6,6,0,2,0,2,2,2,2,3,5,6,6,6,6,6,3,0,0,0,0,0,0,0,0,0,6,6,6,6,6,-1.31,0,0,0,0,0,0,0,0,3,6,6,6,6,3,0,0,0,0,0,0,0,0,0,0,6,6,6,6,3,0,0,0,0,0,0,0,0,0,2,6,6,6,6,0,0,0,0,0,0,0,0,0,0,3,6,6,6,6,2,0,0,0,0,0,0,0,0,0,5,6,6,6,6,1,0,0,0,0,0,0,0,0,3,6,6,6,6,3,0,0,0,0,0,0,0,0,0,5,6,6,6,6,1,0,0,0,0,0,0,0,0,3,6,6,6,6,3,0,0,0,0,0,0,0,0,0,4,6,6,6,4,0,0,0,0,0,0,0,0,0,2,6,6,6,6,1,0,0,0,0,0,0,0,0,0,3,6,6,6,6,3,0,0,0,0,0,0,0,0,0,2,4,4,4,4,1,0,0,0,0,8,"mfeat-pixel","att60",0.9
5,6,6,6,6,6,6,6,6,6,6,6,6,6,2,6,6,6,6,6,6,6,6,6,6,6,6,6,6,4,1,5,6,5,3,2,2,2,2,2,4,6,6,6,6,0,0,2,0,0,0,0,0,0,1,5,6,6,6,7.4,0,0,0,0,0,0,0,0,0,3,6,6,6,6,3,0,0,0,0,0,0,0,0,1,6,6,6,6,6,3,0,0,0,0,0,0,0,0,5,6,6,6,6,5,0,0,0,0,0,0,0,0,0,6,6,6,6,6,0,0,0,0,0,0,0,0,0,2,6,6,6,6,6,0,0,0,0,0,0,0,0,0,3,6,6,6,6,3,0,0,0,0,0,0,0,0,0,5,6,6,6,6,0,0,0,0,0,0,0,0,0,0,6,6,6,6,6,3,0,0,0,0,0,0,0,0,3,6,6,6,6,5,0,0,0,0,0,0,0,0,0,3,6,6,6,6,2,0,0,0,0,0,0,0,0,0,5,6,6,6,6,0,0,0,0,0,0,0,0,0,0,3,4,4,4,1,0,0,0,0,8,"mfeat-pixel","att60",0.9
0,3,4,4,4,4,4,6,4,4,4,4,4,3,0,5,6,6,6,6,6,6,6,6,6,6,6,6,6,5,5,6,6,6,6,3,2,2,3,6,6,6,6,6,5,1,6,6,6,6,0,0,0,0,6,6,6,6,6,0.36,2,6,6,6,6,3,0,0,2,6,6,6,6,4,0,6,6,6,6,3,0,0,0,6,6,6,6,6,0,0,1,2,2,1,0,0,0,0,6,6,6,6,6,0,0,0,0,0,0,0,0,0,0,6,6,6,6,6,0,0,0,0,0,0,0,0,0,0,6,6,6,6,4,0,0,0,0,0,0,0,0,0,0,6,6,6,6,3,0,0,0,0,0,0,0,0,0,0,6,6,6,6,6,0,0,0,0,0,0,0,0,0,1,6,6,6,6,2,0,0,0,0,0,0,0,0,0,5,6,6,6,6,0,0,0,0,0,0,0,0,0,0,6,6,6,6,6,0,0,0,0,0,0,0,0,0,0,6,6,6,6,6,0,0,0,0,0,0,0,0,0,0,3,4,4,4,3,0,0,0,8,"mfeat-pixel","att60",0.9
1,5,6,6,6,6,6,6,6,6,6,6,6,6,5,6,6,6,6,6,6,6,6,6,6,6,6,6,6,6,4,6,6,6,6,5,4,2,4,2,6,6,6,6,6,3,6,6,6,6,3,0,0,0,0,6,6,6,6,2.95,3,6,6,6,6,3,0,0,0,1,6,6,6,6,3,3,6,6,6,6,2,0,0,0,6,6,6,6,6,2,0,3,4,4,1,0,0,0,0,6,6,6,6,4,0,0,0,0,0,0,0,0,0,0,6,6,6,6,3,0,0,0,0,0,0,0,0,0,2,6,6,6,6,3,0,0,0,0,0,0,0,0,0,3,6,6,6,6,1,0,0,0,0,0,0,0,0,0,5,6,6,6,3,0,0,0,0,0,0,0,0,0,0,6,6,6,6,2,0,0,0,0,0,0,0,0,0,4,6,6,6,4,0,0,0,0,0,0,0,0,0,2,6,6,6,6,3,0,0,0,0,0,0,0,0,0,3,6,6,6,6,1,0,0,0,0,0,0,0,0,0,1,4,4,4,1,0,0,0,0,8,"mfeat-pixel","att60",0.9
0,1,3,5,6,6,4,4,4,4,6,6,6,6,5,3,6,6,6,6,6,6,6,6,6,6,6,6,6,4,3,6,6,6,6,6,6,6,6,6,6,6,6,6,3,0,0,1,2,2,2,2,2,4,6,6,6,6,6,0.47,0,0,0,0,0,0,0,0,1,6,6,6,6,6,0,0,0,0,0,0,0,0,0,5,6,6,6,6,3,0,0,0,0,0,0,0,0,0,6,6,6,6,6,2,0,0,0,0,0,0,0,0,0,6,6,6,6,3,0,0,0,0,0,0,0,0,0,2,6,6,6,6,0,0,0,0,0,0,0,0,0,2,6,6,6,6,4,0,0,0,0,0,0,0,0,0,6,6,6,6,3,0,0,0,0,0,0,0,0,0,1,6,6,6,3,0,0,0,0,0,0,0,0,0,0,5,6,6,6,5,0,0,0,0,0,0,0,0,0,0,6,6,6,6,6,0,0,0,0,0,0,0,0,0,0,5,6,6,6,5,0,0,0,0,0,0,0,0,0,0,1,4,4,2,0,0,0,0,0,0,8,"mfeat-pixel","att60",0.9
3,6,6,6,6,6,6,6,6,6,6,6,6,5,1,6,6,6,6,6,6,6,6,6,6,6,6,6,6,5,6,6,6,6,5,3,3,5,6,6,6,6,5,3,0,6,6,6,5,0,0,0,4,6,6,6,4,0,0,0.13,6,6,6,2,0,0,2,6,6,6,3,0,0,0,0,1,4,1,0,0,0,4,6,6,6,0,0,0,0,0,0,0,0,0,0,4,6,6,6,3,0,0,0,0,0,0,0,0,0,0,6,6,6,6,3,0,0,0,0,0,0,0,0,0,0,6,6,6,5,0,0,0,0,0,0,0,0,0,0,4,6,6,6,5,0,0,0,0,0,0,0,0,0,0,6,6,6,6,5,0,0,0,0,0,0,0,0,0,0,6,6,6,6,3,0,0,0,0,0,0,0,0,0,0,6,6,6,6,3,0,0,0,0,0,0,0,0,0,0,6,6,6,6,6,0,0,0,0,0,0,0,0,0,0,6,6,6,6,6,0,0,0,0,0,0,0,0,0,0,3,4,4,4,4,0,0,0,0,0,0,8,"mfeat-pixel","att60",0.9
0,1,2,4,6,6,6,6,6,6,6,6,6,6,3,3,6,6,6,6,6,6,6,6,6,6,6,6,6,6,3,6,5,4,4,4,4,4,4,6,6,6,6,6,6,0,0,0,0,0,0,0,0,0,1,6,6,6,6,3.21,0,0,0,0,0,0,0,0,0,4,6,6,6,6,2,0,0,0,0,0,0,0,0,2,6,6,6,6,6,0,0,0,0,0,0,0,0,0,6,6,6,6,6,2,0,0,0,0,0,0,0,0,1,6,6,6,6,4,0,0,0,0,0,0,0,0,0,5,6,6,6,6,0,0,0,0,0,0,0,0,0,0,6,6,6,6,2,0,0,0,0,0,0,0,0,0,2,6,6,6,5,0,0,0,0,0,0,0,0,0,1,6,6,6,6,3,0,0,0,0,0,0,0,0,0,5,6,6,6,6,2,0,0,0,0,0,0,0,0,2,6,6,6,6,4,0,0,0,0,0,0,0,0,0,6,6,6,6,6,0,0,0,0,0,0,0,0,0,0,4,4,4,4,3,0,0,0,0,0,0,8,"mfeat-pixel","att60",0.9
5,6,6,6,6,6,6,6,6,6,6,6,6,6,6,1,4,4,6,6,6,6,6,6,6,6,6,6,6,6,0,0,0,0,0,0,0,0,0,4,6,6,6,6,6,0,0,0,0,0,0,0,0,0,5,6,6,6,6,3.05,0,0,0,0,0,0,0,0,0,6,6,6,6,6,2,0,0,0,0,0,0,0,0,3,6,6,6,6,6,0,0,0,0,0,0,0,0,0,3,6,6,6,6,6,0,0,0,0,0,0,0,0,1,5,6,6,6,6,5,0,0,0,0,0,0,0,0,6,6,6,6,6,6,3,0,0,0,0,0,0,0,0,6,6,6,6,6,3,0,0,0,0,0,0,0,0,0,6,6,6,6,6,0,0,0,0,0,0,0,0,0,0,6,6,6,6,6,0,0,0,0,0,0,0,0,1,5,6,6,6,5,1,0,0,0,0,0,0,0,2,6,6,6,6,6,3,0,0,0,0,0,0,0,0,3,6,6,6,6,6,3,0,0,0,0,0,0,0,0,1,4,4,4,4,4,1,0,0,0,0,8,"mfeat-pixel","att60",0.9
3,6,6,6,6,6,6,6,6,6,6,6,6,6,5,3,6,6,6,6,6,6,6,6,6,6,6,6,6,6,0,1,2,2,2,2,2,2,2,2,6,6,6,6,6,0,0,0,0,0,0,0,0,0,1,6,6,6,6,5.17,0,0,0,0,0,0,0,0,0,5,6,6,6,5,0,0,0,0,0,0,0,0,0,0,6,6,6,4,0,0,0,0,0,0,0,0,0,1,5,6,6,6,2,0,0,0,0,0,0,0,0,0,3,6,6,6,2,0,0,0,0,0,0,0,0,0,0,5,6,6,6,0,0,0,0,0,0,0,0,0,0,0,6,6,6,5,0,0,0,0,0,0,0,0,0,0,3,6,6,6,3,0,0,0,0,0,0,0,0,0,0,4,6,6,6,3,0,0,0,0,0,0,0,0,1,5,6,6,6,6,1,0,0,0,0,0,0,0,0,5,6,6,6,6,6,0,0,0,0,0,0,0,0,0,6,6,6,6,6,3,0,0,0,0,0,0,0,0,0,3,4,4,4,1,0,0,0,0,0,0,8,"mfeat-pixel","att60",0.9
5,6,6,6,6,6,6,6,6,6,6,6,6,6,3,1,4,4,5,6,6,6,5,4,4,5,6,6,6,6,0,0,0,0,1,2,1,0,0,0,5,6,6,6,4,0,0,0,0,0,0,0,0,0,3,6,6,6,6,2.18,0,0,0,0,0,0,0,0,0,4,6,6,6,5,1,0,0,0,0,0,0,0,0,2,6,6,6,4,0,0,0,0,0,0,0,0,0,0,3,6,6,6,3,0,0,0,0,0,0,0,0,0,1,6,6,6,6,3,0,0,0,0,0,0,0,0,0,3,6,6,6,5,0,0,0,0,0,0,0,0,0,1,5,6,6,6,3,0,0,0,0,0,0,0,0,1,5,6,6,6,5,0,0,0,0,0,0,0,0,0,3,6,6,6,6,3,0,0,0,0,0,0,0,0,0,3,6,6,6,5,0,0,0,0,0,0,0,0,0,0,3,6,6,6,3,0,0,0,0,0,0,0,0,0,0,5,6,6,6,3,0,0,0,0,0,0,0,0,0,2,4,4,4,4,1,0,0,0,0,0,8,"mfeat-pixel","att60",0.9
0,3,4,5,6,5,4,4,4,4,4,4,4,3,0,3,6,6,6,6,6,6,6,6,6,6,6,6,6,3,1,6,6,6,6,3,2,3,6,6,6,6,6,6,1,0,6,6,6,6,0,0,0,4,6,6,6,6,2,-0.81,0,6,6,6,5,0,0,1,6,6,6,6,5,0,0,0,6,6,6,3,0,0,5,6,6,6,4,0,0,0,0,1,4,3,0,0,0,6,6,6,6,3,0,0,0,0,0,0,0,0,0,0,6,6,6,6,3,0,0,0,0,0,0,0,0,0,3,6,6,6,6,1,0,0,0,0,0,0,0,0,3,6,6,6,6,3,0,0,0,0,0,0,0,0,0,3,6,6,6,6,1,0,0,0,0,0,0,0,0,0,4,6,6,6,3,0,0,0,0,0,0,0,0,0,2,6,6,6,6,3,0,0,0,0,0,0,0,0,0,3,6,6,6,6,3,0,0,0,0,0,0,0,0,0,3,6,6,6,6,5,0,0,0,0,0,0,0,0,0,2,4,4,4,4,4,0,0,0,0,0,8,"mfeat-pixel","att60",0.9
3,6,6,6,6,6,6,6,6,6,6,6,6,6,5,5,6,6,6,6,6,6,6,6,6,6,6,6,6,6,0,0,0,2,4,2,2,2,6,6,6,6,6,4,1,0,0,0,0,0,0,0,0,6,6,6,6,4,0,1.25,0,0,0,0,0,0,0,0,6,6,6,6,3,0,0,0,0,0,0,0,0,0,0,6,6,6,6,2,0,0,0,0,0,0,0,0,0,1,6,6,6,4,0,0,0,0,0,0,0,0,0,1,5,6,6,6,3,0,0,0,0,0,0,0,0,0,3,6,6,6,6,1,0,0,0,0,0,0,0,0,0,3,6,6,6,3,0,0,0,0,0,0,0,0,0,0,3,6,6,6,3,0,0,0,0,0,0,0,0,0,0,1,6,6,6,3,0,0,0,0,0,0,0,0,0,0,1,6,6,6,3,0,0,0,0,0,0,0,0,0,0,5,6,6,6,5,1,0,0,0,0,0,0,0,0,0,6,6,6,6,6,6,0,0,0,0,0,0,0,0,0,3,4,4,4,4,3,0,0,0,8,"mfeat-pixel","att60",0.9
3,6,4,4,4,4,4,4,6,5,4,4,4,3,0,4,6,6,6,6,6,6,6,6,6,6,6,6,6,5,0,5,6,4,2,4,6,6,6,6,6,6,6,6,5,0,0,0,0,0,0,0,0,0,4,6,6,6,6,2.89,0,0,0,0,0,0,0,0,0,3,6,6,6,6,0,0,0,0,0,0,0,0,0,0,4,6,6,6,6,0,0,0,0,0,0,0,0,0,0,6,6,6,6,3,0,0,0,0,0,0,0,0,1,5,6,6,6,6,2,0,0,0,0,0,0,0,0,6,6,6,6,5,1,0,0,0,0,0,0,0,0,1,6,6,6,6,3,0,0,0,0,0,0,0,0,0,5,6,6,6,6,3,0,0,0,0,0,0,0,0,1,5,6,6,6,6,2,0,0,0,0,0,0,0,0,4,6,6,6,6,4,0,0,0,0,0,0,0,0,0,6,6,6,6,6,3,0,0,0,0,0,0,0,0,0,3,6,6,6,6,3,0,0,0,0,0,0,0,0,0,1,4,4,4,4,1,0,0,0,0,8,"mfeat-pixel","att60",0.9
6,6,6,6,6,6,6,6,6,6,6,6,6,6,6,6,6,6,6,6,6,6,6,6,6,6,6,6,6,5,6,6,6,6,2,2,2,2,6,6,6,6,6,3,0,6,6,6,6,0,0,0,3,6,6,6,6,1,0,0.17,3,6,6,3,0,0,2,6,6,6,6,5,0,0,0,0,1,1,0,0,0,3,6,6,6,6,1,0,0,0,0,0,0,0,0,1,6,6,6,6,5,0,0,0,0,0,0,0,0,0,3,6,6,6,6,1,0,0,0,0,0,0,0,0,1,6,6,6,6,6,1,0,0,0,0,0,0,0,0,3,6,6,6,6,6,3,0,0,0,0,0,0,0,0,3,6,6,6,6,6,3,0,0,0,0,0,0,0,0,3,6,6,6,6,5,0,0,0,0,0,0,0,0,0,5,6,6,6,6,3,0,0,0,0,0,0,0,0,0,6,6,6,6,6,3,0,0,0,0,0,0,0,0,0,2,6,6,6,6,3,0,0,0,0,0,0,0,0,0,0,1,4,4,4,1,0,0,0,0,0,8,"mfeat-pixel","att60",0.9
1,4,5,6,6,6,6,5,4,4,4,4,4,2,0,3,6,6,6,6,6,6,6,6,6,6,6,6,6,5,3,6,6,6,6,4,4,4,4,5,6,6,6,6,5,4,6,6,6,3,0,0,0,0,1,6,6,6,6,4.02,6,6,6,6,3,0,0,0,0,3,6,6,6,6,1,6,6,6,6,3,0,0,0,0,5,6,6,6,2,0,5,6,6,6,2,0,0,1,5,6,6,6,4,0,0,1,4,4,1,0,0,3,6,6,6,6,6,2,0,0,0,0,0,0,0,2,6,6,6,6,5,1,0,0,0,0,0,0,0,0,3,6,6,6,6,3,0,0,0,0,0,0,0,0,1,6,6,6,6,6,3,0,0,0,0,0,0,0,0,3,6,6,6,6,5,0,0,0,0,0,0,0,0,0,5,6,6,6,6,3,0,0,0,0,0,0,0,0,3,6,6,6,6,6,0,0,0,0,0,0,0,0,0,2,6,6,6,6,6,3,0,0,0,0,0,0,0,0,0,3,4,4,4,4,1,0,0,0,0,0,8,"mfeat-pixel","att60",0.9
5,6,6,6,6,6,6,6,6,6,6,6,6,6,5,5,6,6,6,6,6,6,6,6,6,6,6,6,6,6,0,2,2,2,2,2,2,2,6,6,6,6,6,6,5,0,0,0,0,0,0,0,5,6,6,6,6,5,1,-3.37,0,0,0,0,0,3,6,6,6,6,5,2,0,0,0,0,0,0,0,3,6,6,6,6,6,2,0,0,0,0,0,0,0,3,6,6,6,6,6,4,0,0,0,0,0,0,0,0,6,6,6,6,6,3,0,0,0,0,0,0,0,0,1,6,6,6,6,5,0,0,0,0,0,0,0,0,3,6,6,6,6,3,0,0,0,0,0,0,0,0,2,6,6,6,6,6,0,0,0,0,0,0,0,0,0,0,6,6,6,6,5,0,0,0,0,0,0,0,0,0,0,6,6,6,6,3,0,0,0,0,0,0,0,0,0,3,6,6,6,6,6,1,0,0,0,0,0,0,0,0,6,6,6,6,6,6,2,0,0,0,0,0,0,0,0,1,4,4,4,4,3,0,0,0,0,0,0,0,0,0,8,"mfeat-pixel","att60",0.9
5,6,6,6,5,3,2,3,4,3,2,4,6,6,5,6,6,6,6,6,6,6,6,6,6,6,6,6,6,6,3,6,6,6,6,6,6,6,6,6,6,6,6,6,6,0,1,4,2,2,3,4,4,4,5,6,6,6,6,5.04,0,0,0,0,0,0,0,0,0,4,6,6,6,6,0,0,0,0,0,0,0,0,0,2,6,6,6,6,2,0,0,0,0,0,0,0,0,0,5,6,6,6,5,0,0,0,0,0,0,0,0,0,3,6,6,6,6,1,0,0,0,0,0,0,0,0,0,4,6,6,6,5,0,0,0,0,0,0,0,0,0,2,6,6,6,6,1,0,0,0,0,0,0,0,0,0,5,6,6,6,5,0,0,0,0,0,0,0,0,0,3,6,6,6,6,3,0,0,0,0,0,0,0,0,1,6,6,6,6,5,0,0,0,0,0,0,0,0,0,3,6,6,6,6,4,0,0,0,0,0,0,0,0,0,3,6,6,6,6,5,0,0,0,0,0,0,0,0,0,1,4,4,4,4,2,0,0,0,0,0,8,"mfeat-pixel","att60",0.9
5,6,6,6,6,6,6,6,6,6,6,6,6,6,3,3,6,6,6,6,6,6,6,6,6,6,6,6,6,5,0,1,2,2,2,2,2,2,5,6,6,6,6,6,2,0,0,0,0,0,0,0,0,3,6,6,6,6,4,-1.48,0,0,0,0,0,0,0,0,6,6,6,6,6,2,0,0,0,0,0,0,0,0,2,6,6,6,6,4,0,0,0,0,0,0,0,0,0,6,6,6,6,6,3,0,0,0,0,0,0,0,0,2,6,6,6,6,6,1,0,0,0,0,0,0,0,0,6,6,6,6,5,1,0,0,0,0,0,0,0,0,4,6,6,6,6,0,0,0,0,0,0,0,0,0,0,6,6,6,6,6,0,0,0,0,0,0,0,0,0,1,6,6,6,6,2,0,0,0,0,0,0,0,0,2,6,6,6,6,6,0,0,0,0,0,0,0,0,0,3,6,6,6,6,6,0,0,0,0,0,0,0,0,0,3,6,6,6,6,4,0,0,0,0,0,0,0,0,0,1,4,4,4,4,2,0,0,0,0,0,0,8,"mfeat-pixel","att60",0.9
0,1,3,4,4,4,4,5,6,6,6,6,6,5,1,3,6,6,6,6,6,6,6,6,6,6,6,6,6,5,3,6,6,6,6,6,6,6,6,6,6,6,6,6,6,0,0,1,2,1,0,0,0,0,1,6,6,6,6,4.67,0,0,0,0,0,0,0,0,0,5,6,6,6,6,3,0,0,0,0,0,0,0,0,3,6,6,6,6,4,0,0,0,0,0,0,0,0,0,3,6,6,6,6,3,0,0,0,0,0,0,0,0,0,4,6,6,6,6,3,0,0,0,0,0,0,0,0,2,6,6,6,6,5,1,0,0,0,0,0,0,0,0,3,6,6,6,4,0,0,0,0,0,0,0,0,0,1,6,6,6,6,3,0,0,0,0,0,0,0,0,0,3,6,6,6,5,0,0,0,0,0,0,0,0,0,1,5,6,6,6,3,0,0,0,0,0,0,0,0,0,5,6,6,6,6,1,0,0,0,0,0,0,0,0,0,6,6,6,6,2,0,0,0,0,0,0,0,0,0,0,3,4,4,1,0,0,0,0,0,0,8,"mfeat-pixel","att60",0.9
1,5,6,6,6,6,6,6,6,6,6,6,6,6,5,5,6,6,6,6,6,6,6,6,6,6,6,6,6,6,0,2,3,5,6,6,6,6,6,6,6,6,6,6,2,0,0,0,0,0,0,0,2,0,6,6,6,6,1,4.02,0,0,0,0,0,0,0,0,3,6,6,6,3,0,0,0,0,0,0,0,0,0,0,3,6,6,6,3,0,0,0,0,0,0,0,0,0,0,4,6,6,6,2,0,0,0,0,0,0,0,0,1,5,6,6,6,4,0,0,0,0,0,0,0,0,0,3,6,6,6,6,2,0,0,0,0,0,0,0,0,0,5,6,6,6,4,0,0,0,0,0,0,0,0,0,3,6,6,6,6,3,0,0,0,0,0,0,0,0,0,5,6,6,6,5,0,0,0,0,0,0,0,0,0,4,6,6,6,5,0,0,0,0,0,0,0,0,0,2,6,6,6,6,3,0,0,0,0,0,0,0,0,0,3,6,6,6,6,3,0,0,0,0,0,0,0,0,0,2,4,4,4,4,1,0,0,0,0,0,0,8,"mfeat-pixel","att60",0.9
3,6,6,6,6,6,6,6,6,6,6,6,6,6,5,3,6,6,6,6,6,6,6,6,6,6,6,6,6,6,0,1,2,2,2,2,2,2,4,6,6,6,6,5,3,0,0,0,0,0,0,0,0,6,6,6,6,4,0,2.92,0,0,0,0,0,0,0,1,6,6,6,6,2,0,0,0,0,0,0,0,0,0,6,6,6,6,6,0,0,0,0,0,0,0,0,0,1,6,6,6,6,3,0,0,0,0,0,0,0,0,1,6,6,6,6,4,0,0,0,0,0,0,0,0,0,3,6,6,6,6,2,0,0,0,0,0,0,0,0,0,5,6,6,6,4,0,0,0,0,0,0,0,0,0,3,6,6,6,6,3,0,0,0,0,0,0,0,0,0,4,6,6,6,6,1,0,0,0,0,0,0,0,0,0,6,6,6,6,6,0,0,0,0,0,0,0,0,0,3,6,6,6,6,1,0,0,0,0,0,0,0,0,2,6,6,6,6,6,0,0,0,0,0,0,0,0,0,2,4,4,4,4,1,0,0,0,0,0,0,0,8,"mfeat-pixel","att60",0.9
1,5,6,6,6,6,6,6,6,6,6,6,6,6,5,6,6,6,6,6,6,6,6,6,6,6,6,6,6,6,4,6,6,6,4,2,2,2,2,2,4,6,6,6,6,3,6,6,6,3,0,0,0,0,0,5,6,6,6,-0.17,1,5,6,5,1,0,0,0,0,0,6,6,6,6,0,0,0,2,0,0,0,0,0,0,0,4,6,6,5,0,0,0,0,0,0,0,0,0,0,5,6,6,6,3,0,0,0,0,0,0,0,0,0,0,4,6,6,6,3,0,0,0,0,0,0,0,0,0,0,4,6,6,6,1,0,0,0,0,0,0,0,0,0,2,6,6,6,3,0,0,0,0,0,0,0,0,0,0,3,6,6,6,3,0,0,0,0,0,0,0,0,0,0,3,6,6,6,3,0,0,0,0,0,0,0,0,0,0,3,6,6,6,0,0,0,0,0,0,0,0,0,0,0,3,6,6,6,2,0,0,0,0,0,0,0,0,0,0,3,6,6,6,6,1,0,0,0,0,0,0,0,0,0,2,4,4,4,4,1,0,8,"mfeat-pixel","att60",0.9
0,0,3,5,6,6,6,6,6,5,3,2,2,2,1,0,5,6,6,6,6,6,6,6,6,6,6,6,6,6,0,1,5,6,6,6,6,6,6,6,6,6,6,6,6,0,0,0,2,2,2,2,4,6,6,6,6,6,3,0.2,0,0,0,0,0,0,0,4,6,6,6,6,3,0,0,0,0,0,0,0,0,2,6,6,6,6,4,0,0,0,0,0,0,0,0,1,5,6,6,6,6,3,0,0,0,0,0,0,0,3,6,6,6,6,6,6,5,0,0,0,0,0,0,3,6,6,6,6,6,6,6,5,0,0,0,0,0,1,6,6,6,6,6,6,6,3,0,0,0,0,0,0,3,6,6,6,6,3,0,0,0,0,0,0,0,0,1,6,6,6,6,5,0,0,0,0,0,0,0,0,0,4,6,6,6,6,2,0,0,0,0,0,0,0,0,5,6,6,6,6,6,0,0,0,0,0,0,0,0,0,6,6,6,6,6,2,0,0,0,0,0,0,0,0,0,4,4,4,4,1,0,0,0,0,0,0,0,0,0,0,8,"mfeat-pixel","att60",0.9
3,6,6,6,6,4,4,4,4,6,6,6,6,6,2,3,6,6,6,6,6,6,6,6,6,6,6,6,6,1,0,1,2,4,6,6,6,6,6,6,6,6,6,6,0,0,0,0,0,0,0,0,1,6,6,6,6,6,4,-2.16,0,0,0,0,0,0,0,4,6,6,6,6,5,0,0,0,0,0,0,0,0,5,6,6,6,6,4,0,0,0,0,0,0,0,0,0,6,6,6,6,6,3,0,0,0,0,0,0,0,0,0,6,6,6,6,6,3,0,0,0,0,0,0,0,0,0,6,6,6,6,5,1,0,0,0,0,0,0,0,0,4,6,6,6,6,0,0,0,0,0,0,0,0,0,0,6,6,6,6,6,0,0,0,0,0,0,0,0,0,0,6,6,6,6,6,0,0,0,0,0,0,0,0,0,5,6,6,6,6,6,0,0,0,0,0,0,0,0,0,4,6,6,6,6,6,0,0,0,0,0,0,0,0,2,6,6,6,6,6,6,0,0,0,0,0,0,0,0,0,1,3,4,4,4,3,0,0,0,0,0,8,"mfeat-pixel","att60",0.9
2,6,6,6,6,6,6,6,6,6,6,6,6,6,2,1,5,6,6,6,6,4,6,6,6,6,6,6,5,0,0,0,1,2,2,0,0,3,6,6,6,6,6,0,0,0,0,0,0,0,0,0,6,6,6,6,6,6,0,-0.63,0,0,0,0,0,0,0,6,6,6,6,5,1,0,0,0,0,0,0,0,0,3,6,6,6,6,3,0,0,0,0,0,0,0,0,3,6,6,6,6,6,1,0,0,0,0,0,0,0,0,3,6,6,6,6,3,0,0,0,0,0,0,0,0,3,6,6,6,6,6,2,0,0,0,0,0,0,0,2,6,6,6,6,6,3,0,0,0,0,0,0,0,0,4,6,6,6,6,1,0,0,0,0,0,0,0,0,5,6,6,6,6,2,0,0,0,0,0,0,0,0,2,6,6,6,6,6,0,0,0,0,0,0,0,0,0,6,6,6,6,5,1,0,0,0,0,0,0,0,0,4,6,6,6,6,2,0,0,0,0,0,0,0,0,0,3,4,4,2,0,0,0,0,0,0,0,0,0,0,0,8,"mfeat-pixel","att60",0.9
5,6,6,6,6,6,6,6,6,6,6,6,6,6,5,6,6,6,6,6,6,6,6,6,6,6,6,6,6,6,1,5,6,6,6,6,6,6,6,6,6,6,6,6,6,0,0,2,2,0,2,2,0,3,6,6,6,6,6,3.59,0,0,0,0,0,0,0,0,4,6,6,6,6,6,0,0,0,0,0,0,0,0,2,6,6,6,6,5,1,0,0,0,0,0,0,0,0,3,6,6,6,4,0,0,0,0,0,0,0,1,3,4,6,6,6,6,3,0,0,0,0,0,0,3,6,6,6,6,6,6,5,0,0,0,0,0,0,0,3,6,6,6,6,6,5,0,0,0,0,0,0,0,0,0,1,6,6,6,6,0,0,0,0,0,0,0,0,0,0,2,6,6,6,6,0,0,0,0,0,0,0,0,0,0,4,6,6,6,6,1,0,0,0,0,0,0,0,0,2,6,6,6,6,6,3,0,0,0,0,0,0,0,0,3,6,6,6,6,5,1,0,0,0,0,0,0,0,0,1,4,4,4,3,0,0,0,0,0,0,0,8,"mfeat-pixel","att60",0.9
5,6,6,6,6,6,6,6,6,6,6,6,6,6,2,1,5,6,6,6,6,6,6,6,6,6,6,6,6,1,0,0,3,4,4,2,0,3,6,6,6,6,6,3,0,0,0,0,0,0,0,1,6,6,6,6,6,3,0,1.27,0,0,0,0,0,0,3,6,6,6,6,6,0,0,0,0,0,0,0,0,3,6,6,6,6,6,5,0,0,0,0,0,0,0,1,6,6,6,6,6,3,0,0,0,0,0,0,0,0,5,6,6,6,6,6,0,0,0,0,0,0,0,0,0,6,6,6,6,5,1,0,0,0,0,0,0,0,3,4,6,6,6,6,2,0,0,0,0,0,0,0,3,6,6,6,6,6,4,0,0,0,0,0,0,0,0,4,6,6,6,6,6,2,0,0,0,0,0,0,0,2,6,6,6,6,6,1,0,0,0,0,0,0,0,0,5,6,6,6,6,6,0,0,0,0,0,0,0,0,0,6,6,6,6,6,5,0,0,0,0,0,0,0,0,0,4,4,4,4,4,1,0,0,0,0,0,0,0,0,0,8,"mfeat-pixel","att60",0.9
0,3,4,4,4,4,4,4,6,6,6,5,4,4,3,2,6,6,6,6,6,6,6,6,6,6,6,6,6,6,0,2,2,2,4,6,6,5,3,3,6,6,6,6,5,0,0,0,0,0,0,0,0,0,2,6,6,6,6,2.53,0,0,0,0,0,0,0,0,0,3,6,6,6,6,1,0,0,0,0,0,0,0,0,3,6,6,6,6,3,0,0,0,0,0,0,0,0,5,6,6,6,6,3,0,0,0,0,0,0,0,0,1,6,6,6,6,3,0,0,0,0,0,0,0,0,2,6,6,6,6,6,1,0,0,0,0,0,0,0,0,4,6,6,6,6,3,0,0,0,0,0,0,0,0,0,6,6,6,6,6,2,0,0,0,0,0,0,0,0,2,6,6,6,6,4,0,0,0,0,0,0,0,0,0,4,6,6,6,6,2,0,0,0,0,0,0,0,0,2,6,6,6,6,4,0,0,0,0,0,0,0,0,0,3,6,6,6,6,3,0,0,0,0,0,0,0,0,0,1,4,4,4,4,0,0,0,0,0,0,0,8,"mfeat-pixel","att60",0.9
3,6,6,6,6,6,6,6,6,6,6,4,6,3,0,6,6,6,6,6,6,6,6,6,6,6,6,6,6,3,6,6,6,6,6,5,4,5,6,6,6,6,6,6,1,6,6,6,6,1,0,0,1,6,6,6,6,6,6,2.65,5,6,6,5,0,0,0,6,6,6,6,6,6,3,0,0,3,3,0,0,0,4,6,6,6,6,4,1,0,0,0,0,0,0,0,3,6,6,6,5,1,0,0,0,0,0,0,0,1,4,6,6,6,5,1,0,0,0,0,0,0,0,0,6,6,6,6,5,1,0,0,0,0,0,0,0,0,0,6,6,6,6,3,0,0,0,0,0,0,0,0,0,0,6,6,6,6,3,0,0,0,0,0,0,0,0,0,4,6,6,6,6,0,0,0,0,0,0,0,0,0,0,5,6,6,6,6,2,0,0,0,0,0,0,0,0,0,3,6,6,6,6,3,0,0,0,0,0,0,0,0,0,5,6,6,6,6,3,0,0,0,0,0,0,0,0,0,3,4,4,4,4,1,0,0,0,0,0,0,0,8,"mfeat-pixel","att60",0.9
0,1,4,6,4,4,4,4,4,4,4,4,4,2,0,2,6,6,6,6,6,6,6,6,6,6,6,6,6,3,3,6,6,6,6,6,6,6,6,6,6,6,6,3,0,5,6,6,6,6,4,0,0,4,6,6,6,4,0,2.86,3,6,6,6,6,3,0,0,3,6,6,6,2,0,0,0,2,2,3,3,0,0,0,4,6,6,6,0,0,0,0,0,0,0,0,0,0,2,6,6,6,5,0,0,0,0,0,0,0,0,0,0,4,6,6,6,1,0,0,0,0,0,0,0,0,0,2,6,6,6,5,0,0,0,0,0,0,0,0,0,0,1,6,6,6,1,0,0,0,0,0,0,0,0,0,0,2,6,6,6,0,0,0,0,0,0,0,0,0,0,0,3,6,6,3,0,0,0,0,0,0,0,0,0,0,0,5,6,6,4,0,0,0,0,0,0,0,0,0,0,0,6,6,6,6,1,0,0,0,0,0,0,0,0,0,0,6,6,6,6,2,0,0,0,0,0,0,0,0,0,0,2,4,4,4,0,0,0,0,0,8,"mfeat-pixel","att60",0.9
0,3,4,4,6,5,4,4,4,4,4,4,4,4,3,5,6,6,6,6,6,6,6,6,6,6,6,6,6,6,6,6,6,6,6,5,2,2,2,5,6,6,6,6,6,6,6,6,6,6,0,0,0,0,3,6,6,6,6,6.98,6,6,6,6,1,0,0,0,0,3,6,6,6,6,6,1,4,4,3,0,0,0,0,1,6,6,6,6,6,2,0,0,0,0,0,0,0,0,5,6,6,6,6,4,0,0,0,0,0,0,0,0,5,6,6,6,6,6,0,0,0,0,0,0,0,0,3,6,6,6,6,6,2,0,0,0,0,0,0,0,0,3,6,6,6,6,6,0,0,0,0,0,0,0,0,1,6,6,6,6,6,3,0,0,0,0,0,0,0,0,4,6,6,6,6,5,1,0,0,0,0,0,0,0,2,6,6,6,6,4,0,0,0,0,0,0,0,0,0,1,6,6,6,6,3,0,0,0,0,0,0,0,0,0,6,6,6,6,6,2,0,0,0,0,0,0,0,0,0,4,4,4,4,1,0,0,0,0,0,0,8,"mfeat-pixel","att60",0.9
3,4,6,6,6,6,6,5,4,6,6,6,6,6,5,6,6,6,6,6,6,6,6,6,6,6,6,6,6,6,6,6,6,6,1,0,0,0,1,5,6,6,6,6,4,6,6,6,6,2,0,0,0,0,0,6,6,6,6,1.52,2,6,6,6,2,0,0,0,0,0,6,6,6,6,2,0,5,6,4,1,0,0,0,0,0,6,6,6,5,0,0,0,0,0,0,0,0,0,0,0,6,6,6,4,0,0,0,0,0,0,0,0,0,0,0,6,6,6,6,0,0,0,0,0,0,0,0,0,0,2,6,6,6,6,0,0,0,0,0,0,0,0,0,0,3,6,6,6,6,0,0,0,0,0,0,0,0,0,0,5,6,6,6,4,0,0,0,0,0,0,0,0,0,0,3,6,6,6,3,0,0,0,0,0,0,0,0,0,0,6,6,6,6,3,0,0,0,0,0,0,0,0,0,0,6,6,6,6,4,0,0,0,0,0,0,0,0,0,0,5,6,6,6,6,0,0,0,0,0,0,0,0,0,0,1,4,4,4,3,0,8,"mfeat-pixel","att60",0.9
0,1,5,6,6,6,6,6,6,6,6,6,6,5,1,2,6,6,6,6,6,6,6,6,6,6,6,6,6,6,3,6,6,6,6,5,4,6,6,6,6,6,6,6,6,5,6,6,6,6,5,0,0,3,6,6,6,6,6,5.66,3,6,6,6,6,3,0,0,3,6,6,6,6,5,0,0,0,2,2,1,0,0,0,3,6,6,6,6,3,0,0,0,0,0,0,0,0,0,3,6,6,6,6,2,0,0,0,0,0,0,0,0,0,5,6,6,6,4,0,0,0,0,0,0,0,0,0,3,6,6,6,6,2,0,0,0,0,0,0,0,0,0,3,6,6,6,6,0,0,0,0,0,0,0,0,0,1,6,6,6,6,6,0,0,0,0,0,0,0,0,0,5,6,6,6,6,2,0,0,0,0,0,0,0,0,0,6,6,6,6,3,0,0,0,0,0,0,0,0,0,3,6,6,6,6,0,0,0,0,0,0,0,0,0,0,3,6,6,6,6,2,0,0,0,0,0,0,0,0,0,1,4,4,4,3,0,0,0,0,0,8,"mfeat-pixel","att60",0.9
0,5,6,6,4,5,6,6,6,6,6,6,6,5,1,0,6,6,6,6,6,6,6,6,6,6,6,6,6,5,0,1,2,2,2,2,2,5,6,6,6,6,6,5,1,0,0,0,0,0,0,0,0,6,6,6,6,6,2,-0.74,0,0,0,0,0,0,0,2,6,6,6,6,6,0,0,0,0,0,0,0,0,0,0,6,6,6,6,4,0,0,0,0,0,0,0,0,0,4,6,6,6,4,0,0,0,0,0,0,0,0,1,5,6,6,6,3,0,0,0,0,0,0,0,0,3,6,6,6,6,3,0,0,0,0,0,0,0,0,3,6,6,6,6,5,0,0,0,0,0,0,0,0,0,3,6,6,6,6,2,0,0,0,0,0,0,0,0,0,5,6,6,6,2,0,0,0,0,0,0,0,0,0,2,6,6,6,6,0,0,0,0,0,0,0,0,0,0,6,6,6,6,3,0,0,0,0,0,0,0,0,1,5,6,6,6,6,1,0,0,0,0,0,0,0,0,2,4,4,4,4,2,0,0,0,0,0,0,0,0,0,8,"mfeat-pixel","att60",0.9
3,6,6,6,6,6,6,6,6,6,6,6,6,6,5,6,6,6,6,6,6,6,6,6,6,6,6,6,6,5,6,6,6,6,5,4,4,4,5,6,6,6,6,3,0,6,6,6,5,0,0,0,0,4,6,6,6,3,0,-1.03,3,6,3,0,0,0,0,4,6,6,6,4,0,0,0,0,0,0,0,0,0,3,6,6,6,6,0,0,0,0,0,0,0,0,0,0,4,6,6,6,4,0,0,0,0,0,0,0,0,0,2,6,6,6,6,0,0,0,0,0,0,0,0,0,0,4,6,6,6,6,0,0,0,0,0,0,0,0,0,2,6,6,6,6,1,0,0,0,0,0,0,0,0,0,3,6,6,6,4,0,0,0,0,0,0,0,0,0,0,3,6,6,6,6,2,0,0,0,0,0,0,0,0,0,3,6,6,6,6,5,0,0,0,0,0,0,0,0,0,3,6,6,6,6,5,0,0,0,0,0,0,0,0,0,3,6,6,6,6,3,0,0,0,0,0,0,0,0,0,2,4,4,4,4,1,0,0,0,0,0,8,"mfeat-pixel","att60",0.9
0,3,6,6,6,6,6,6,6,6,6,6,6,6,2,0,3,5,6,6,6,6,6,6,6,6,6,6,6,4,0,0,0,1,2,2,2,2,2,5,6,6,6,6,6,0,0,0,0,0,0,0,0,0,3,6,6,6,6,4.31,0,0,0,0,0,0,0,0,0,4,6,6,6,6,6,0,0,0,0,0,0,0,0,5,6,6,6,6,6,5,0,0,0,0,0,0,0,0,6,6,6,6,6,6,1,0,0,0,0,0,0,0,1,6,6,6,6,6,5,0,0,0,0,0,0,0,3,6,6,6,6,6,3,0,0,0,0,0,0,0,3,6,6,6,6,6,2,0,0,0,0,0,0,0,0,3,6,6,6,6,4,0,0,0,0,0,0,0,0,0,5,6,6,6,6,1,0,0,0,0,0,0,0,0,5,6,6,6,6,6,2,0,0,0,0,0,0,0,4,6,6,6,6,6,5,1,0,0,0,0,0,0,5,6,6,6,6,6,1,0,0,0,0,0,0,0,0,4,4,4,4,4,3,0,0,0,0,0,0,0,8,"mfeat-pixel","att60",0.9
3,6,6,6,6,6,6,6,6,6,6,6,6,5,1,5,6,6,6,6,6,6,6,6,6,6,6,6,6,5,1,6,6,6,6,6,1,0,3,6,6,6,6,6,4,0,4,6,6,6,6,3,0,0,4,6,6,6,6,1.62,0,0,6,6,6,6,5,0,0,4,6,6,6,6,0,0,0,6,6,6,6,5,0,2,6,6,6,6,6,0,0,0,1,2,2,2,0,0,3,6,6,6,6,4,0,0,0,0,0,0,0,0,0,3,6,6,6,6,0,0,0,0,0,0,0,0,0,0,3,6,6,6,6,4,0,0,0,0,0,0,0,0,0,3,6,6,6,6,3,0,0,0,0,0,0,0,0,0,6,6,6,6,3,0,0,0,0,0,0,0,0,0,1,6,6,6,6,1,0,0,0,0,0,0,0,0,0,2,6,6,6,6,2,0,0,0,0,0,0,0,0,0,2,6,6,6,6,0,0,0,0,0,0,0,0,0,0,6,6,6,6,6,0,0,0,0,0,0,0,0,0,0,4,4,4,4,3,0,0,0,8,"mfeat-pixel","att60",0.9
6,6,6,3,2,3,5,6,6,6,6,6,6,4,1,6,6,6,6,6,6,6,6,6,6,6,6,6,6,6,3,6,6,6,6,6,6,6,6,6,6,6,6,6,6,0,0,0,0,0,0,0,0,2,5,6,6,6,6,6.02,0,0,0,0,0,0,0,0,0,3,6,6,6,6,5,0,0,0,0,0,0,0,0,0,4,6,6,6,6,1,0,0,0,0,0,0,0,0,2,6,6,6,6,6,0,0,0,0,0,0,0,0,0,4,6,6,6,6,4,0,0,0,0,0,0,0,0,0,6,6,6,6,6,0,0,0,0,0,0,0,0,0,0,6,6,6,6,6,0,0,0,0,0,0,0,0,0,2,6,6,6,6,5,0,0,0,0,0,0,0,0,0,6,6,6,6,6,3,0,0,0,0,0,0,0,0,4,6,6,6,6,5,0,0,0,0,0,0,0,0,0,6,6,6,6,6,3,0,0,0,0,0,0,0,0,0,6,6,6,6,6,2,0,0,0,0,0,0,0,0,0,4,4,4,4,1,0,0,0,0,8,"mfeat-pixel","att60",0.9
0,3,6,6,6,6,6,6,6,6,6,6,6,5,1,0,6,6,6,6,6,6,6,6,6,6,6,6,6,5,3,6,6,6,6,4,2,2,3,6,6,6,6,6,3,1,6,6,6,6,3,0,0,1,6,6,6,6,6,-0.51,0,6,6,6,6,3,0,0,3,6,6,6,6,1,0,0,1,5,5,3,0,0,0,3,6,6,6,6,0,0,0,0,0,0,0,0,0,0,6,6,6,6,5,0,0,0,0,0,0,0,0,0,2,6,6,6,6,3,0,0,0,0,0,0,0,0,2,6,6,6,6,6,1,0,0,0,0,0,0,0,0,3,6,6,6,6,4,0,0,0,0,0,0,0,0,0,4,6,6,6,3,0,0,0,0,0,0,0,0,0,0,6,6,6,3,0,0,0,0,0,0,0,0,0,0,2,6,6,6,3,0,0,0,0,0,0,0,0,0,0,3,6,6,6,3,0,0,0,0,0,0,0,0,0,0,3,6,6,6,3,0,0,0,0,0,0,0,0,0,0,1,4,4,4,1,0,0,0,0,0,8,"mfeat-pixel","att60",0.9
3,5,5,5,6,6,6,6,6,6,6,6,5,4,1,4,6,6,6,6,6,6,6,6,6,6,6,6,6,3,6,6,6,6,5,2,2,2,2,5,6,6,6,6,3,3,6,6,6,3,0,0,0,0,4,6,6,6,6,-0.72,3,6,6,6,3,0,0,0,2,6,6,6,6,6,1,3,6,6,6,6,0,0,0,0,6,6,6,6,5,1,0,5,6,6,3,0,0,0,3,6,6,6,5,0,0,0,0,2,2,0,0,0,0,3,6,6,6,3,0,0,0,0,0,0,0,0,0,0,5,6,6,6,1,0,0,0,0,0,0,0,0,0,3,6,6,6,3,0,0,0,0,0,0,0,0,0,0,3,6,6,6,3,0,0,0,0,0,0,0,0,0,0,3,6,6,6,3,0,0,0,0,0,0,0,0,0,0,4,6,6,6,3,0,0,0,0,0,0,0,0,0,2,6,6,6,6,3,0,0,0,0,0,0,0,0,0,3,6,6,6,6,2,0,0,0,0,0,0,0,0,0,1,4,4,4,1,0,0,0,0,8,"mfeat-pixel","att60",0.9
5,6,6,6,6,6,6,6,6,6,6,6,6,6,3,6,6,6,6,6,6,6,6,6,6,6,6,6,6,6,1,4,4,4,4,4,4,3,1,0,1,6,6,6,5,0,0,0,0,0,0,0,0,0,1,5,6,6,5,2.26,0,0,0,0,0,0,0,0,1,6,6,6,5,1,0,0,0,0,0,0,0,0,0,6,6,6,6,2,0,0,0,0,0,0,0,0,0,2,6,6,6,1,0,0,0,0,0,0,0,0,0,2,6,6,6,4,0,0,0,0,0,0,0,0,0,0,5,6,6,5,0,0,0,0,0,0,0,0,0,0,3,6,6,6,1,0,0,0,0,0,0,0,0,0,5,6,6,6,3,0,0,0,0,0,0,0,0,0,0,6,6,6,5,0,0,0,0,0,0,0,0,0,0,3,6,6,6,2,0,0,0,0,0,0,0,0,0,0,5,6,6,6,0,0,0,0,0,0,0,0,0,1,5,6,6,6,1,0,0,0,0,0,0,0,0,0,2,4,4,4,1,0,0,0,0,0,0,0,0,0,8,"mfeat-pixel","att60",0.9
1,4,4,4,4,4,4,4,4,4,4,5,5,4,1,6,6,6,6,6,6,6,6,6,6,6,6,6,6,5,3,4,4,6,4,2,2,2,5,6,6,6,6,6,4,4,3,0,0,0,0,0,0,0,6,6,6,6,6,0.46,5,6,5,0,0,0,0,0,2,6,6,6,6,1,0,0,2,2,0,0,0,0,3,6,6,6,6,3,0,0,0,0,0,0,0,0,3,6,6,6,6,3,0,0,0,0,0,0,0,0,1,6,6,6,6,3,0,0,0,0,0,0,0,0,0,3,6,6,6,6,0,0,0,0,0,0,0,0,0,1,6,6,6,6,3,0,0,0,0,0,0,0,0,0,5,6,6,6,5,1,0,0,0,0,0,0,0,0,3,6,6,6,6,1,0,0,0,0,0,0,0,0,0,3,6,6,6,6,2,0,0,0,0,0,0,0,0,0,5,6,6,6,4,0,0,0,0,0,0,0,0,0,3,6,6,6,6,3,0,0,0,0,0,0,0,0,0,1,4,4,4,4,1,0,0,0,0,0,0,0,8,"mfeat-pixel","att60",0.9
3,6,6,6,6,6,6,6,6,6,6,6,6,6,5,3,6,6,6,6,6,6,6,6,6,6,6,6,6,6,0,1,2,2,2,2,2,2,2,2,4,6,6,6,6,0,0,0,0,0,0,0,0,0,0,3,6,6,6,4.81,0,0,0,0,0,0,0,0,0,1,5,6,6,6,3,0,0,0,0,0,0,0,0,0,6,6,6,6,6,3,0,0,0,0,0,0,0,0,3,6,6,6,6,6,3,0,0,0,0,0,0,0,0,3,6,6,6,6,5,0,0,0,0,0,0,0,0,0,6,6,6,6,6,5,0,0,0,0,0,0,0,0,0,6,6,6,6,6,5,0,0,0,0,0,0,0,0,2,6,6,6,6,6,3,0,0,0,0,0,0,0,2,6,6,6,6,6,6,1,0,0,0,0,0,0,0,3,6,6,6,6,6,3,0,0,0,0,0,0,0,0,3,6,6,6,6,6,3,0,0,0,0,0,0,0,1,6,6,6,6,6,6,3,0,0,0,0,0,0,0,2,4,4,4,4,4,4,1,0,0,8,"mfeat-pixel","att60",0.9
5,6,6,6,6,6,6,6,6,6,6,6,6,6,5,6,6,6,6,6,6,6,6,6,6,6,6,6,6,6,6,6,6,6,2,2,2,2,2,6,6,6,6,6,3,4,6,6,6,2,0,0,0,2,6,6,6,6,4,1.64,3,6,6,6,2,0,0,0,0,5,6,6,6,3,0,3,6,6,4,0,0,0,0,0,3,6,6,6,3,0,0,3,3,0,0,0,0,0,1,6,6,6,5,0,0,0,0,0,0,0,0,0,0,6,6,6,6,3,0,0,0,0,0,0,0,0,0,0,4,6,6,6,5,0,0,0,0,0,0,0,0,0,0,3,6,6,6,6,2,0,0,0,0,0,0,0,0,0,3,6,6,6,4,0,0,0,0,0,0,0,0,0,0,3,6,6,6,4,0,0,0,0,0,0,0,0,0,0,1,6,6,6,6,0,0,0,0,0,0,0,0,0,0,2,6,6,6,6,0,0,0,0,0,0,0,0,0,0,1,6,6,6,6,3,0,0,0,0,0,0,0,0,0,0,2,4,4,4,1,0,8,"mfeat-pixel","att60",0.9
0,1,2,2,3,4,3,2,2,2,3,5,6,6,3,2,6,6,6,6,6,6,6,6,6,6,6,6,6,6,6,6,6,6,6,6,6,6,6,6,6,6,6,6,5,1,5,6,3,2,2,2,2,4,6,6,6,6,5,-2,0,0,0,0,0,0,0,0,5,6,6,6,6,3,0,0,0,0,0,0,0,0,1,6,6,6,6,5,1,0,0,0,0,0,0,0,1,5,6,6,6,5,1,0,0,0,0,0,0,0,0,1,6,6,6,6,1,0,0,0,0,0,0,0,0,0,3,6,6,6,6,2,0,0,0,0,0,0,0,0,3,6,6,6,6,5,1,0,0,0,0,0,0,0,1,6,6,6,6,5,0,0,0,0,0,0,0,0,1,6,6,6,6,5,0,0,0,0,0,0,0,0,0,5,6,6,6,6,2,0,0,0,0,0,0,0,0,4,6,6,6,6,3,0,0,0,0,0,0,0,0,2,6,6,6,6,4,0,0,0,0,0,0,0,0,0,1,4,4,4,4,1,0,0,0,0,0,0,0,0,8,"mfeat-pixel","att60",0.9
5,6,5,5,6,6,6,6,6,6,6,6,6,6,5,6,6,6,6,6,6,6,6,6,6,6,6,6,6,6,6,6,6,6,6,3,2,3,4,5,6,6,6,6,6,5,6,6,6,3,0,0,0,0,0,6,6,6,6,8.32,3,6,6,6,3,0,0,0,0,0,6,6,6,5,0,2,6,6,6,3,0,0,0,0,1,6,6,6,2,0,0,1,5,5,1,0,0,0,0,5,6,6,3,0,0,0,0,0,0,0,0,0,0,0,6,6,4,0,0,0,0,0,0,0,0,0,0,0,0,6,6,3,0,0,0,0,0,0,0,0,0,0,0,0,6,6,2,0,0,0,0,0,0,0,0,0,0,0,3,6,4,0,0,0,0,0,0,0,0,0,0,2,6,6,6,3,0,0,0,0,0,0,0,0,0,0,6,6,6,6,2,0,0,0,0,0,0,0,0,0,0,6,6,6,6,0,0,0,0,0,0,0,0,0,0,3,6,6,6,6,0,0,0,0,0,0,0,0,0,0,0,3,4,4,3,0,0,0,0,0,8,"mfeat-pixel","att60",0.9
1,4,2,5,6,6,6,6,6,6,6,6,6,6,3,6,6,6,6,6,6,6,6,6,6,6,6,6,6,6,3,6,6,6,2,2,2,2,2,2,6,6,6,6,1,5,6,6,6,0,0,0,0,0,0,6,6,6,6,-2.06,6,6,6,6,0,0,0,0,0,3,6,6,6,3,0,3,6,6,6,1,0,0,0,0,3,6,6,6,3,0,1,5,6,5,1,0,0,0,2,6,6,6,6,1,0,0,0,2,0,0,0,0,0,5,6,6,6,2,0,0,0,0,0,0,0,0,0,0,4,6,6,6,0,0,0,0,0,0,0,0,0,0,0,6,6,6,4,0,0,0,0,0,0,0,0,0,0,2,6,6,6,3,0,0,0,0,0,0,0,0,0,0,3,6,6,6,1,0,0,0,0,0,0,0,0,0,0,3,6,6,6,2,0,0,0,0,0,0,0,0,0,0,4,6,6,6,3,0,0,0,0,0,0,0,0,0,0,6,6,6,6,3,0,0,0,0,0,0,0,0,0,0,3,4,4,4,0,0,0,0,8,"mfeat-pixel","att60",0.9
5,6,6,6,6,6,6,6,6,6,6,6,6,5,1,6,6,6,6,6,6,6,6,6,6,6,6,6,6,5,1,3,5,6,6,5,4,5,6,6,6,6,6,6,2,0,0,0,0,0,0,0,0,3,6,6,6,6,3,-0.58,0,0,0,0,0,0,0,1,6,6,6,6,6,2,0,0,0,0,0,0,0,0,3,6,6,6,6,4,0,0,0,0,0,0,0,0,0,3,6,6,6,6,2,0,0,0,0,0,0,0,0,0,5,6,6,6,4,0,0,0,0,0,0,0,0,0,3,6,6,6,6,3,0,0,0,0,0,0,0,0,0,3,6,6,6,6,3,0,0,0,0,0,0,0,0,0,3,6,6,6,6,2,0,0,0,0,0,0,0,0,0,5,6,6,6,4,0,0,0,0,0,0,0,0,0,0,6,6,6,6,6,0,0,0,0,0,0,0,0,0,1,6,6,6,6,3,0,0,0,0,0,0,0,0,0,3,6,6,6,6,3,0,0,0,0,0,0,0,0,0,2,4,4,4,4,2,0,0,0,0,8,"mfeat-pixel","att60",0.9
3,6,6,6,6,6,6,6,6,6,6,6,6,6,5,3,6,6,6,6,6,6,6,6,6,6,6,6,6,6,0,0,2,4,4,4,4,4,2,3,6,6,6,6,6,0,0,0,0,0,0,0,0,0,2,6,6,6,6,7.17,0,0,0,0,0,0,0,0,0,6,6,6,6,6,1,0,0,0,0,0,0,0,0,4,6,6,6,6,2,0,0,0,0,0,0,0,0,1,6,6,6,6,5,0,0,0,0,0,0,0,0,0,5,6,6,6,6,1,0,0,0,0,0,0,0,0,4,6,6,6,6,4,0,0,0,0,0,0,0,0,0,6,6,6,6,6,0,0,0,0,0,0,0,0,0,3,6,6,6,6,4,0,0,0,0,0,0,0,0,5,6,6,6,6,6,1,0,0,0,0,0,0,0,1,6,6,6,6,5,1,0,0,0,0,0,0,0,0,3,6,6,6,6,1,0,0,0,0,0,0,0,0,0,4,6,6,6,4,0,0,0,0,0,0,0,0,0,0,4,4,4,3,0,0,0,0,0,0,0,0,8,"mfeat-pixel","att60",0.9
5,6,6,6,6,6,6,6,6,6,6,6,6,6,3,6,6,6,6,6,6,6,6,6,6,6,6,6,6,4,6,6,6,6,6,3,2,2,3,6,6,6,6,6,3,6,6,6,6,3,0,0,0,0,5,6,6,6,6,1.9,1,5,6,5,1,0,0,0,0,0,4,6,6,6,3,0,0,0,0,0,0,0,0,0,3,5,6,6,6,1,0,0,0,0,0,0,0,0,3,6,6,6,6,3,0,0,0,0,0,0,0,0,0,5,6,6,6,6,1,0,0,0,0,0,0,0,0,0,6,6,6,6,3,0,0,0,0,0,0,0,0,0,0,3,6,6,6,3,0,0,0,0,0,0,0,0,0,3,6,6,6,5,0,0,0,0,0,0,0,0,0,0,6,6,6,6,3,0,0,0,0,0,0,0,0,0,1,6,6,6,6,3,0,0,0,0,0,0,0,0,0,3,6,6,6,6,2,0,0,0,0,0,0,0,0,0,4,6,6,6,4,0,0,0,0,0,0,0,0,0,0,3,4,4,4,2,0,0,0,0,8,"mfeat-pixel","att60",0.9
0,1,2,4,6,6,6,6,6,6,6,6,6,5,1,2,6,6,6,6,6,6,6,6,6,6,6,6,6,6,6,6,6,6,6,6,6,6,6,6,6,6,6,6,6,1,4,4,4,2,2,2,2,2,4,6,6,6,6,8.28,0,0,0,0,0,0,0,0,0,3,6,6,6,6,4,0,0,0,0,0,0,0,0,0,3,6,6,6,6,4,0,0,0,0,0,0,0,0,0,3,6,6,6,6,0,0,0,0,0,0,0,0,0,0,3,6,6,6,6,0,0,0,0,0,0,0,0,0,0,3,6,6,6,6,3,0,0,0,0,0,0,0,0,0,3,6,6,6,6,3,0,0,0,0,0,0,0,0,0,3,6,6,6,6,3,0,0,0,0,0,0,0,0,0,3,6,6,6,6,3,0,0,0,0,0,0,0,0,0,6,6,6,6,6,2,0,0,0,0,0,0,0,0,0,4,6,6,6,4,0,0,0,0,0,0,0,0,0,1,6,6,6,6,6,0,0,0,0,0,0,0,0,0,1,4,4,4,4,1,0,8,"mfeat-pixel","att60",0.9
3,4,5,6,6,5,5,5,4,4,5,6,5,4,1,6,6,6,6,6,6,6,6,6,6,6,6,6,6,6,6,6,6,6,6,6,6,6,6,6,6,6,6,6,6,1,2,2,2,2,2,2,3,6,6,6,6,6,6,3.78,0,0,0,0,0,0,0,0,6,6,6,6,6,4,0,0,0,0,0,0,0,0,4,6,6,6,6,4,0,0,0,0,0,0,0,0,2,6,6,6,6,4,0,0,0,0,0,0,0,0,0,6,6,6,6,6,3,0,0,0,0,0,0,0,0,1,6,6,6,6,5,0,0,0,0,0,0,0,0,0,4,6,6,6,6,2,0,0,0,0,0,0,0,0,4,6,6,6,6,4,0,0,0,0,0,0,0,0,3,6,6,6,6,6,2,0,0,0,0,0,0,0,0,1,6,6,6,6,4,0,0,0,0,0,0,0,0,0,2,6,6,6,6,3,0,0,0,0,0,0,0,0,1,6,6,6,6,6,2,0,0,0,0,0,0,0,0,1,4,4,4,4,3,0,0,0,0,0,0,0,8,"mfeat-pixel","att60",0.9
3,6,6,6,6,6,6,4,4,4,4,4,6,4,3,6,6,6,6,6,6,6,6,6,6,6,6,6,6,5,6,6,6,5,1,0,2,2,3,6,6,6,6,5,1,6,6,6,3,0,0,0,0,0,6,6,6,6,1,0.82,2,6,6,5,1,0,0,0,0,6,6,6,6,0,0,0,5,6,6,3,0,0,0,4,6,6,6,6,0,0,0,0,2,2,0,0,0,0,5,6,6,6,5,0,0,0,0,0,0,0,0,0,0,4,6,6,6,4,0,0,0,0,0,0,0,0,0,0,4,6,6,6,4,0,0,0,0,0,0,0,0,0,0,5,6,6,6,0,0,0,0,0,0,0,0,0,0,0,6,6,6,6,0,0,0,0,0,0,0,0,0,0,0,6,6,6,6,0,0,0,0,0,0,0,0,0,0,3,6,6,6,4,0,0,0,0,0,0,0,0,0,5,6,6,6,6,0,0,0,0,0,0,0,0,0,0,5,6,6,6,4,0,0,0,0,0,0,0,0,0,0,1,4,4,3,0,0,0,0,0,8,"mfeat-pixel","att60",0.9
1,4,4,5,6,6,6,6,6,6,6,6,6,5,3,3,6,6,6,6,6,6,6,6,6,6,6,6,6,4,3,6,6,6,6,4,3,2,2,5,6,6,6,6,3,3,6,6,6,3,0,0,0,0,3,6,6,6,6,0.96,3,6,6,6,3,0,0,0,3,6,6,6,6,1,0,2,6,6,6,2,0,0,2,6,6,6,6,1,0,0,0,1,2,0,0,0,0,3,6,6,6,3,0,0,0,0,0,0,0,0,0,1,5,6,6,6,1,0,0,0,0,0,0,0,0,0,5,6,6,6,2,0,0,0,0,0,0,0,0,0,1,6,6,6,6,0,0,0,0,0,0,0,0,0,0,6,6,6,6,6,0,0,0,0,0,0,0,0,0,1,6,6,6,6,4,0,0,0,0,0,0,0,0,0,3,6,6,6,6,3,0,0,0,0,0,0,0,0,0,1,6,6,6,6,3,0,0,0,0,0,0,0,0,0,0,3,6,6,6,2,0,0,0,0,0,0,0,0,0,0,2,4,4,1,0,0,0,0,0,0,8,"mfeat-pixel","att60",0.9
5,6,6,6,6,6,6,6,6,6,6,6,6,6,6,6,6,6,6,6,6,6,6,6,6,6,6,6,6,6,6,6,6,6,5,4,4,4,6,4,6,6,6,6,6,1,4,4,2,0,0,0,0,0,0,6,6,6,6,7.05,0,0,0,0,0,0,0,0,0,1,6,6,6,6,5,0,0,0,0,0,0,0,0,0,3,6,6,6,6,1,0,0,0,0,0,0,0,0,0,4,6,6,6,6,0,0,0,0,0,0,0,0,0,2,6,6,6,6,2,0,0,0,0,0,0,0,0,0,3,6,6,6,4,0,0,0,0,0,0,0,0,0,0,5,6,6,6,3,0,0,0,0,0,0,0,0,0,4,6,6,6,6,2,0,0,0,0,0,0,0,0,0,6,6,6,6,6,0,0,0,0,0,0,0,0,0,0,6,6,6,6,4,0,0,0,0,0,0,0,0,0,1,6,6,6,6,4,0,0,0,0,0,0,0,0,0,4,6,6,6,6,6,0,0,0,0,0,0,0,0,0,4,4,4,4,4,3,0,0,0,8,"mfeat-pixel","att60",0.9
6,6,6,6,6,6,6,6,6,6,6,6,6,6,3,5,6,6,6,6,6,6,6,6,6,6,6,6,6,6,0,0,1,2,2,2,2,4,3,5,6,6,6,6,4,0,0,0,0,0,0,0,3,6,6,6,6,6,6,5.34,0,0,0,0,0,0,0,6,6,6,6,6,6,6,2,0,0,0,0,0,0,0,4,6,6,6,6,6,6,0,0,0,0,0,0,0,0,6,6,6,6,6,6,1,0,0,0,0,0,0,0,0,6,6,6,6,6,4,0,0,0,0,0,0,0,0,0,6,6,6,6,6,5,0,0,0,0,0,0,0,0,3,6,6,6,6,6,3,0,0,0,0,0,0,0,5,6,6,6,6,0,0,0,0,0,0,0,0,0,3,6,6,6,6,6,3,0,0,0,0,0,0,0,0,5,6,6,6,6,6,3,0,0,0,0,0,0,0,0,4,6,6,6,6,6,0,0,0,0,0,0,0,0,5,6,6,6,6,6,3,0,0,0,0,0,0,0,0,1,4,4,4,4,2,0,0,0,0,0,0,8,"mfeat-pixel","att60",0.9
1,5,6,5,4,4,6,6,6,6,6,6,6,3,0,1,4,4,4,5,6,6,6,6,6,6,6,6,6,3,0,0,0,0,0,2,0,4,6,6,6,6,6,6,0,0,0,0,0,0,0,0,3,6,6,6,6,6,2,0.51,0,0,0,0,0,0,1,5,6,6,6,6,6,0,0,0,0,0,0,0,0,6,6,6,6,6,6,4,0,0,0,0,0,0,0,0,6,6,6,6,6,6,3,0,0,0,0,0,0,0,1,6,6,6,6,6,4,0,0,0,0,0,0,0,1,5,6,6,6,6,6,2,0,0,0,0,0,0,2,6,6,6,6,6,5,1,0,0,0,0,0,0,0,3,6,6,6,6,6,1,0,0,0,0,0,0,0,1,5,6,6,6,6,6,0,0,0,0,0,0,0,0,6,6,6,6,6,5,1,0,0,0,0,0,0,0,2,6,6,6,6,6,3,0,0,0,0,0,0,0,0,6,6,6,6,6,6,2,0,0,0,0,0,0,0,0,3,4,4,4,3,1,0,0,0,0,0,0,0,0,8,"mfeat-pixel","att60",0.9
0,3,4,6,6,6,6,5,4,5,6,6,4,3,0,0,6,6,6,6,6,6,6,6,6,6,6,6,6,3,1,6,6,6,6,5,2,5,6,6,6,6,6,6,1,3,6,6,6,6,3,0,0,4,6,6,6,6,2,-0.26,1,6,6,6,6,3,0,0,5,6,6,6,6,0,0,3,6,6,6,6,3,0,0,6,6,6,6,6,0,0,0,3,5,6,5,1,0,3,6,6,6,6,6,0,0,0,0,0,0,0,0,0,3,6,6,6,6,2,0,0,0,0,0,0,0,0,0,3,6,6,6,6,0,0,0,0,0,0,0,0,0,0,5,6,6,6,6,0,0,0,0,0,0,0,0,0,0,6,6,6,6,6,0,0,0,0,0,0,0,0,0,3,6,6,6,6,3,0,0,0,0,0,0,0,0,0,3,6,6,6,5,0,0,0,0,0,0,0,0,0,0,5,6,6,6,3,0,0,0,0,0,0,0,0,0,3,6,6,6,6,3,0,0,0,0,0,0,0,0,0,2,4,4,4,3,0,0,0,0,0,8,"mfeat-pixel","att60",0.9
3,6,6,6,6,6,6,6,6,6,6,6,6,6,3,6,6,6,6,6,6,6,6,6,6,6,6,6,6,6,6,6,6,6,3,2,2,0,6,6,6,6,6,6,1,3,6,6,4,0,0,0,2,6,6,6,6,6,3,-2.87,3,6,6,3,0,0,0,3,6,6,6,6,5,0,0,0,3,3,0,0,0,0,3,6,6,6,5,0,0,0,0,0,0,0,0,0,0,3,6,6,6,4,0,0,0,0,0,0,0,0,0,0,4,6,6,6,6,2,0,0,0,0,0,0,0,0,0,6,6,6,6,6,2,0,0,0,0,0,0,0,0,0,6,6,6,6,4,0,0,0,0,0,0,0,0,0,3,6,6,6,6,1,0,0,0,0,0,0,0,0,0,5,6,6,6,3,0,0,0,0,0,0,0,0,0,3,6,6,6,6,3,0,0,0,0,0,0,0,0,1,6,6,6,6,6,2,0,0,0,0,0,0,0,0,3,6,6,6,6,4,0,0,0,0,0,0,0,0,0,1,4,4,4,4,1,0,0,0,0,0,8,"mfeat-pixel","att60",0.9
2,6,6,6,6,6,6,6,6,6,6,6,6,6,2,5,6,6,6,6,6,6,6,6,6,6,6,6,6,6,0,3,5,6,6,6,6,6,6,6,6,6,6,6,4,0,0,0,0,0,0,0,0,4,6,6,6,6,5,-1.68,0,0,0,0,0,0,0,0,5,6,6,6,6,1,0,0,0,0,0,0,0,0,2,6,6,6,6,6,0,0,0,0,0,0,0,0,0,3,6,6,6,6,5,0,0,0,0,0,0,0,0,0,5,6,6,6,6,1,0,0,0,0,0,0,0,0,3,6,6,6,6,6,0,0,0,0,0,0,0,0,0,3,6,6,6,6,6,0,0,0,0,0,0,0,0,0,3,6,6,6,6,6,0,0,0,0,0,0,0,0,0,4,6,6,6,6,6,0,0,0,0,0,0,0,0,2,6,6,6,6,6,4,0,0,0,0,0,0,0,0,3,6,6,6,6,6,3,0,0,0,0,0,0,0,0,5,6,6,6,6,5,1,0,0,0,0,0,0,0,0,1,4,4,4,4,0,0,0,0,0,8,"mfeat-pixel","att60",0.9
0,0,0,0,0,0,0,0,0,0,2,2,4,4,1,3,4,4,4,4,4,4,4,4,6,6,6,6,6,6,6,6,6,6,6,6,6,6,6,6,6,6,6,6,4,5,6,6,6,6,6,5,3,2,5,6,6,6,6,4.99,0,0,0,0,0,0,0,0,0,3,6,6,6,6,1,0,0,0,0,0,0,0,0,0,3,6,6,6,6,0,0,0,0,0,0,0,0,0,0,3,6,6,6,6,0,0,0,0,0,0,0,0,0,0,3,6,6,6,6,0,0,0,0,0,0,0,0,0,1,5,6,6,6,6,0,0,0,0,0,0,0,0,0,5,6,6,6,6,1,0,0,0,0,0,0,0,0,0,0,4,6,6,6,5,0,0,0,0,0,0,0,0,0,0,4,6,6,6,6,1,0,0,0,0,0,0,0,0,5,6,6,6,6,6,5,0,0,0,0,0,0,0,0,1,5,6,6,6,6,6,0,0,0,0,0,0,0,0,0,3,6,6,6,6,3,0,0,0,0,0,0,0,0,0,2,4,4,4,1,0,8,"mfeat-pixel","att60",0.9
3,4,4,5,5,4,4,6,4,4,4,4,4,4,3,5,6,6,6,6,6,6,6,6,6,6,6,6,6,6,0,0,0,0,0,0,0,0,2,2,5,6,6,6,6,0,0,0,0,0,0,0,0,0,0,3,6,6,6,6.39,0,0,0,0,0,0,0,0,0,0,3,6,6,6,5,0,0,0,0,0,0,0,0,0,3,6,6,6,5,1,0,0,0,1,4,5,6,4,6,6,6,6,6,1,0,0,0,0,2,6,6,6,6,6,6,6,6,5,0,0,0,0,0,0,0,0,1,5,6,6,6,4,0,0,0,0,0,0,0,0,0,0,0,6,6,6,3,0,0,0,0,0,0,0,0,0,0,0,6,6,6,3,0,0,0,0,0,0,0,0,0,0,0,6,6,6,4,0,0,0,0,0,0,0,0,0,0,0,6,6,6,6,5,1,0,0,0,0,0,0,0,0,0,6,6,6,6,6,6,0,0,0,0,0,0,0,0,0,6,6,6,6,6,3,0,0,0,0,0,0,0,0,0,3,4,4,2,0,0,0,8,"mfeat-pixel","att60",0.9
5,6,6,6,4,4,6,6,6,6,6,6,6,6,5,3,6,6,6,6,6,6,6,6,6,6,6,6,6,6,0,1,4,4,4,6,6,6,6,6,6,6,6,6,6,0,0,0,0,0,0,2,1,1,6,6,6,6,6,2.83,0,0,0,0,0,0,0,2,6,6,6,6,6,4,0,0,0,0,0,0,0,0,5,6,6,6,6,3,0,0,0,0,0,0,0,0,3,6,6,6,6,6,0,0,0,0,0,0,0,0,3,6,6,6,6,6,2,0,0,0,0,0,0,0,2,6,6,6,6,6,4,0,0,0,0,0,0,0,0,6,6,6,6,6,3,0,0,0,0,0,0,0,0,2,6,6,6,6,6,0,0,0,0,0,0,0,0,1,6,6,6,6,6,2,0,0,0,0,0,0,0,2,6,6,6,6,6,4,0,0,0,0,0,0,0,0,4,6,6,6,6,6,5,0,0,0,0,0,0,0,2,6,6,6,6,6,6,3,0,0,0,0,0,0,0,1,4,4,4,4,4,1,0,0,0,0,0,0,0,0,8,"mfeat-pixel","att60",0.9
6,6,6,6,6,6,6,6,6,6,6,6,6,6,5,6,6,6,6,6,6,6,6,6,6,6,6,6,6,6,3,6,6,6,6,6,6,6,6,6,6,6,6,6,6,0,0,0,0,0,0,0,0,4,6,6,6,6,5,-0.52,0,0,0,0,0,0,0,2,6,6,6,6,4,0,0,0,0,0,0,0,0,0,5,6,6,6,6,0,0,0,0,0,0,0,0,0,3,6,6,6,6,2,0,0,0,0,0,0,0,0,0,3,6,6,6,5,0,0,0,0,0,0,0,0,0,0,3,6,6,6,3,0,0,0,0,0,0,0,0,0,1,6,6,6,6,3,0,0,0,0,0,0,0,0,0,4,6,6,6,5,0,0,0,0,0,0,0,0,0,2,6,6,6,6,3,0,0,0,0,0,0,0,0,0,3,6,6,6,6,2,0,0,0,0,0,0,0,0,1,5,6,6,6,4,0,0,0,0,0,0,0,0,0,5,6,6,6,6,2,0,0,0,0,0,0,0,0,0,3,4,4,4,1,0,0,0,0,0,0,0,8,"mfeat-pixel","att60",0.9
1,5,6,6,6,6,6,6,6,6,6,6,6,5,1,5,6,6,6,6,6,6,6,6,6,6,6,6,6,6,0,3,4,4,4,4,4,4,4,6,6,6,6,6,3,0,0,0,0,0,0,0,0,2,6,6,6,6,5,1.73,0,0,0,0,0,0,0,0,3,6,6,6,6,3,0,0,0,0,0,0,0,0,2,6,6,6,6,6,2,0,0,0,0,0,0,0,0,4,6,6,6,6,1,0,0,0,0,0,0,0,0,0,6,6,6,6,6,0,0,0,0,0,0,0,0,1,5,6,6,6,6,5,0,0,0,0,0,0,0,2,6,6,6,6,6,4,0,0,0,0,0,0,0,0,3,6,6,6,6,6,1,0,0,0,0,0,0,0,3,6,6,6,6,6,3,0,0,0,0,0,0,0,0,6,6,6,6,6,5,1,0,0,0,0,0,0,0,0,6,6,6,6,6,0,0,0,0,0,0,0,0,0,0,6,6,6,6,6,0,0,0,0,0,0,0,0,0,0,3,4,4,4,3,0,0,0,0,0,0,0,8,"mfeat-pixel","att60",0.9
3,6,6,6,6,6,4,4,4,4,3,3,4,4,1,6,6,6,6,6,6,6,6,6,6,6,6,6,6,6,6,6,6,6,6,6,6,6,6,6,6,6,6,5,1,6,6,6,3,0,0,0,0,6,6,6,6,5,0,2.99,5,6,6,2,0,0,0,3,6,6,6,6,1,0,0,0,2,1,0,0,0,1,5,6,6,6,3,0,0,0,0,0,0,0,0,0,5,6,6,6,6,3,0,0,0,0,0,0,0,0,0,6,6,6,6,6,1,0,0,0,0,0,0,0,0,3,6,6,6,6,3,0,0,0,0,0,0,0,0,0,0,6,6,6,5,0,0,0,0,0,0,0,0,0,0,3,6,6,6,3,0,0,0,0,0,0,0,0,0,0,3,6,6,6,3,0,0,0,0,0,0,0,0,0,0,3,6,6,6,3,0,0,0,0,0,0,0,0,0,0,3,6,6,6,3,0,0,0,0,0,0,0,0,0,0,3,6,6,6,5,0,0,0,0,0,0,0,0,0,0,0,4,4,4,3,0,0,0,0,0,8,"mfeat-pixel","att60",0.9
5,6,6,6,6,6,4,4,6,6,6,6,6,6,3,3,6,6,6,6,6,6,6,6,6,6,6,6,6,6,0,1,5,6,6,4,4,6,4,5,6,6,6,6,4,0,0,0,0,0,0,0,0,0,5,6,6,6,6,2.49,0,0,0,0,0,0,0,0,1,6,6,6,6,6,2,0,0,0,0,0,0,0,0,5,6,6,6,6,4,0,0,0,0,0,0,0,0,2,6,6,6,6,6,3,0,0,0,0,0,0,0,0,3,6,6,6,6,5,0,0,0,0,0,0,0,0,0,4,6,6,6,6,1,0,0,0,0,0,0,0,0,0,6,6,6,6,3,0,0,0,0,0,0,0,0,0,4,6,6,6,4,0,0,0,0,0,0,0,0,0,1,6,6,6,6,5,0,0,0,0,0,0,0,0,0,5,6,6,6,3,0,0,0,0,0,0,0,0,1,5,6,6,6,6,0,0,0,0,0,0,0,0,0,3,6,6,6,6,6,0,0,0,0,0,0,0,0,0,1,4,4,4,4,3,0,0,0,0,0,0,8,"mfeat-pixel","att60",0.9
5,6,6,6,6,6,6,6,6,6,6,6,6,6,5,1,5,6,6,6,6,6,6,6,6,6,6,6,6,6,0,0,1,2,2,2,2,2,4,6,6,6,6,6,5,0,0,0,0,0,0,0,0,3,6,6,6,6,6,-0.59,0,0,0,0,0,0,0,0,4,6,6,6,6,4,0,0,0,0,0,0,0,0,0,6,6,6,6,6,2,0,0,0,0,0,0,0,0,1,6,6,6,6,4,0,0,0,0,0,0,0,0,0,3,6,6,6,6,4,0,0,0,0,0,0,0,0,0,5,6,6,6,6,5,0,0,0,0,0,0,0,0,2,6,6,6,6,4,0,0,0,0,0,0,0,0,0,3,6,6,6,6,3,0,0,0,0,0,0,0,0,0,6,6,6,6,6,2,0,0,0,0,0,0,0,0,1,6,6,6,6,1,0,0,0,0,0,0,0,0,0,5,6,6,6,6,0,0,0,0,0,0,0,0,0,0,6,6,6,6,5,0,0,0,0,0,0,0,0,0,0,4,4,4,3,0,0,0,0,0,0,8,"mfeat-pixel","att60",0.9
1,5,6,6,6,6,6,6,6,6,6,6,6,5,1,6,6,6,6,6,6,6,6,6,6,6,6,6,6,3,1,5,6,6,4,4,5,6,6,6,6,6,6,6,6,0,0,0,0,0,0,0,0,0,6,6,6,6,6,3.06,0,0,0,0,0,0,0,0,2,6,6,6,6,6,0,0,0,0,0,0,0,0,0,3,6,6,6,6,5,0,0,0,0,0,0,0,0,3,6,6,6,6,6,3,0,0,0,0,0,0,0,0,3,6,6,6,6,6,3,0,0,0,0,0,0,0,1,6,6,6,6,6,6,0,0,0,0,0,0,0,0,3,6,6,6,6,6,3,0,0,0,0,0,0,0,0,3,6,6,6,6,4,0,0,0,0,0,0,0,0,1,6,6,6,6,6,3,0,0,0,0,0,0,0,0,5,6,6,6,6,6,0,0,0,0,0,0,0,0,0,6,6,6,6,6,6,0,0,0,0,0,0,0,0,2,6,6,6,6,6,5,0,0,0,0,0,0,0,0,1,4,4,4,4,4,1,0,0,0,0,8,"mfeat-pixel","att60",0.9
6,6,6,6,6,6,6,6,6,6,6,6,6,6,6,6,6,6,6,6,6,6,6,6,6,6,6,6,6,6,6,6,6,6,5,2,2,2,2,2,2,4,6,6,6,6,6,6,6,5,0,0,0,0,0,0,5,6,6,10.06,6,6,6,6,6,0,0,0,0,0,0,6,6,6,6,6,6,6,6,4,0,0,0,0,0,2,6,6,6,6,3,6,6,3,0,0,0,0,0,0,6,6,6,6,2,0,0,0,0,0,0,0,0,0,0,6,6,6,6,0,0,0,0,0,0,0,0,0,0,2,6,6,6,6,0,0,0,0,0,0,0,0,0,1,6,6,6,6,2,0,0,0,0,0,0,0,0,0,3,6,6,6,6,0,0,0,0,0,0,0,0,0,0,2,6,6,6,6,0,0,0,0,0,0,0,0,0,0,1,6,6,6,3,0,0,0,0,0,0,0,0,0,0,3,6,6,6,4,0,0,0,0,0,0,0,0,0,0,5,6,6,6,6,1,0,0,0,0,0,0,0,0,0,4,4,4,4,4,2,0,8,"mfeat-pixel","att60",0.9
0,3,6,6,5,4,4,4,4,5,5,4,4,3,0,3,6,6,6,6,6,6,6,6,6,6,6,6,6,3,1,6,6,6,5,2,2,3,6,6,6,6,6,6,1,1,6,6,6,3,0,0,0,5,6,6,6,6,6,-1.22,3,6,6,6,3,0,0,0,4,6,6,6,6,3,0,2,6,6,6,3,0,0,0,6,6,6,6,6,3,0,0,1,2,2,0,0,0,2,6,6,6,6,6,0,0,0,0,0,0,0,0,0,6,6,6,6,6,6,0,0,0,0,0,0,0,0,3,6,6,6,6,6,3,0,0,0,0,0,0,0,3,6,6,6,6,6,3,0,0,0,0,0,0,0,0,3,6,6,6,6,5,0,0,0,0,0,0,0,0,0,3,6,6,6,6,5,0,0,0,0,0,0,0,0,0,5,6,6,6,6,4,0,0,0,0,0,0,0,0,3,6,6,6,6,6,1,0,0,0,0,0,0,0,0,3,6,6,6,6,6,2,0,0,0,0,0,0,0,0,1,4,4,4,4,4,1,0,0,0,0,8,"mfeat-pixel","att60",0.9
1,5,6,6,4,6,6,6,4,4,6,6,6,3,0,3,6,6,6,6,6,6,6,6,6,6,6,6,6,5,3,6,6,6,5,2,2,3,6,6,6,6,6,3,1,3,6,6,6,3,0,0,0,6,6,6,6,6,0,0.53,5,6,6,6,3,0,0,4,6,6,6,6,2,0,0,1,4,4,4,1,0,0,6,6,6,6,6,0,0,0,0,0,0,0,0,0,0,6,6,6,6,6,0,0,0,0,0,0,0,0,0,0,6,6,6,6,6,0,0,0,0,0,0,0,0,0,3,6,6,6,6,4,0,0,0,0,0,0,0,0,0,0,6,6,6,6,0,0,0,0,0,0,0,0,0,0,2,6,6,6,6,0,0,0,0,0,0,0,0,0,0,6,6,6,6,6,0,0,0,0,0,0,0,0,0,0,6,6,6,6,4,0,0,0,0,0,0,0,0,0,0,6,6,6,6,1,0,0,0,0,0,0,0,0,0,2,6,6,6,6,3,0,0,0,0,0,0,0,0,0,1,4,4,4,4,1,0,0,0,0,8,"mfeat-pixel","att60",0.9
2,6,6,6,6,4,4,3,2,2,2,1,0,2,0,1,5,6,6,6,6,6,6,6,6,6,6,6,6,5,0,0,0,0,0,0,2,5,6,6,6,6,6,6,6,0,0,0,0,0,0,0,3,6,6,6,6,6,6,2.48,0,0,0,0,0,0,0,3,6,6,6,6,6,6,3,0,0,0,0,0,0,2,6,6,6,6,6,6,6,0,0,0,0,0,0,0,1,6,6,6,6,6,6,6,0,0,0,0,0,0,0,6,6,6,6,6,6,6,2,0,0,0,0,0,0,1,6,6,6,6,6,6,6,1,0,0,0,0,0,0,5,6,6,6,6,6,6,4,1,0,0,0,0,0,1,6,6,6,6,6,6,2,0,0,0,0,0,0,2,6,6,6,6,6,6,1,0,0,0,0,0,0,0,3,6,6,6,6,6,4,0,0,0,0,0,0,0,3,6,6,6,6,6,6,0,0,0,0,0,0,0,5,6,6,6,6,6,5,1,0,0,0,0,0,0,0,3,4,4,4,4,3,0,0,0,0,0,0,0,0,8,"mfeat-pixel","att60",0.9
6,6,6,6,6,6,6,6,6,6,6,6,6,6,5,3,4,5,6,6,6,6,6,6,6,6,6,6,6,5,0,0,0,1,2,2,2,2,5,6,6,6,6,6,2,0,0,0,0,0,0,0,0,5,6,6,6,6,4,1.28,0,0,0,0,0,0,0,2,6,6,6,6,6,3,0,0,0,0,0,0,0,0,3,6,6,6,6,6,1,0,0,0,0,0,0,0,0,6,6,6,6,6,3,0,0,0,0,0,0,0,0,0,6,6,6,6,5,0,0,0,0,0,0,0,0,0,4,6,6,6,6,3,0,0,0,0,0,0,0,0,2,6,6,6,6,3,0,0,0,0,0,0,0,0,0,6,6,6,6,5,0,0,0,0,0,0,0,0,0,1,6,6,6,6,1,0,0,0,0,0,0,0,0,2,6,6,6,6,6,0,0,0,0,0,0,0,0,1,6,6,6,6,6,3,0,0,0,0,0,0,0,0,3,6,6,6,6,6,3,0,0,0,0,0,0,0,0,2,4,4,4,4,4,0,0,0,0,0,0,0,8,"mfeat-pixel","att60",0.9
3,6,6,6,6,6,6,6,6,6,6,6,6,6,3,6,6,6,6,6,6,6,6,6,6,6,6,6,6,6,6,6,6,6,6,6,6,6,6,6,6,6,6,6,6,6,6,6,3,0,0,0,0,1,6,6,6,6,5,2.05,6,6,6,2,0,0,0,0,3,6,6,6,6,1,0,5,6,5,0,0,0,0,0,3,6,6,6,6,2,0,0,2,0,0,0,0,0,0,4,6,6,6,5,0,0,0,0,0,0,0,0,0,0,6,6,6,6,1,0,0,0,0,0,0,0,0,0,0,4,6,6,6,0,0,0,0,0,0,0,0,0,0,0,6,6,6,6,0,0,0,0,0,0,0,0,0,0,0,6,6,6,4,0,0,0,0,0,0,0,0,0,0,3,6,6,6,0,0,0,0,0,0,0,0,0,0,1,6,6,6,6,0,0,0,0,0,0,0,0,0,0,3,6,6,6,6,1,0,0,0,0,0,0,0,0,0,2,6,6,6,6,3,0,0,0,0,0,0,0,0,0,0,3,4,4,4,1,0,0,0,8,"mfeat-pixel","att60",0.9
5,5,5,6,6,5,5,6,6,6,6,6,6,6,2,5,6,6,6,6,6,6,6,6,6,6,6,6,6,3,0,2,2,2,2,2,2,5,6,6,6,6,6,5,0,0,0,0,0,0,0,0,3,6,6,6,6,5,0,-0.17,0,0,0,0,0,0,1,6,6,6,6,6,1,0,0,0,0,0,0,0,0,5,6,6,6,6,1,0,0,0,0,0,0,0,0,0,6,6,6,6,3,0,0,0,0,0,0,0,0,0,4,6,6,6,6,2,0,0,0,0,0,0,0,0,3,6,6,6,5,1,0,0,0,0,0,0,0,0,2,6,6,6,5,0,0,0,0,0,0,0,0,0,0,6,6,6,6,3,0,0,0,0,0,0,0,0,0,3,6,6,6,6,3,0,0,0,0,0,0,0,0,0,6,6,6,6,6,1,0,0,0,0,0,0,0,0,3,6,6,6,6,3,0,0,0,0,0,0,0,0,0,3,6,6,6,6,2,0,0,0,0,0,0,0,0,0,1,4,4,4,1,0,0,0,0,0,0,0,0,0,8,"mfeat-pixel","att60",0.9
1,4,6,6,6,6,6,6,6,6,6,6,6,6,6,6,6,6,6,6,6,6,6,6,6,6,6,6,6,6,6,6,6,6,6,4,2,2,2,2,4,6,6,6,5,3,6,6,6,2,0,0,0,0,0,6,6,6,6,4.59,0,1,2,1,0,0,0,0,0,0,6,6,6,5,1,0,0,0,0,0,0,0,0,0,3,6,6,6,1,0,0,0,0,0,0,0,0,0,3,6,6,6,5,0,0,0,0,0,0,0,0,0,1,6,6,6,6,1,0,0,0,0,0,0,0,0,0,3,6,6,6,3,0,0,0,0,0,0,0,0,0,3,6,6,6,6,1,0,0,0,0,0,0,0,0,0,6,6,6,6,2,0,0,0,0,0,0,0,0,0,0,6,6,6,6,0,0,0,0,0,0,0,0,0,0,0,6,6,6,6,0,0,0,0,0,0,0,0,0,0,4,6,6,6,6,0,0,0,0,0,0,0,0,0,0,6,6,6,6,6,0,0,0,0,0,0,0,0,0,0,3,4,4,4,4,0,0,0,0,0,8,"mfeat-pixel","att60",0.9
0,0,0,2,4,4,4,4,4,4,4,4,4,6,5,5,6,6,6,6,6,6,6,6,6,6,6,6,6,4,6,6,6,6,6,5,4,4,4,6,6,6,6,6,4,6,6,6,6,6,0,0,0,0,4,6,6,6,6,5.71,4,6,6,6,6,3,0,0,0,6,6,6,6,6,3,0,3,6,5,3,0,0,0,1,6,6,6,6,6,3,0,0,0,0,0,0,0,2,6,6,6,6,6,4,0,0,0,0,0,0,0,0,4,6,6,6,6,6,0,0,0,0,0,0,0,0,0,6,6,6,6,6,6,0,0,0,0,0,0,0,0,0,6,6,6,6,6,6,0,0,0,0,0,0,0,0,0,6,6,6,6,6,6,0,0,0,0,0,0,0,0,5,6,6,6,6,5,1,0,0,0,0,0,0,0,0,6,6,6,6,6,3,0,0,0,0,0,0,0,0,0,6,6,6,6,6,3,0,0,0,0,0,0,0,0,0,3,6,6,6,6,3,0,0,0,0,0,0,0,0,0,1,4,4,4,4,2,0,0,0,8,"mfeat-pixel","att60",0.9
5,6,6,6,6,6,6,6,6,6,6,6,6,5,1,6,6,6,6,6,6,6,6,6,6,6,6,6,6,4,1,2,2,2,2,2,2,2,2,3,6,6,6,6,5,0,0,0,0,0,0,0,0,0,0,6,6,6,6,3.6,0,0,0,0,0,0,0,0,0,1,6,6,6,6,2,0,0,0,0,0,0,0,1,5,6,6,6,6,4,0,0,0,0,0,0,0,0,3,6,6,6,6,6,2,0,0,0,0,0,0,0,0,3,6,6,6,6,1,0,0,0,0,0,0,0,0,0,5,6,6,6,4,0,0,0,0,0,0,0,0,0,3,6,6,6,6,0,0,0,0,0,0,0,0,0,0,3,6,6,6,6,0,0,0,0,0,0,0,0,0,1,5,6,6,6,4,0,0,0,0,0,0,0,0,1,6,6,6,6,6,0,0,0,0,0,0,0,0,0,3,6,6,6,6,6,0,0,0,0,0,0,0,0,0,0,6,6,6,6,6,0,0,0,0,0,0,0,0,0,0,4,4,4,4,3,0,0,0,0,0,8,"mfeat-pixel","att60",0.9
6,6,6,6,6,6,6,6,6,6,6,6,6,6,5,6,6,6,6,6,6,6,6,6,6,6,6,6,6,5,1,3,4,4,2,2,2,5,6,6,6,6,6,6,1,0,0,0,0,0,0,0,5,6,6,6,6,6,3,-1.14,0,0,0,0,0,0,0,6,6,6,6,6,5,1,0,0,0,0,0,0,0,3,6,6,6,6,6,0,0,0,0,0,0,0,0,3,6,6,6,6,6,6,0,0,0,0,0,0,0,0,3,6,6,6,6,5,1,0,0,0,0,0,0,0,0,3,6,6,6,6,3,0,0,0,0,0,0,0,0,1,6,6,6,6,6,3,0,0,0,0,0,0,0,0,3,6,6,6,6,6,2,0,0,0,0,0,0,0,0,3,6,6,6,6,4,0,0,0,0,0,0,0,0,3,6,6,6,6,6,3,0,0,0,0,0,0,0,0,6,6,6,6,6,6,3,0,0,0,0,0,0,0,2,6,6,6,6,6,5,1,0,0,0,0,0,0,0,0,3,4,4,3,1,0,0,0,0,0,0,0,8,"mfeat-pixel","att60",0.9
5,6,6,6,6,6,6,6,6,6,6,6,6,5,1,3,6,6,6,6,6,6,6,6,6,6,6,6,6,6,0,1,3,4,2,2,4,4,6,6,6,6,6,6,6,0,0,0,0,0,0,0,0,0,3,6,6,6,6,8.13,0,0,0,0,0,0,0,0,0,3,6,6,6,6,2,0,0,0,0,0,0,0,0,0,6,6,6,6,6,0,0,0,0,0,0,0,0,0,0,6,6,6,6,6,0,0,0,0,0,0,0,0,0,5,6,6,6,6,6,0,0,0,0,0,0,0,0,0,3,6,6,6,6,3,0,0,0,0,0,0,0,0,1,4,6,6,6,6,4,0,0,0,0,0,0,0,0,6,6,6,6,6,6,6,0,0,0,0,0,0,0,2,6,6,6,6,6,6,3,0,0,0,0,0,0,0,3,6,6,6,6,6,6,2,0,0,0,0,0,0,0,3,6,6,6,6,6,6,0,0,0,0,0,0,0,0,2,6,6,6,6,6,4,0,0,0,0,0,0,0,0,0,3,4,4,4,4,1,0,0,8,"mfeat-pixel","att60",0.9
0,2,5,5,4,6,6,6,4,4,6,6,6,5,1,5,6,6,6,6,6,6,6,6,6,6,6,6,6,5,4,6,6,6,5,2,2,0,3,6,6,6,6,3,0,3,6,6,6,3,0,0,0,0,6,6,6,4,0,-0.06,3,6,6,6,3,0,0,0,5,6,6,6,2,0,0,0,3,6,6,2,0,0,5,6,6,6,3,0,0,0,0,0,0,0,0,0,0,6,6,6,4,0,0,0,0,0,0,0,0,0,0,4,6,6,6,1,0,0,0,0,0,0,0,0,0,0,6,6,6,6,2,0,0,0,0,0,0,0,0,0,1,6,6,6,6,0,0,0,0,0,0,0,0,0,0,5,6,6,6,6,0,0,0,0,0,0,0,0,0,0,4,6,6,6,6,0,0,0,0,0,0,0,0,0,0,3,6,6,6,6,3,0,0,0,0,0,0,0,0,0,6,6,6,6,6,0,0,0,0,0,0,0,0,0,0,6,6,6,6,6,0,0,0,0,0,0,0,0,0,0,4,4,4,4,3,0,0,0,0,0,8,"mfeat-pixel","att60",0.9
1,4,4,4,4,4,6,4,6,4,4,4,4,3,0,5,6,6,6,6,6,6,6,6,6,6,6,6,6,2,3,6,6,6,6,6,3,3,6,6,6,6,6,3,0,4,6,6,6,6,1,0,0,5,6,6,6,6,2,0.64,6,6,6,6,6,0,0,0,4,6,6,6,2,0,0,1,2,4,4,1,0,0,4,6,6,6,6,0,0,0,0,0,0,0,0,0,0,6,6,6,6,4,0,0,0,0,0,0,0,0,0,3,6,6,6,4,0,0,0,0,0,0,0,0,0,0,3,6,6,6,0,0,0,0,0,0,0,0,0,0,2,6,6,6,6,0,0,0,0,0,0,0,0,0,0,6,6,6,6,6,0,0,0,0,0,0,0,0,0,0,6,6,6,6,2,0,0,0,0,0,0,0,0,0,1,6,6,6,6,0,0,0,0,0,0,0,0,0,0,5,6,6,6,4,0,0,0,0,0,0,0,0,0,0,5,6,6,6,5,0,0,0,0,0,0,0,0,0,0,1,4,4,4,3,0,0,0,0,0,0,8,"mfeat-pixel","att60",0.9
5,6,6,6,6,6,6,6,6,6,6,6,6,6,5,1,5,6,4,6,6,5,5,6,6,6,6,6,5,1,0,0,0,0,0,0,0,0,3,6,6,6,6,1,0,0,0,0,0,0,0,0,0,6,6,6,6,3,0,-1.16,0,0,0,0,0,0,0,0,6,6,6,6,6,0,0,0,0,0,0,0,0,0,2,6,6,6,6,2,0,0,0,0,0,0,0,0,0,6,6,6,6,4,0,0,0,0,0,0,0,0,0,2,6,6,6,5,1,0,0,0,0,0,0,0,0,1,6,6,6,6,5,0,0,0,0,0,0,0,0,0,5,6,6,6,6,1,0,0,0,0,0,0,0,0,0,6,6,6,6,5,0,0,0,0,0,0,0,0,0,0,4,6,6,6,3,0,0,0,0,0,0,0,0,0,0,4,6,6,6,3,0,0,0,0,0,0,0,0,0,3,6,6,6,6,3,0,0,0,0,0,0,0,0,3,6,6,6,6,6,3,0,0,0,0,0,0,0,0,1,4,4,4,4,3,0,0,0,0,0,0,8,"mfeat-pixel","att60",0.9
0,3,6,6,6,6,6,6,6,6,6,6,6,3,0,5,6,6,6,6,6,6,6,6,6,6,6,6,6,0,6,6,6,6,6,6,6,6,6,6,6,6,6,6,2,6,6,6,6,2,0,0,0,3,6,6,6,6,5,3.8,5,6,6,5,0,0,0,1,6,6,6,6,6,0,0,0,3,3,0,0,0,0,3,6,6,6,6,3,0,0,0,0,0,0,0,0,0,3,6,6,6,6,1,0,0,0,0,0,0,0,0,0,5,6,6,6,3,0,0,0,0,0,0,0,0,0,3,6,6,6,6,0,0,0,0,0,0,0,0,0,0,5,6,6,6,3,0,0,0,0,0,0,0,0,0,0,6,6,6,6,3,0,0,0,0,0,0,0,0,0,2,6,6,6,6,1,0,0,0,0,0,0,0,0,0,3,6,6,6,3,0,0,0,0,0,0,0,0,0,3,6,6,6,6,3,0,0,0,0,0,0,0,0,0,6,6,6,6,5,0,0,0,0,0,0,0,0,0,2,4,4,4,3,0,0,0,0,0,0,0,8,"mfeat-pixel","att60",0.9
5,6,6,6,6,6,6,4,2,4,6,6,6,6,5,6,6,6,6,6,6,6,6,6,6,6,6,6,6,5,6,6,6,6,2,4,4,5,6,6,6,6,6,4,0,6,6,6,6,2,0,0,0,4,6,6,6,6,0,-2.02,5,6,6,5,1,0,0,0,4,6,6,6,3,0,0,0,0,0,0,0,0,0,1,6,6,6,3,0,0,0,0,0,0,0,0,0,1,5,6,6,6,0,0,0,0,0,0,0,0,0,0,3,6,6,6,6,0,0,0,0,0,0,0,0,0,0,5,6,6,6,4,0,0,0,0,0,0,0,0,0,1,6,6,6,6,0,0,0,0,0,0,0,0,0,0,5,6,6,6,6,0,0,0,0,0,0,0,0,0,2,6,6,6,6,6,0,0,0,0,0,0,0,0,0,2,6,6,6,6,3,0,0,0,0,0,0,0,0,0,1,6,6,6,6,3,0,0,0,0,0,0,0,0,0,5,6,6,6,6,5,0,0,0,0,0,0,0,0,0,3,4,4,4,4,4,2,0,0,0,0,8,"mfeat-pixel","att60",0.9
5,6,6,6,6,6,6,6,6,6,6,6,6,6,3,5,6,6,6,6,6,6,6,6,6,6,6,6,6,6,0,0,0,0,0,0,0,0,2,6,6,6,6,6,6,0,0,0,0,0,0,0,0,0,6,6,6,6,6,4.24,0,0,0,0,0,0,0,0,0,6,6,6,6,6,3,0,0,0,0,0,0,0,0,0,6,6,6,6,6,2,0,0,0,0,0,0,0,1,5,6,6,6,6,6,0,0,0,0,0,0,0,0,3,6,6,6,6,6,3,0,0,0,0,0,0,0,0,4,6,6,6,6,3,0,0,0,0,0,0,0,0,2,6,6,6,6,6,5,0,0,0,0,0,0,0,0,3,6,6,6,6,4,0,0,0,0,0,0,0,0,1,5,6,6,6,6,0,0,0,0,0,0,0,0,0,6,6,6,6,6,6,0,0,0,0,0,0,0,0,0,6,6,6,6,6,3,0,0,0,0,0,0,0,0,3,6,6,6,6,6,3,0,0,0,0,0,0,0,0,0,3,4,4,4,4,1,0,0,0,0,8,"mfeat-pixel","att60",0.9
1,5,6,6,6,6,6,6,4,2,3,4,3,2,1,1,5,6,6,6,6,6,6,6,6,6,6,6,6,6,0,0,0,0,0,2,4,5,6,6,6,6,6,6,6,0,0,0,0,0,0,0,1,6,6,6,6,6,6,4.78,0,0,0,0,0,0,1,5,6,6,6,6,6,5,1,0,0,0,0,0,0,5,6,6,6,6,6,5,1,0,0,0,0,0,0,0,6,6,6,6,6,6,2,0,0,0,0,0,0,0,2,6,6,6,6,5,1,0,0,0,0,0,0,0,3,6,6,6,6,6,0,0,0,0,0,0,0,0,4,6,6,6,6,6,6,0,0,0,0,0,0,0,2,6,6,6,6,6,6,4,0,0,0,0,0,0,1,6,6,6,6,6,6,5,0,0,0,0,0,0,0,6,6,6,6,6,6,5,1,0,0,0,0,0,0,0,6,6,6,6,6,6,1,0,0,0,0,0,0,0,3,6,6,6,6,5,1,0,0,0,0,0,0,0,0,1,4,4,4,3,0,0,0,0,0,0,0,0,0,0,8,"mfeat-pixel","att60",0.9
0,5,6,4,6,6,6,6,6,5,4,6,6,6,3,0,6,6,6,6,6,6,6,6,6,6,6,6,6,5,4,6,6,5,2,1,0,0,1,6,6,6,6,5,1,5,6,6,4,0,0,0,0,2,6,6,6,6,1,1.92,1,6,6,6,1,0,0,0,3,6,6,6,5,0,0,3,6,6,6,2,0,0,1,6,6,6,5,1,0,0,0,3,4,1,0,0,1,6,6,6,5,1,0,0,0,0,0,0,0,0,0,3,6,6,4,0,0,0,0,0,0,0,0,0,0,0,5,6,6,1,0,0,0,0,0,0,0,0,0,1,5,6,6,3,0,0,0,0,0,0,0,0,0,0,2,6,6,6,3,0,0,0,0,0,0,0,0,0,0,1,6,6,6,1,0,0,0,0,0,0,0,0,0,1,6,6,6,3,0,0,0,0,0,0,0,0,0,0,4,6,6,6,3,0,0,0,0,0,0,0,0,0,3,6,6,6,6,3,0,0,0,0,0,0,0,0,0,1,4,4,4,4,2,0,0,0,0,0,0,0,8,"mfeat-pixel","att60",0.9
0,0,0,0,2,2,3,4,4,4,6,6,6,5,1,5,6,6,6,6,6,6,6,6,6,6,6,6,6,3,6,6,6,6,6,6,6,6,6,6,6,6,6,5,0,2,6,6,6,6,3,0,0,0,4,6,6,6,3,-0.74,0,4,6,6,6,0,0,0,0,3,6,6,6,3,0,0,1,6,6,6,4,0,0,0,0,6,6,6,3,0,0,0,6,6,6,6,0,0,0,0,6,6,6,3,0,0,0,1,4,5,5,0,0,0,0,6,6,6,3,0,0,0,0,0,0,0,0,0,0,0,6,6,6,3,0,0,0,0,0,0,0,0,0,0,0,6,6,6,3,0,0,0,0,0,0,0,0,0,0,0,6,6,6,6,0,0,0,0,0,0,0,0,0,0,0,5,6,6,6,1,0,0,0,0,0,0,0,0,0,0,3,6,6,6,3,0,0,0,0,0,0,0,0,0,0,3,6,6,6,3,0,0,0,0,0,0,0,0,0,0,2,6,6,6,6,0,0,0,0,0,0,0,0,0,0,0,1,4,4,3,8,"mfeat-pixel","att60",0.9
0,3,4,3,1,0,2,4,4,4,4,6,4,4,3,2,6,6,6,6,6,6,6,6,6,6,6,6,6,6,0,6,6,6,6,6,6,5,4,6,6,6,6,6,5,0,5,6,6,6,4,0,0,0,2,6,6,6,6,3.46,0,1,6,6,6,3,0,0,0,0,4,6,6,6,1,0,0,6,6,6,3,0,0,0,3,6,6,6,6,0,0,0,6,6,6,3,0,0,0,3,6,6,6,4,0,0,0,6,6,6,6,0,0,0,3,6,6,6,0,0,0,0,1,5,6,2,0,0,0,3,6,6,6,2,0,0,0,0,0,0,0,0,0,0,5,6,6,4,0,0,0,0,0,0,0,0,0,0,3,6,6,6,6,0,0,0,0,0,0,0,0,0,0,3,6,6,6,2,0,0,0,0,0,0,0,0,0,0,3,6,6,6,0,0,0,0,0,0,0,0,0,0,2,6,6,6,5,0,0,0,0,0,0,0,0,0,2,6,6,6,6,3,0,0,0,0,0,0,0,0,0,1,4,4,4,4,1,0,0,0,8,"mfeat-pixel","att60",0.9
5,6,6,6,6,6,4,5,6,4,4,4,3,1,0,5,6,6,6,6,6,6,6,6,6,6,6,6,6,0,0,0,1,2,2,2,4,4,5,6,6,6,6,6,2,0,0,0,0,0,0,0,0,0,6,6,6,6,6,2,0,0,0,0,0,0,0,0,0,6,6,6,6,6,0,0,0,0,0,0,0,0,1,5,6,6,6,6,3,0,0,0,0,0,0,0,0,3,6,6,6,6,6,2,0,0,0,0,0,0,0,0,3,6,6,6,6,3,0,0,0,0,0,0,0,0,3,6,6,6,6,6,0,0,0,0,0,0,0,0,0,6,6,6,6,6,3,0,0,0,0,0,0,0,0,1,6,6,6,6,6,3,0,0,0,0,0,0,0,0,5,6,6,6,6,6,3,0,0,0,0,0,0,0,0,4,6,6,6,6,4,0,0,0,0,0,0,0,2,6,6,6,6,6,6,6,2,0,0,0,0,0,0,1,5,6,6,6,6,5,2,0,0,0,0,0,0,0,0,0,3,4,4,3,0,0,0,0,0,0,8,"mfeat-pixel","att60",0.9
3,5,6,6,6,6,6,5,5,5,5,5,5,5,3,6,6,6,6,6,6,6,6,6,6,6,6,6,6,6,6,6,6,5,1,0,1,2,2,5,6,6,6,6,4,4,6,6,4,0,0,0,0,0,3,6,6,6,5,0.76,5,6,6,6,0,0,0,0,0,5,6,6,6,3,0,6,6,6,5,0,0,0,0,3,6,6,6,6,3,0,6,6,6,3,0,0,0,0,3,6,6,6,5,0,0,6,6,6,3,0,0,0,0,3,6,6,6,3,0,0,3,3,2,0,0,0,0,0,3,6,6,6,3,0,0,0,0,0,0,0,0,0,0,3,6,6,5,0,0,0,0,0,0,0,0,0,0,1,6,6,6,3,0,0,0,0,0,0,0,0,0,0,6,6,6,5,0,0,0,0,0,0,0,0,0,0,0,6,6,6,3,0,0,0,0,0,0,0,0,0,0,3,6,6,6,3,0,0,0,0,0,0,0,0,0,0,6,6,6,6,3,0,0,0,0,0,0,0,0,0,0,4,4,4,4,1,0,0,0,0,8,"mfeat-pixel","att60",0.9
5,6,6,6,6,6,6,6,6,6,6,6,6,5,1,6,6,6,6,6,6,6,6,6,6,6,6,6,6,6,3,4,4,4,6,6,6,6,6,6,6,6,6,6,3,0,0,0,0,0,0,0,0,3,6,6,6,6,6,0.69,0,0,0,0,0,0,0,0,3,6,6,6,6,4,0,0,0,0,0,0,0,0,0,5,6,6,6,6,1,0,0,0,0,0,0,0,0,3,6,6,6,6,6,1,0,0,0,0,0,0,0,0,3,6,6,6,6,6,3,0,0,0,0,0,0,0,0,4,6,6,6,6,6,2,0,0,0,0,0,0,0,2,6,6,6,6,6,4,0,0,0,0,0,0,0,0,0,5,6,6,6,6,3,0,0,0,0,0,0,0,0,0,3,6,6,6,6,3,0,0,0,0,0,0,0,0,0,5,6,6,6,6,3,0,0,0,0,0,0,0,0,0,6,6,6,6,6,6,0,0,0,0,0,0,0,0,0,3,6,6,6,6,5,0,0,0,0,0,0,0,0,0,1,4,4,4,4,1,0,0,8,"mfeat-pixel","att60",0.9
3,6,6,6,6,6,6,6,6,6,6,6,6,6,5,3,6,6,6,6,6,6,6,6,6,6,6,6,6,6,0,1,2,2,4,4,3,2,2,6,6,6,6,6,6,0,0,0,0,0,0,0,0,0,6,6,6,6,6,3.88,0,0,0,0,0,0,0,0,3,6,6,6,6,5,0,0,0,0,0,0,0,0,0,3,6,6,6,6,3,0,0,0,0,0,0,0,0,2,6,6,6,6,6,3,0,0,0,0,0,0,0,0,6,6,6,6,6,5,0,0,0,0,0,0,0,0,0,6,6,6,6,6,1,0,0,0,0,0,0,0,0,3,6,6,6,5,1,0,0,0,0,0,0,0,0,3,6,6,6,6,0,0,0,0,0,0,0,0,0,1,6,6,6,6,6,0,0,0,0,0,0,0,0,0,5,6,6,6,6,4,0,0,0,0,0,0,0,0,0,4,6,6,6,6,3,0,0,0,0,0,0,0,0,2,6,6,6,6,6,3,0,0,0,0,0,0,0,0,0,1,4,4,4,4,2,0,0,0,0,0,8,"mfeat-pixel","att60",0.9
6,6,6,6,6,6,6,6,6,6,6,6,6,6,6,6,6,6,6,6,6,6,6,6,6,6,6,6,6,6,4,6,6,6,6,2,2,2,4,6,6,6,6,6,5,5,6,6,6,6,2,0,0,2,6,6,6,6,6,0.89,2,6,6,6,6,1,0,0,4,6,6,6,6,2,0,0,5,6,5,1,0,0,0,6,6,6,6,6,0,0,0,0,2,0,0,0,0,1,6,6,6,6,2,0,0,0,0,0,0,0,0,0,3,6,6,6,6,0,0,0,0,0,0,0,0,0,0,5,6,6,6,5,0,0,0,0,0,0,0,0,0,0,6,6,6,6,1,0,0,0,0,0,0,0,0,0,0,4,6,6,6,0,0,0,0,0,0,0,0,0,0,3,6,6,6,6,0,0,0,0,0,0,0,0,0,0,6,6,6,6,6,0,0,0,0,0,0,0,0,0,0,3,6,6,6,6,0,0,0,0,0,0,0,0,0,0,5,6,6,6,6,0,0,0,0,0,0,0,0,0,0,3,4,4,4,1,0,0,0,0,8,"mfeat-pixel","att60",0.9
0,2,1,0,5,6,6,5,4,4,4,4,4,4,3,5,6,6,6,6,6,6,6,6,6,6,6,6,6,6,1,5,6,6,6,6,6,6,6,6,6,6,6,6,2,0,0,0,0,0,0,0,0,0,6,6,6,6,6,5.19,0,0,0,0,0,0,0,0,0,4,6,6,6,6,1,0,0,0,0,0,0,0,0,3,6,6,6,6,6,1,0,0,0,0,0,0,0,4,6,6,6,6,6,2,0,0,0,0,0,0,0,0,6,6,6,6,6,1,0,0,0,0,0,0,0,1,5,6,6,6,6,3,0,0,0,0,0,0,0,0,3,6,6,6,6,3,0,0,0,0,0,0,0,0,1,6,6,6,6,5,0,0,0,0,0,0,0,0,3,6,6,6,6,6,3,0,0,0,0,0,0,0,0,6,6,6,6,6,6,1,0,0,0,0,0,0,1,5,6,6,6,6,6,6,2,0,0,0,0,0,0,3,6,6,6,6,6,6,5,1,0,0,0,0,0,0,2,4,4,4,4,4,3,0,0,0,0,0,0,0,8,"mfeat-pixel","att60",0.9
0,0,0,0,0,2,4,4,4,4,5,6,6,5,1,3,4,6,6,6,6,6,6,6,6,6,6,6,6,2,5,6,6,6,6,6,6,6,6,6,6,6,6,6,2,0,3,4,4,4,2,0,1,3,6,6,6,6,6,4.51,0,0,0,0,0,0,0,0,0,3,6,6,6,6,0,0,0,0,0,0,0,0,0,0,3,6,6,6,6,0,0,0,0,0,0,0,0,0,0,6,6,6,6,6,0,0,0,0,0,0,0,0,0,0,3,6,6,6,6,0,0,0,0,0,0,0,0,0,3,6,6,6,6,4,0,0,0,0,0,0,0,0,2,6,6,6,6,6,0,0,0,0,0,0,0,0,1,6,6,6,6,5,1,0,0,0,0,0,0,0,2,6,6,6,6,4,0,0,0,0,0,0,0,0,0,3,6,6,6,6,4,0,0,0,0,0,0,0,0,0,4,6,6,6,6,5,0,0,0,0,0,0,0,0,0,6,6,6,6,6,3,0,0,0,0,0,0,0,0,0,2,4,4,4,4,1,0,0,0,0,8,"mfeat-pixel","att60",0.9
6,6,6,6,6,6,6,6,6,6,6,6,6,6,5,6,6,6,6,6,6,6,6,6,6,6,6,6,6,6,3,4,4,6,6,6,4,4,4,5,6,6,6,6,6,0,0,0,0,2,0,0,0,0,4,6,6,6,6,7.06,0,0,0,0,0,0,0,0,1,6,6,6,6,6,1,0,0,0,0,0,0,0,0,3,6,6,6,6,6,0,0,0,0,0,0,0,0,2,6,6,6,6,6,1,0,0,0,0,0,0,0,0,4,6,6,6,6,1,0,0,0,0,0,0,0,0,1,6,6,6,6,4,0,0,0,0,0,0,0,0,1,6,6,6,6,4,0,0,0,0,0,0,0,0,0,6,6,6,6,6,0,0,0,0,0,0,0,0,0,0,6,6,6,6,6,0,0,0,0,0,0,0,0,0,1,6,6,6,6,4,0,0,0,0,0,0,0,0,1,6,6,6,6,5,0,0,0,0,0,0,0,0,0,3,6,6,6,6,1,0,0,0,0,0,0,0,0,0,4,4,4,4,3,0,0,0,0,0,0,0,8,"mfeat-pixel","att60",0.9
3,6,6,6,6,6,5,4,5,6,6,6,6,6,3,6,6,6,6,6,6,6,6,6,6,6,6,6,6,6,3,4,4,4,4,4,2,4,4,5,6,6,6,6,2,0,0,0,0,0,0,0,0,0,3,6,6,6,6,0.82,0,0,0,0,0,0,0,0,1,6,6,6,6,5,0,0,0,0,0,0,0,0,0,4,6,6,6,5,1,0,0,0,0,0,0,0,0,3,6,6,6,6,1,0,0,0,0,0,0,0,0,3,6,6,6,6,2,0,0,0,0,0,0,0,0,2,6,6,6,6,5,0,0,0,0,0,0,0,0,0,5,6,6,6,6,2,0,0,0,0,0,0,0,0,4,6,6,6,6,3,0,0,0,0,0,0,0,0,2,6,6,6,6,3,0,0,0,0,0,0,0,0,5,6,6,6,6,4,0,0,0,0,0,0,0,0,1,6,6,6,6,6,1,0,0,0,0,0,0,0,0,5,6,6,6,5,1,0,0,0,0,0,0,0,0,0,3,4,4,3,0,0,0,0,0,0,0,0,0,0,8,"mfeat-pixel","att60",0.9
3,6,4,4,4,4,4,2,2,3,4,4,4,4,3,6,6,6,6,6,6,6,6,6,6,6,6,6,6,4,1,5,6,6,6,6,6,6,6,6,6,6,6,6,0,0,0,0,0,0,0,0,0,1,5,6,6,6,6,0.42,0,0,0,0,0,0,0,0,0,3,6,6,6,6,0,0,0,0,0,0,0,0,0,0,6,6,6,6,2,0,0,0,0,0,0,0,0,0,5,6,6,6,5,0,0,0,0,0,0,0,0,0,0,4,6,6,6,1,0,0,0,0,0,0,0,0,0,3,6,6,6,6,1,0,0,0,0,0,0,0,0,0,3,6,6,6,6,2,0,0,0,0,0,0,0,0,0,3,6,6,6,3,0,0,0,0,0,0,0,0,0,2,6,6,6,6,3,0,0,0,0,0,0,0,0,0,1,6,6,6,6,3,0,0,0,0,0,0,0,0,0,6,6,6,6,6,3,0,0,0,0,0,0,0,0,3,6,6,6,6,6,3,0,0,0,0,0,0,0,0,1,4,4,4,4,4,1,0,0,0,8,"mfeat-pixel","att60",0.9
0,3,6,6,6,6,6,6,6,6,6,6,6,6,6,2,6,6,6,6,6,6,6,6,6,6,6,6,6,3,6,6,6,6,6,4,4,4,4,6,6,6,4,0,0,5,6,6,3,1,0,0,0,5,6,6,5,0,0,0.82,0,2,1,0,0,0,0,5,6,6,6,1,0,0,0,0,0,0,0,0,0,4,6,6,6,2,0,0,0,0,0,0,0,0,0,3,6,6,6,6,0,0,0,0,0,0,0,0,0,2,6,6,6,6,5,0,0,0,0,0,0,0,0,0,3,6,6,6,6,3,0,0,0,0,0,0,0,0,0,3,6,6,6,6,3,0,0,0,0,0,0,0,0,0,6,6,6,6,6,3,0,0,0,0,0,0,0,0,0,3,6,6,6,6,3,0,0,0,0,0,0,0,0,0,5,6,6,6,6,6,1,0,0,0,0,0,0,0,0,4,6,6,6,6,6,4,0,0,0,0,0,0,0,0,3,6,6,6,6,6,5,0,0,0,0,0,0,0,0,1,4,4,4,4,4,2,0,0,0,0,8,"mfeat-pixel","att60",0.9
2,6,6,6,5,5,5,5,6,6,6,6,6,5,3,6,6,6,6,6,6,6,6,6,6,6,6,6,6,6,6,6,6,6,6,6,6,4,4,6,6,6,6,4,1,1,4,6,6,4,1,0,0,1,6,6,5,1,0,0.98,0,0,1,1,0,0,0,0,4,6,6,2,0,0,0,0,0,0,0,0,0,2,6,6,6,4,0,0,0,0,0,0,0,0,0,1,6,6,6,6,2,0,0,0,0,0,0,0,0,0,3,6,6,6,4,0,0,0,0,0,0,0,0,0,0,5,6,6,6,1,0,0,0,0,0,0,0,0,0,4,6,6,6,3,0,0,0,0,0,0,0,0,0,2,6,6,6,6,1,0,0,0,0,0,0,0,0,0,5,6,6,6,6,0,0,0,0,0,0,0,0,0,0,4,6,6,6,4,0,0,0,0,0,0,0,0,0,0,5,6,6,6,5,0,0,0,0,0,0,0,0,0,0,6,6,6,6,6,0,0,0,0,0,0,0,0,0,0,1,4,4,4,3,0,0,0,0,0,0,0,8,"mfeat-pixel","att60",0.9
6,6,6,6,6,6,5,3,2,2,2,2,2,2,1,6,6,6,6,6,6,6,6,6,6,6,6,6,6,6,1,2,2,3,5,6,6,6,6,6,6,6,6,6,6,0,0,0,0,0,0,0,6,6,6,6,6,6,5,1.92,0,0,0,0,0,0,4,6,6,6,6,4,1,0,0,0,0,0,0,0,5,6,6,6,6,6,3,0,0,0,0,0,0,0,0,6,6,6,6,6,5,1,0,0,0,0,0,0,1,5,6,6,6,6,6,0,0,0,0,0,0,0,0,3,6,6,6,6,6,6,0,0,0,0,0,0,0,0,3,6,6,6,6,6,6,0,0,0,0,0,0,0,0,3,6,6,6,6,6,5,0,0,0,0,0,0,0,0,3,6,6,6,6,4,0,0,0,0,0,0,0,0,0,3,6,6,6,6,3,0,0,0,0,0,0,0,0,3,6,6,6,6,6,3,0,0,0,0,0,0,0,0,6,6,6,6,6,6,3,0,0,0,0,0,0,0,0,3,4,4,4,4,4,2,0,0,0,0,0,0,8,"mfeat-pixel","att60",0.9
3,6,6,6,6,4,4,4,2,4,4,4,5,5,1,6,6,6,6,6,6,6,6,6,6,6,6,6,6,6,1,4,4,5,6,6,6,4,4,6,6,6,6,6,4,0,0,0,0,1,2,0,0,0,6,6,6,6,6,2.61,0,0,0,0,0,0,0,0,4,6,6,6,6,6,1,0,0,0,0,0,0,0,0,6,6,6,6,6,3,0,0,0,0,0,0,0,0,0,6,6,6,6,6,3,0,0,0,0,0,0,0,0,4,6,6,6,6,6,1,0,0,0,0,0,0,0,0,6,6,6,6,6,3,0,0,0,0,0,0,0,0,0,6,6,6,6,5,0,0,0,0,0,0,0,0,1,5,6,6,6,3,0,0,0,0,0,0,0,0,0,4,6,6,6,6,0,0,0,0,0,0,0,0,0,2,6,6,6,6,5,0,0,0,0,0,0,0,0,0,3,6,6,6,6,3,0,0,0,0,0,0,0,0,2,6,6,6,6,6,6,0,0,0,0,0,0,0,0,1,4,4,4,4,4,4,0,0,0,0,0,8,"mfeat-pixel","att60",0.9
0,3,6,6,6,5,5,6,4,5,5,4,4,4,1,3,6,6,6,6,6,6,6,6,6,6,6,6,6,6,5,6,6,6,6,5,4,6,6,6,6,6,6,6,5,1,6,6,6,4,0,0,1,6,6,6,6,6,4,0.27,0,1,4,4,1,0,0,0,6,6,6,6,3,0,0,0,0,0,0,0,0,0,4,6,6,6,5,0,0,0,0,0,0,0,0,0,0,6,6,6,6,1,0,0,0,0,0,0,0,0,0,3,6,6,6,4,0,0,0,0,0,0,0,0,0,0,5,6,6,6,2,0,0,0,0,0,0,0,0,0,4,6,6,6,4,0,0,0,0,0,0,0,0,0,2,6,6,6,6,1,0,0,0,0,0,0,0,0,0,3,6,6,6,3,0,0,0,0,0,0,0,0,0,0,3,6,6,6,1,0,0,0,0,0,0,0,0,0,0,3,6,6,6,0,0,0,0,0,0,0,0,0,0,0,6,6,6,2,0,0,0,0,0,0,0,0,0,0,0,4,4,4,0,0,0,0,0,0,0,0,8,"mfeat-pixel","att60",0.9
3,6,6,6,6,6,6,6,6,6,6,6,6,6,3,6,6,6,6,6,6,6,6,6,6,6,6,6,6,6,1,2,2,2,2,2,2,2,2,4,6,6,6,6,1,0,0,0,0,0,0,0,0,0,5,6,6,6,2,-0.74,0,0,0,0,0,0,0,0,3,6,6,6,4,0,0,0,0,0,0,0,0,0,0,5,6,6,6,3,0,0,0,0,0,0,0,0,0,3,6,6,6,5,1,0,0,0,0,0,0,0,0,5,6,6,6,3,0,0,0,0,0,0,0,0,0,2,6,6,6,3,0,0,0,0,0,0,0,0,0,1,6,6,6,6,1,0,0,0,0,0,0,0,0,0,3,6,6,6,5,0,0,0,0,0,0,0,0,0,1,5,6,6,6,1,0,0,0,0,0,0,0,0,1,5,6,6,6,6,0,0,0,0,0,0,0,0,0,3,6,6,6,6,2,0,0,0,0,0,0,0,0,0,6,6,6,6,4,0,0,0,0,0,0,0,0,0,0,4,4,4,4,1,0,0,0,0,0,0,0,0,8,"mfeat-pixel","att60",0.9
0,3,6,6,6,6,6,6,6,6,6,6,6,3,0,1,6,6,6,6,6,6,6,6,6,6,6,6,6,5,3,6,6,6,6,3,0,0,0,0,4,6,6,6,5,5,6,6,6,5,0,0,0,0,0,1,6,6,6,0.97,1,5,6,6,0,0,0,0,0,1,5,6,6,6,3,0,0,1,1,0,0,0,0,0,3,6,6,6,5,0,0,0,0,0,0,0,0,0,0,4,6,6,6,3,0,0,0,0,0,0,0,0,0,0,5,6,6,6,2,0,0,0,0,0,0,0,0,0,0,3,6,6,6,2,0,0,0,0,0,0,0,0,0,0,4,6,6,6,3,0,0,0,0,0,0,0,0,0,2,6,6,6,6,1,0,0,0,0,0,0,0,0,0,3,6,6,6,6,0,0,0,0,0,0,0,0,0,0,3,6,6,6,6,0,0,0,0,0,0,0,0,0,0,4,6,6,6,3,0,0,0,0,0,0,0,0,0,0,6,6,6,6,2,0,0,0,0,0,0,0,0,0,0,1,4,4,4,0,0,0,8,"mfeat-pixel","att60",0.9
2,6,6,6,6,6,6,6,6,6,6,6,6,6,3,1,5,6,6,6,6,6,6,6,6,6,6,6,6,6,0,0,0,0,0,0,0,1,6,6,6,6,6,6,5,0,0,0,0,0,0,0,0,3,6,6,6,6,6,6.56,0,0,0,0,0,0,0,0,0,3,6,6,6,6,1,0,0,0,0,0,0,0,0,0,3,6,6,6,6,0,0,0,0,0,0,0,0,0,0,3,6,6,6,6,0,0,0,0,0,0,0,0,0,1,5,6,6,6,6,4,0,0,0,0,0,0,0,0,3,6,6,6,6,6,4,0,0,0,0,0,0,0,0,6,6,6,6,6,6,0,0,0,0,0,0,0,0,0,1,5,6,6,6,6,3,0,0,0,0,0,0,0,0,0,4,6,6,6,6,1,0,0,0,0,0,0,0,0,5,6,6,6,6,6,0,0,0,0,0,0,0,0,0,6,6,6,6,6,6,0,0,0,0,0,0,0,0,0,6,6,6,6,6,6,2,0,0,0,0,0,0,0,0,4,4,4,4,4,3,0,8,"mfeat-pixel","att60",0.9
1,5,6,6,6,6,6,6,6,6,6,6,6,6,6,6,6,6,6,6,6,6,6,6,6,6,6,6,6,6,1,4,5,6,6,5,4,4,4,4,6,6,6,6,6,0,0,0,1,1,0,0,0,0,1,6,6,6,6,6.44,0,0,0,0,0,0,0,0,0,5,6,6,6,6,5,0,0,0,0,0,0,0,0,3,6,6,6,6,6,1,0,0,0,0,0,0,0,0,3,6,6,6,6,3,0,0,0,0,0,0,0,0,1,6,6,6,6,5,0,0,0,0,0,0,0,0,0,5,6,6,6,6,1,0,0,0,0,0,0,0,0,3,6,6,6,6,3,0,0,0,0,0,0,0,0,1,6,6,6,6,6,1,0,0,0,0,0,0,0,0,5,6,6,6,6,1,0,0,0,0,0,0,0,0,3,6,6,6,6,2,0,0,0,0,0,0,0,0,0,4,6,6,6,4,0,0,0,0,0,0,0,0,0,2,6,6,6,6,5,0,0,0,0,0,0,0,0,0,2,4,4,4,4,4,0,0,0,0,0,0,8,"mfeat-pixel","att60",0.9
0,3,4,4,6,4,4,4,6,6,6,4,4,4,3,5,6,6,6,6,6,6,6,6,6,6,6,6,6,6,6,6,6,6,6,3,2,2,3,6,6,6,6,6,2,6,6,6,6,1,0,0,0,0,6,6,6,6,6,2.06,3,6,6,6,2,0,0,0,0,6,6,6,6,6,0,3,6,6,6,2,0,0,0,4,6,6,6,6,3,0,2,6,6,2,0,0,0,2,6,6,6,6,3,0,0,0,1,1,0,0,0,0,6,6,6,6,6,0,0,0,0,0,0,0,0,0,0,6,6,6,6,2,0,0,0,0,0,0,0,0,0,0,6,6,6,6,0,0,0,0,0,0,0,0,0,0,4,6,6,6,2,0,0,0,0,0,0,0,0,0,5,6,6,6,2,0,0,0,0,0,0,0,0,0,5,6,6,6,4,0,0,0,0,0,0,0,0,0,2,6,6,6,5,0,0,0,0,0,0,0,0,0,0,5,6,6,6,1,0,0,0,0,0,0,0,0,0,0,1,4,4,3,0,0,0,0,0,0,0,0,8,"mfeat-pixel","att60",0.9
5,6,6,6,6,6,6,6,6,6,6,6,6,6,3,3,6,6,6,6,6,6,6,6,6,6,6,6,6,6,0,1,2,2,2,2,2,3,6,6,6,6,6,5,1,0,0,0,0,0,0,0,1,6,6,6,6,6,0,0.63,0,0,0,0,0,0,0,3,6,6,6,6,6,0,0,0,0,0,0,0,0,0,3,6,6,6,6,3,0,0,0,0,0,0,0,0,3,6,6,6,6,3,0,0,0,0,0,0,0,0,0,5,6,6,6,6,3,0,0,0,0,0,0,0,0,0,0,6,6,6,6,3,0,0,0,0,0,0,0,0,0,5,6,6,6,6,3,0,0,0,0,0,0,0,0,0,6,6,6,6,6,4,0,0,0,0,0,0,0,0,0,6,6,6,6,6,6,5,0,0,0,0,0,0,0,2,6,6,6,6,6,6,6,0,0,0,0,0,0,0,6,6,6,6,6,6,6,3,0,0,0,0,0,0,0,5,6,6,6,6,6,2,0,0,0,0,0,0,0,0,1,4,4,4,3,1,0,0,0,0,8,"mfeat-pixel","att60",0.9
0,0,0,0,3,5,6,6,6,6,6,3,0,0,0,0,0,0,5,6,6,6,6,6,6,6,6,4,0,0,0,1,5,6,6,6,3,0,4,6,6,6,6,2,0,0,5,6,6,6,1,0,0,1,6,6,6,6,6,0.79,0,6,6,6,6,2,0,0,0,3,6,6,6,6,0,0,6,6,6,6,3,0,0,0,3,6,6,6,4,0,0,6,6,6,6,6,3,3,4,6,6,6,6,3,0,0,6,6,6,6,6,6,6,6,6,6,6,6,0,0,3,6,6,5,2,2,2,2,3,6,6,6,6,4,0,4,6,6,4,0,0,0,0,0,1,5,6,6,6,2,6,6,6,5,0,0,0,0,0,0,0,6,6,6,3,6,6,6,4,0,0,0,0,0,0,0,6,6,6,5,3,6,6,6,0,0,0,0,0,0,0,6,6,6,6,3,6,6,6,5,2,0,0,2,4,5,6,6,6,6,1,6,6,6,6,6,6,6,6,6,6,6,6,6,3,0,3,4,4,4,4,4,4,4,4,4,4,3,1,0,9,"mfeat-pixel","att60",0.9
0,0,0,0,0,0,1,3,4,2,2,0,0,0,0,0,0,0,0,2,5,6,6,6,6,6,5,1,0,0,0,0,3,6,6,6,6,6,6,6,6,6,6,2,0,0,2,6,6,6,6,6,6,6,6,6,6,6,3,2.71,0,6,6,6,6,6,6,6,6,6,6,6,6,2,0,0,5,6,6,6,6,6,6,6,6,6,6,4,0,0,0,4,6,6,6,6,6,6,6,6,6,6,6,0,0,0,6,6,6,6,6,6,6,6,6,6,6,5,0,0,0,4,6,6,6,6,6,6,6,6,6,6,5,0,0,0,5,6,6,6,6,4,5,6,6,6,6,6,3,0,0,4,6,6,6,3,0,0,3,6,6,6,6,3,0,0,3,6,6,6,3,0,0,0,4,6,6,6,4,0,0,3,6,6,6,6,3,2,5,6,6,6,6,6,0,0,1,5,6,6,6,6,6,6,6,6,6,6,2,0,0,0,0,4,6,6,6,6,6,6,5,4,3,0,0,0,0,0,0,2,2,2,3,4,1,0,0,0,0,0,9,"mfeat-pixel","att60",0.9
0,0,0,0,3,3,2,2,2,2,2,2,1,0,0,0,0,3,6,6,6,6,6,6,6,6,6,6,5,1,0,2,6,6,6,6,6,5,4,6,6,6,6,6,3,0,1,6,6,6,6,6,0,0,1,6,6,6,6,4.61,0,0,3,6,6,6,6,0,0,0,6,6,6,6,3,0,0,5,6,6,6,6,1,0,1,6,6,6,6,3,0,0,6,6,6,6,6,6,4,6,6,6,6,6,1,0,1,6,6,6,6,6,6,6,6,6,6,6,1,0,0,3,6,6,6,6,6,6,6,6,6,6,3,0,0,0,5,6,6,6,6,6,6,6,6,6,6,3,0,0,0,5,6,6,6,5,5,6,6,6,6,6,4,0,0,0,4,6,6,4,0,0,3,6,6,6,6,6,2,0,0,5,6,6,4,0,0,0,1,5,6,6,6,6,1,0,4,6,6,6,1,0,0,1,5,6,6,6,6,3,2,6,6,6,6,6,4,5,6,6,6,6,6,6,2,1,4,4,4,4,4,4,4,4,4,4,4,4,1,0,9,"mfeat-pixel","att60",0.9
0,3,4,4,6,6,6,6,6,6,6,4,3,0,0,5,6,6,6,6,6,6,6,6,6,6,6,6,4,0,5,6,6,6,6,1,0,1,4,2,5,6,6,6,4,0,3,6,6,6,5,1,0,0,0,1,6,6,6,9.7,0,0,5,6,6,6,6,3,0,0,0,6,6,6,2,0,0,0,3,6,6,6,6,5,4,5,6,6,2,0,0,0,0,0,6,6,6,6,6,6,6,6,2,0,0,0,0,0,1,6,6,6,6,6,6,6,6,0,0,0,0,0,0,5,6,6,6,5,6,6,6,6,2,0,0,0,0,0,6,6,6,5,0,5,6,6,6,6,0,0,0,0,0,4,6,6,6,0,0,1,6,6,6,1,0,0,0,0,3,6,6,6,0,0,0,6,6,6,5,0,0,0,0,3,6,6,6,0,0,0,4,6,6,6,0,0,0,0,0,6,6,6,3,0,0,1,6,6,6,0,0,0,0,0,4,6,6,6,6,6,6,6,6,4,0,0,0,0,0,0,4,4,4,4,4,4,4,3,0,0,9,"mfeat-pixel","att60",0.9
0,0,3,6,4,5,5,4,4,4,4,4,6,6,2,0,3,6,6,6,6,6,6,6,6,4,6,6,6,3,0,1,6,6,6,5,2,1,0,0,0,1,6,6,4,0,3,6,6,6,0,0,0,0,0,0,0,6,6,7.19,0,3,6,6,6,5,1,0,0,0,0,0,6,6,6,0,0,6,6,6,6,6,3,1,0,0,2,6,6,3,0,1,6,6,6,6,6,6,6,4,2,5,6,6,2,0,5,6,6,6,5,5,6,6,6,6,6,6,6,0,3,6,6,6,3,0,0,1,5,6,6,6,6,6,2,3,6,6,4,0,0,0,0,0,4,6,6,6,4,0,6,6,6,3,0,0,0,0,0,1,6,6,6,0,0,4,6,6,3,0,0,0,0,0,3,6,6,6,0,0,6,6,6,3,0,0,0,0,1,5,6,6,2,0,0,4,6,6,6,4,4,4,4,6,6,6,6,0,0,0,6,6,6,6,6,6,6,6,6,6,6,1,0,0,0,3,4,4,4,4,4,4,4,4,4,3,0,0,0,0,9,"mfeat-pixel","att60",0.9
0,0,1,2,4,5,6,6,5,3,1,0,0,0,0,0,2,6,6,6,6,6,6,6,6,6,3,0,0,0,0,3,6,6,6,6,3,0,4,6,6,6,5,1,0,0,6,6,6,6,3,0,0,1,6,6,6,6,6,0.43,2,6,6,6,6,3,0,0,0,3,6,6,6,3,0,2,6,6,6,6,6,3,0,0,6,6,6,6,3,0,0,1,5,6,6,6,6,5,5,6,6,6,6,0,0,0,0,0,4,6,6,6,6,6,6,6,6,6,0,0,0,0,0,5,6,6,6,6,6,6,6,6,3,0,0,0,0,2,6,6,6,3,2,5,6,6,6,5,0,0,0,0,6,6,6,6,1,0,0,5,6,6,6,5,0,0,0,6,6,6,6,1,0,0,3,6,6,6,4,0,0,3,6,6,6,6,1,0,0,3,6,6,6,5,1,0,3,6,6,6,6,3,1,3,6,6,6,6,6,5,0,3,6,6,6,6,6,6,6,6,6,6,5,2,0,0,0,3,4,4,4,4,4,4,4,4,3,0,0,0,9,"mfeat-pixel","att60",0.9
0,0,0,0,0,3,6,6,6,6,6,4,1,0,0,0,0,0,0,4,6,6,6,6,6,6,6,6,5,1,0,0,0,0,6,6,6,6,5,5,6,6,6,6,6,0,0,0,4,6,6,6,4,0,0,6,6,6,6,2.7,0,0,0,6,6,6,6,3,0,0,6,6,6,4,0,0,0,0,5,6,6,6,6,0,0,6,6,6,0,0,0,0,0,3,6,6,6,6,5,5,6,6,4,0,0,0,0,0,6,6,6,6,6,6,6,6,6,2,0,0,0,0,2,6,6,6,6,6,6,6,6,4,0,0,0,0,0,4,6,6,6,5,5,6,6,6,3,0,0,0,0,3,6,6,6,4,0,0,4,6,6,5,0,0,0,1,6,6,6,4,0,0,0,4,6,6,6,0,0,0,5,6,6,6,0,0,0,2,6,6,6,6,0,0,0,4,6,6,6,5,2,3,6,6,6,6,2,0,0,0,0,3,6,6,6,6,6,6,5,4,1,0,0,0,0,0,0,1,4,4,4,4,3,0,0,0,0,0,0,0,9,"mfeat-pixel","att60",0.9
0,0,0,2,4,6,6,5,4,4,4,2,0,0,0,0,1,5,6,6,6,6,6,6,6,6,6,5,1,0,0,6,6,6,6,6,3,2,2,5,6,6,6,6,0,0,2,6,6,6,6,0,0,0,0,6,6,6,6,2.39,0,0,5,6,6,6,1,0,0,0,5,6,6,6,5,0,0,1,6,6,6,6,2,0,0,0,4,6,6,6,0,1,6,6,6,6,6,4,0,0,3,6,6,6,2,1,5,6,6,6,6,6,6,6,6,6,6,6,6,0,3,6,6,6,6,6,5,5,6,6,6,6,6,4,0,3,6,6,6,6,3,0,0,1,6,6,6,6,0,0,6,6,6,6,1,0,0,0,0,6,6,6,6,3,0,3,6,6,6,3,0,0,0,0,2,6,6,6,4,0,5,6,6,6,6,0,0,0,0,2,6,6,6,6,0,2,6,6,6,6,5,2,2,3,6,6,6,6,6,0,0,2,6,6,6,6,6,6,6,6,6,6,5,1,0,0,0,3,4,4,4,4,4,4,4,4,2,0,0,0,9,"mfeat-pixel","att60",0.9
0,0,0,0,2,3,4,4,2,1,0,0,0,0,0,0,2,4,6,6,6,6,6,6,6,5,2,0,0,0,1,6,6,6,6,5,2,3,6,6,6,6,5,0,0,3,6,6,6,6,0,0,0,1,5,6,6,6,3,0.4,0,5,6,6,6,3,0,0,0,0,4,6,6,6,0,0,0,5,6,6,6,5,2,0,0,1,6,6,5,0,0,0,0,3,6,6,6,6,5,4,6,6,6,3,0,0,0,0,2,6,6,6,6,6,6,6,6,6,5,0,0,0,0,4,6,6,5,2,4,6,6,6,6,6,0,0,0,4,6,6,6,0,0,0,1,5,6,6,6,0,0,2,6,6,6,4,0,0,0,0,3,6,6,6,0,0,1,6,6,6,6,2,0,0,0,3,6,6,6,0,0,0,3,6,6,6,4,0,0,1,6,6,6,6,0,0,0,1,6,6,6,6,5,4,6,6,6,5,1,0,0,0,0,5,6,6,6,6,6,6,6,3,0,0,0,0,0,0,0,1,3,4,2,2,2,1,0,0,0,0,9,"mfeat-pixel","att60",0.9
0,0,1,3,6,6,6,4,1,0,0,0,0,0,0,0,3,6,6,6,6,6,6,4,0,0,0,0,0,0,2,6,6,6,5,5,6,6,6,5,1,0,0,0,0,5,6,6,4,0,0,4,6,6,6,3,0,0,0,-3.56,4,6,6,6,4,4,5,6,6,6,4,0,0,0,0,1,6,6,6,6,6,6,6,6,6,6,5,1,0,0,0,1,5,6,6,6,6,6,6,6,6,6,6,1,0,0,0,0,5,6,6,6,5,2,5,6,6,6,5,0,0,0,0,4,6,6,6,0,0,1,5,6,6,6,3,0,0,0,6,6,6,4,0,0,0,0,6,6,6,3,0,0,0,4,6,6,5,0,0,0,0,6,6,6,4,0,0,0,3,6,6,6,4,0,0,0,6,6,6,6,0,0,0,3,6,6,6,6,1,1,5,6,6,6,1,0,0,0,0,4,6,6,6,6,6,6,6,6,2,0,0,0,0,0,0,5,6,6,6,6,6,5,1,0,0,0,0,0,0,0,0,2,4,4,3,1,0,0,0,0,9,"mfeat-pixel","att60",0.9
0,0,1,2,3,4,4,4,4,4,4,3,1,0,0,0,0,3,6,6,6,6,5,4,6,6,6,6,2,0,0,0,3,6,6,6,4,0,0,1,6,6,6,3,0,0,1,6,6,6,6,3,0,0,0,5,6,6,4,2.27,0,3,6,6,6,6,2,0,0,0,3,6,6,6,2,0,3,6,6,6,1,0,0,0,0,5,6,6,5,0,0,3,6,6,6,5,1,0,0,0,6,6,6,3,0,0,4,6,6,6,6,6,3,0,3,6,6,6,3,0,2,6,6,6,6,6,6,6,6,6,6,6,6,3,0,1,6,6,6,6,4,5,6,6,6,6,6,6,3,0,0,4,6,6,1,0,0,3,6,6,6,6,6,3,0,2,6,6,6,0,0,0,0,4,6,6,6,6,3,0,1,6,6,6,1,0,0,0,1,5,6,6,6,3,0,0,3,6,6,6,3,0,0,1,5,6,6,6,3,0,0,2,6,6,6,6,6,6,6,6,6,6,6,3,0,0,0,1,2,2,2,2,2,2,2,3,3,2,1,0,9,"mfeat-pixel","att60",0.9
3,4,6,6,6,6,6,6,3,0,0,0,0,0,0,6,6,6,6,6,6,6,6,6,5,1,0,0,0,0,2,6,6,6,5,4,6,6,6,6,5,1,0,0,0,1,6,6,6,4,0,1,5,6,6,6,5,0,0,-2.62,3,6,6,6,6,3,0,1,6,6,6,6,0,0,0,4,6,6,6,6,6,5,5,6,6,6,6,0,0,0,6,6,6,6,6,6,6,6,6,6,6,6,0,0,0,6,6,6,6,6,6,6,6,6,6,6,6,0,0,0,6,6,6,5,2,2,5,6,6,6,6,6,4,0,0,6,6,6,3,0,0,0,1,5,6,6,6,6,0,0,4,6,6,3,0,0,0,0,0,4,6,6,6,4,0,1,6,6,4,0,0,0,0,0,0,6,6,6,6,1,3,6,6,6,0,0,0,0,0,0,5,6,6,6,5,0,5,6,6,3,0,0,2,2,0,4,6,6,6,5,0,1,6,6,6,6,6,6,6,6,6,6,6,5,1,0,0,3,4,4,4,4,4,4,4,4,4,3,0,0,9,"mfeat-pixel","att60",0.9
0,0,0,2,2,2,2,2,2,2,1,0,0,0,0,0,0,3,6,6,6,6,6,6,6,6,5,4,2,0,0,0,4,6,6,6,6,6,6,6,6,6,6,6,0,0,0,0,4,6,6,6,6,6,6,6,6,6,6,1.8,0,0,0,0,6,6,6,6,6,6,6,6,6,6,2,0,0,1,5,6,6,6,6,6,6,6,6,6,5,0,0,3,6,6,6,6,6,6,6,6,6,6,6,3,0,0,5,6,6,6,6,6,6,6,6,6,6,5,0,0,3,6,6,6,5,1,0,1,5,6,6,6,5,1,0,3,6,6,6,3,0,0,0,0,4,6,6,6,5,1,3,6,6,5,1,0,0,0,0,0,6,6,6,6,3,3,6,6,3,0,0,0,0,0,0,3,6,6,6,2,1,6,6,5,1,0,0,0,0,1,6,6,6,6,0,0,3,6,6,6,3,0,0,3,6,6,6,6,6,0,0,1,6,6,6,6,6,6,6,6,6,6,5,4,0,0,0,1,2,2,2,3,3,2,2,2,1,0,0,0,9,"mfeat-pixel","att60",0.9
0,0,1,4,4,4,6,6,6,6,3,0,0,0,0,0,0,3,6,6,6,6,6,6,6,6,6,5,1,0,0,0,3,6,6,6,6,5,4,5,6,6,6,4,0,0,0,4,6,6,6,6,4,0,0,4,6,6,6,4.39,0,4,6,6,6,6,6,6,4,0,0,5,6,6,5,0,6,6,6,6,6,6,6,6,4,0,3,6,6,6,3,6,6,6,1,0,4,6,6,6,2,4,6,6,6,5,6,6,3,0,0,0,4,6,6,6,6,6,6,5,6,6,6,3,0,0,0,0,6,6,6,6,6,6,3,6,6,6,3,0,0,0,0,6,6,6,6,6,5,0,6,6,6,3,0,0,0,0,6,6,6,6,6,1,0,6,6,6,3,0,0,0,0,3,6,6,6,3,0,0,3,6,6,5,0,0,0,0,3,6,6,6,3,0,0,2,6,6,6,5,2,2,3,6,6,6,6,3,0,0,0,3,6,6,6,6,6,6,6,6,6,4,1,0,0,0,0,1,4,4,4,4,4,4,4,1,0,0,0,0,9,"mfeat-pixel","att60",0.9
0,1,2,2,2,2,4,4,2,1,0,0,0,0,0,0,6,6,6,6,6,6,6,6,6,1,0,0,0,0,2,6,6,6,5,1,1,5,6,6,6,1,0,0,0,3,6,6,6,3,0,0,0,5,6,6,3,0,0,0.77,1,6,6,6,3,0,0,0,3,6,6,3,0,0,0,0,3,6,6,3,0,0,0,3,6,6,6,1,0,0,0,1,6,6,6,3,0,0,1,6,6,6,3,0,0,0,0,6,6,6,6,5,4,6,6,6,6,3,0,0,0,3,6,6,6,6,6,6,6,6,6,6,3,0,0,0,0,6,6,6,3,0,3,5,6,6,6,5,0,0,0,0,6,6,6,0,0,0,0,3,6,6,6,3,0,0,0,4,6,6,0,0,0,0,0,3,6,6,6,1,0,0,1,6,6,0,0,0,0,0,1,6,6,6,3,0,0,6,6,6,5,1,0,0,1,5,6,6,6,1,0,0,3,6,6,6,6,6,4,6,6,6,6,5,0,0,0,1,2,4,4,4,4,4,4,4,4,1,0,0,9,"mfeat-pixel","att60",0.9
0,1,3,4,4,4,4,2,2,2,1,0,0,0,0,2,6,6,6,6,6,6,6,6,6,6,5,3,1,0,3,6,6,6,6,5,1,1,5,6,6,6,6,3,0,3,6,6,6,6,0,0,0,3,6,6,6,6,3,-0.2,3,6,6,6,6,0,0,0,4,6,6,6,6,3,0,3,6,6,6,6,3,0,3,6,6,6,6,5,1,0,0,5,6,6,6,6,6,6,6,6,6,6,0,0,0,0,0,4,6,6,6,6,6,6,6,6,6,5,1,0,0,1,5,6,6,6,6,3,2,5,6,6,6,6,1,0,3,6,6,6,6,3,0,0,0,4,6,6,6,3,0,3,6,6,6,6,3,0,0,0,6,6,6,6,3,0,3,6,6,6,4,0,0,0,0,6,6,6,6,3,0,3,6,6,6,6,3,0,1,5,6,6,6,6,3,0,3,6,6,6,6,6,5,6,6,6,6,6,5,0,0,1,3,5,6,6,6,6,6,6,6,6,6,3,0,0,0,0,0,1,3,4,4,4,4,4,4,3,1,0,9,"mfeat-pixel","att60",0.9
0,0,3,4,4,4,4,4,4,3,2,2,1,0,0,0,2,6,6,6,6,6,6,6,6,6,6,6,2,0,0,3,6,6,5,2,2,2,2,5,6,6,6,3,0,0,4,6,6,0,0,0,0,0,0,6,6,6,3,2.45,0,6,6,6,1,0,0,0,0,0,4,6,6,4,0,0,3,6,6,5,0,0,0,0,0,0,6,6,6,2,0,3,6,6,6,0,0,0,0,0,0,6,6,6,3,0,5,6,6,6,5,1,0,0,0,0,3,6,6,3,3,6,6,6,6,6,6,3,2,0,0,0,0,2,0,3,6,6,6,6,4,6,6,6,5,2,1,0,0,0,0,5,6,6,1,0,1,3,6,6,6,6,4,0,0,0,3,6,6,0,0,0,0,0,3,6,6,6,3,0,0,4,6,6,4,0,0,0,0,0,1,6,6,6,2,2,6,6,6,6,1,0,0,0,1,5,6,6,4,0,1,5,6,6,6,6,4,4,4,6,6,6,4,0,0,0,0,1,2,2,3,4,4,4,4,4,3,1,0,0,9,"mfeat-pixel","att60",0.9
0,0,0,1,3,4,4,6,6,4,3,0,0,0,0,0,1,5,6,6,6,6,6,6,6,6,1,0,0,0,1,5,6,6,3,1,1,5,6,6,6,6,1,0,0,5,6,6,6,0,0,0,0,4,6,6,6,6,2,3.24,6,6,6,6,3,1,0,0,0,6,6,6,6,6,0,5,6,6,6,6,6,1,0,0,2,6,6,6,6,3,0,4,6,6,6,6,6,6,3,3,6,6,6,5,1,0,4,6,6,6,6,6,6,6,6,6,6,6,1,0,0,6,6,6,4,2,3,4,6,6,6,6,6,0,0,0,6,6,6,3,0,0,0,1,5,6,6,6,3,0,2,6,6,6,5,0,0,0,0,0,5,6,6,6,5,3,6,6,6,3,0,0,0,0,0,0,4,6,6,6,0,6,6,6,6,1,0,0,0,0,0,4,6,6,6,0,2,6,6,6,6,4,4,4,4,5,6,6,6,5,0,0,5,6,6,6,6,6,6,6,6,6,6,3,0,0,0,0,3,4,4,4,4,4,4,4,3,0,0,0,9,"mfeat-pixel","att60",0.9
0,1,5,6,4,4,6,6,6,4,4,3,0,0,0,0,3,6,6,6,6,6,6,6,6,6,6,5,0,0,1,6,6,6,1,0,1,2,2,5,6,6,6,2,0,1,6,6,6,2,0,0,0,0,0,4,6,6,6,0.81,0,6,6,6,6,0,0,0,0,0,0,6,6,6,3,0,4,6,6,6,0,0,0,0,0,0,6,6,6,0,0,0,6,6,6,2,0,0,0,0,0,6,6,6,0,0,0,6,6,6,6,2,0,0,0,0,4,6,6,0,0,0,4,6,6,6,6,3,2,2,2,5,6,3,0,0,0,0,6,6,6,6,6,6,6,6,6,6,2,0,0,0,4,6,6,6,3,3,6,6,6,6,6,0,0,0,0,6,6,6,1,0,0,1,5,6,6,6,4,0,0,1,6,6,2,0,0,0,0,1,5,6,6,6,4,0,3,6,6,1,0,0,0,0,0,3,6,6,6,6,0,3,6,6,6,3,2,3,4,4,6,6,4,2,1,0,4,4,4,4,4,4,4,4,4,4,4,4,0,0,9,"mfeat-pixel","att60",0.9
0,0,0,1,4,4,6,6,6,4,4,2,0,0,0,0,0,2,6,6,6,6,6,4,5,6,6,6,5,0,0,0,6,6,6,6,3,0,0,0,1,5,6,6,4,0,1,6,6,6,6,0,0,0,0,0,3,6,6,4.18,0,2,6,6,6,6,0,0,0,0,3,6,6,6,5,0,0,6,6,6,6,3,2,2,3,6,6,6,5,0,0,0,6,6,6,6,6,6,6,6,6,6,6,3,0,0,2,6,6,6,6,6,6,6,6,6,6,6,6,2,0,6,6,6,6,1,0,1,2,2,2,5,6,6,6,2,6,6,6,6,0,0,0,0,0,0,3,6,6,6,3,6,6,5,1,0,0,0,0,0,0,3,6,6,4,3,6,6,4,0,0,0,0,0,0,1,5,6,6,3,0,6,6,6,0,0,0,0,0,0,3,6,6,6,1,3,6,6,6,5,0,0,0,2,4,6,6,6,6,0,0,3,6,6,6,5,4,6,6,6,6,6,6,2,0,0,0,0,2,4,4,4,4,4,4,4,4,3,0,0,9,"mfeat-pixel","att60",0.9
0,0,0,3,6,6,6,5,5,6,6,3,0,0,0,0,0,5,6,5,2,2,2,3,6,6,6,3,0,0,0,3,6,6,3,0,0,0,0,2,6,6,3,0,0,0,6,6,6,0,0,0,0,0,0,6,6,3,0,-3.81,3,6,6,6,3,0,0,0,0,2,6,6,5,0,0,0,5,6,6,6,5,1,0,3,6,6,6,4,0,0,0,0,6,6,6,6,6,6,6,6,6,6,3,0,0,0,5,6,6,6,3,2,2,3,6,6,6,6,1,0,3,6,6,6,2,0,0,0,0,2,6,6,6,5,0,6,6,6,3,0,0,0,0,0,0,4,6,6,6,3,6,6,4,0,0,0,0,0,0,0,0,6,6,6,3,6,6,6,1,0,0,0,0,0,0,0,6,6,6,3,6,6,6,6,3,0,0,0,0,0,1,6,6,6,2,1,6,6,6,6,5,4,3,3,4,6,6,6,5,0,0,1,5,6,6,6,6,6,6,6,6,6,3,0,0,0,0,0,0,1,3,4,4,4,3,1,0,0,0,0,9,"mfeat-pixel","att60",0.9
0,1,2,3,4,4,4,4,4,2,2,0,0,0,0,0,5,6,6,6,6,6,6,6,6,6,5,1,0,0,3,6,6,6,6,5,1,0,1,5,6,6,6,1,0,3,6,6,6,6,0,0,0,0,3,6,6,6,5,-0.04,1,5,6,6,6,5,1,0,0,1,6,6,6,6,0,0,0,4,6,6,6,6,5,4,6,6,6,6,3,0,0,1,6,6,6,6,6,6,6,6,6,6,6,2,0,0,5,6,6,6,6,6,6,6,6,6,6,4,0,0,1,6,6,6,5,1,0,3,6,6,6,6,3,0,0,3,6,6,6,3,0,0,0,3,6,6,6,6,2,0,3,6,6,6,5,0,0,0,0,3,6,6,6,6,2,3,6,6,6,4,0,0,0,0,1,6,6,6,6,3,2,6,6,6,6,0,0,0,0,1,6,6,6,6,3,0,4,6,6,6,5,1,0,1,5,6,6,6,5,1,0,1,6,6,6,6,6,6,6,6,6,4,2,0,0,0,0,1,3,4,2,2,2,2,2,0,0,0,0,0,9,"mfeat-pixel","att60",0.9
1,4,5,5,4,4,4,4,3,2,2,0,0,0,0,4,6,6,6,6,6,6,6,6,6,6,5,1,0,0,5,6,6,6,6,5,4,4,6,6,6,6,6,2,0,3,6,6,6,6,0,0,0,0,1,6,6,6,5,0.64,0,5,6,6,6,3,1,0,0,0,5,6,6,6,3,0,0,4,6,6,6,6,1,0,0,3,6,6,6,5,0,0,0,6,6,6,6,6,6,4,6,6,6,6,3,0,0,3,6,6,6,6,6,6,6,6,6,6,6,3,0,2,6,6,6,5,4,5,6,6,6,6,6,6,2,0,4,6,6,6,0,0,0,4,6,6,6,6,2,0,2,6,6,6,6,0,0,0,0,6,6,6,6,0,0,0,5,6,6,6,0,0,0,0,6,6,6,3,0,0,0,3,6,6,6,1,0,0,0,6,6,6,3,0,0,0,3,6,6,6,6,4,4,5,6,6,6,4,0,0,0,0,3,6,6,6,6,6,6,6,6,6,5,0,0,0,0,0,1,4,4,4,4,4,4,4,4,1,0,0,9,"mfeat-pixel","att60",0.9
0,0,1,3,6,6,6,6,6,5,3,0,0,0,0,0,3,6,6,6,6,6,6,6,6,6,4,0,0,0,2,6,6,6,6,6,6,6,6,6,6,6,4,0,0,0,6,6,6,6,6,1,0,4,6,6,6,6,1,-0.18,0,5,6,6,6,6,0,0,2,6,6,6,6,5,0,0,0,3,6,6,6,5,2,2,6,6,6,6,6,0,0,0,0,2,6,6,6,6,6,6,6,6,6,5,0,0,0,0,0,6,6,6,6,6,6,6,6,6,3,0,0,0,0,0,6,6,6,6,6,6,6,6,6,3,0,0,0,0,2,6,6,6,6,6,6,6,6,6,5,0,0,0,0,6,6,6,6,4,0,4,6,6,6,6,0,0,0,1,6,6,6,6,3,0,1,6,6,6,6,2,0,0,3,6,6,6,6,5,2,3,6,6,6,6,6,0,0,0,5,6,6,6,6,6,6,6,6,6,6,5,0,0,0,1,5,6,6,6,6,6,6,6,6,3,0,0,0,0,0,0,0,2,4,4,4,3,1,0,0,0,9,"mfeat-pixel","att60",0.9
0,0,0,0,0,0,3,6,6,6,6,6,5,2,0,0,0,0,0,1,5,6,6,6,6,6,6,6,6,5,0,0,0,0,5,6,6,5,1,1,6,6,6,6,4,0,0,0,0,6,6,6,3,0,0,6,6,6,6,3.89,0,0,0,4,6,6,6,4,0,0,6,6,6,5,0,0,0,4,6,6,6,6,6,5,5,6,6,6,2,0,0,2,6,6,6,6,6,6,6,6,6,6,1,0,0,0,3,6,6,6,6,6,6,6,6,6,6,0,0,0,0,5,6,6,5,2,2,5,6,6,6,6,0,0,0,4,6,6,5,0,0,0,0,6,6,6,6,3,0,0,5,6,6,1,0,0,0,0,6,6,6,5,0,0,0,3,6,6,2,0,0,0,2,6,6,6,1,0,0,0,3,6,6,3,0,0,0,5,6,6,5,0,0,0,0,4,6,6,6,3,2,5,6,6,5,1,0,0,0,0,5,6,6,6,6,6,6,6,5,1,0,0,0,0,0,0,2,4,4,4,4,4,2,0,0,0,0,0,0,0,9,"mfeat-pixel","att60",0.9
0,3,6,6,6,4,6,6,6,6,6,3,0,0,0,5,6,6,6,6,6,6,6,6,6,6,6,4,0,0,6,6,6,6,6,4,3,1,1,6,6,6,6,2,0,5,6,6,6,3,0,0,0,0,6,6,6,6,1,-1.41,0,3,6,6,6,3,0,0,0,6,6,6,6,0,0,0,0,1,6,6,6,5,3,3,6,6,6,6,0,0,0,0,0,4,6,6,6,6,6,6,6,6,2,0,0,0,0,0,0,6,6,6,6,6,6,6,6,0,0,0,0,0,0,2,6,6,6,6,6,6,6,3,0,0,0,0,0,0,6,6,6,6,6,6,6,6,4,0,0,0,0,0,0,5,6,6,6,1,3,6,6,6,1,0,0,0,0,0,3,6,6,5,0,0,5,6,6,6,3,0,0,0,0,5,6,6,4,0,0,1,6,6,6,6,0,0,0,0,2,6,6,6,5,4,5,6,6,6,6,4,0,0,0,0,5,6,6,6,6,6,6,6,6,6,5,0,0,0,0,0,3,4,4,4,4,4,4,4,3,0,9,"mfeat-pixel","att60",0.9
0,0,0,1,5,6,6,6,6,6,6,3,0,0,0,1,3,5,6,6,6,6,6,6,6,6,6,5,0,0,6,6,6,6,2,2,2,2,3,6,6,6,6,0,0,6,6,6,6,5,1,0,0,0,3,6,6,6,4,1.08,3,6,6,6,6,6,3,0,0,1,5,6,6,6,0,0,0,1,5,6,6,6,5,2,0,1,6,6,6,0,0,0,0,1,6,6,6,6,6,6,6,6,6,6,0,0,1,5,6,6,6,4,2,5,6,6,6,6,6,0,1,6,6,6,1,0,0,0,1,4,5,6,6,6,0,3,6,6,6,0,0,0,0,0,0,0,4,6,6,0,6,6,6,6,0,0,0,0,0,0,0,0,6,6,4,6,6,6,6,0,0,0,0,0,0,1,5,6,6,5,6,6,6,6,3,0,0,0,2,4,6,6,6,6,1,6,6,6,6,6,6,4,6,6,6,6,6,5,1,0,1,5,6,6,6,6,6,6,6,6,6,5,0,0,0,0,0,1,3,4,4,4,4,2,0,0,0,0,0,0,9,"mfeat-pixel","att60",0.9
0,0,0,0,0,0,3,4,4,4,5,5,1,0,0,0,0,0,0,1,5,6,6,6,6,6,6,5,1,0,0,0,0,1,6,6,6,6,6,6,6,6,6,5,1,0,0,1,6,6,6,1,0,0,1,6,6,6,6,1.13,0,0,3,6,6,6,2,0,0,0,3,6,6,6,3,0,0,0,5,6,6,6,1,0,0,2,6,6,6,3,0,0,0,4,6,6,6,6,3,0,0,4,6,6,3,0,0,4,6,6,6,6,6,6,6,4,6,6,6,3,0,4,6,6,4,0,1,3,6,6,6,6,6,6,2,0,6,6,6,2,0,0,0,3,6,6,6,6,4,0,3,6,6,4,0,0,0,0,0,1,6,6,6,5,0,4,6,6,6,1,0,0,0,0,0,3,6,6,6,5,3,6,6,6,5,2,0,0,0,0,0,6,6,6,5,1,5,6,6,6,6,5,3,2,2,5,6,6,4,0,0,0,3,6,6,6,6,6,6,6,6,6,3,0,0,0,0,0,1,4,4,4,4,4,4,3,0,0,0,0,9,"mfeat-pixel","att60",0.9
0,0,3,5,6,6,6,6,6,6,5,1,0,0,0,0,5,6,6,6,6,6,6,6,6,6,3,0,0,0,2,6,6,6,6,3,2,5,6,6,6,4,0,0,0,1,6,6,6,3,0,0,0,6,6,6,6,5,0,-0.47,4,6,6,6,5,0,0,0,6,6,6,6,6,0,0,5,6,6,6,6,3,0,0,1,6,6,6,6,0,0,1,6,6,6,6,6,3,2,5,6,6,6,5,0,0,0,6,6,6,6,6,6,6,6,6,6,6,0,0,0,1,6,6,6,6,6,6,6,6,6,6,6,5,0,0,5,6,6,6,1,0,1,5,6,6,6,6,6,0,0,4,6,6,3,0,0,0,0,3,6,6,6,6,0,0,3,6,6,6,1,0,0,0,0,3,6,6,6,4,0,2,6,6,6,3,0,0,0,0,3,6,6,6,6,3,0,5,6,6,6,1,0,0,0,4,6,6,6,6,1,0,1,6,6,6,6,4,6,6,6,6,6,6,6,0,0,0,3,4,4,4,4,4,4,4,4,4,4,3,0,9,"mfeat-pixel","att60",0.9
0,1,2,2,3,4,4,4,2,3,4,3,1,0,0,0,3,6,6,6,6,4,6,6,6,6,6,3,0,0,0,6,6,6,6,1,0,1,3,6,6,6,3,0,0,0,4,6,6,6,0,0,0,0,1,6,6,6,1,-2.16,0,3,6,6,6,0,0,0,0,0,6,6,6,1,0,0,3,6,6,6,3,0,0,0,0,6,6,6,0,0,0,0,6,6,6,6,5,1,0,3,6,6,5,0,0,1,5,6,6,6,6,6,6,6,6,6,6,3,0,0,3,6,6,6,6,6,6,6,6,6,6,4,0,0,0,3,6,6,5,1,1,2,3,6,6,6,6,3,0,0,3,6,6,3,0,0,0,0,1,5,6,6,6,5,0,3,6,6,3,0,0,0,0,0,0,4,6,6,6,3,3,6,6,3,0,0,0,0,0,0,0,6,6,6,3,1,6,6,6,3,0,0,0,0,0,3,6,6,6,2,0,6,6,6,6,6,6,4,4,5,6,6,4,3,0,0,1,2,2,2,3,4,4,4,4,3,0,0,0,0,9,"mfeat-pixel","att60",0.9
0,0,3,5,6,6,4,4,4,3,1,0,0,0,0,0,5,6,6,6,6,6,6,6,6,6,6,5,1,0,1,6,6,6,5,1,0,0,0,1,6,6,6,5,0,5,6,6,4,0,0,0,0,0,0,6,6,6,6,-2.12,6,6,6,6,0,0,0,0,0,0,6,6,6,6,0,4,6,6,6,1,0,0,0,0,1,6,6,6,6,0,0,4,6,6,6,5,4,6,6,6,6,6,6,6,0,0,0,6,6,6,6,6,6,6,6,6,6,6,2,0,0,4,6,6,6,6,6,6,6,6,6,6,6,2,0,0,6,6,6,6,6,3,2,2,5,6,6,6,6,2,0,6,6,6,6,4,0,0,0,0,6,6,6,6,6,0,6,6,6,6,4,0,0,0,0,6,6,6,6,3,0,6,6,6,6,6,0,0,0,0,6,6,6,6,3,0,5,6,6,6,6,3,0,0,1,6,6,6,6,0,0,1,5,6,6,6,6,5,4,6,6,6,6,4,0,0,0,0,0,1,4,4,4,4,4,4,4,3,0,0,9,"mfeat-pixel","att60",0.9
0,0,3,4,4,4,6,4,4,3,0,0,0,0,0,0,2,6,6,6,6,6,6,6,6,2,0,0,0,0,0,6,6,6,6,5,5,6,6,6,6,2,0,0,0,0,6,6,6,5,0,0,3,6,6,6,6,1,0,-1.03,0,6,6,6,3,0,0,0,4,6,6,6,5,0,0,0,6,6,6,6,3,1,0,0,4,6,6,6,0,0,0,2,6,6,6,6,6,4,2,5,6,6,6,0,0,0,0,6,6,6,6,6,6,6,6,6,6,6,4,0,0,3,6,6,6,6,6,6,6,6,6,6,6,6,0,3,6,6,6,6,1,0,3,6,6,6,6,6,6,0,1,6,6,6,6,0,0,0,1,3,6,6,6,6,0,5,6,6,6,3,0,0,0,0,0,6,6,6,6,1,4,6,6,6,6,1,0,0,0,0,6,6,6,6,3,2,6,6,6,6,6,3,2,2,5,6,6,6,6,0,0,3,6,6,6,6,6,6,6,6,6,6,5,1,0,0,0,3,4,4,4,4,4,4,4,4,3,0,0,0,9,"mfeat-pixel","att60",0.9
0,0,0,3,5,6,4,4,4,3,0,0,0,0,0,0,0,5,6,6,6,6,6,6,6,5,0,0,0,0,0,2,6,6,6,5,4,6,6,6,6,4,0,0,0,1,6,6,6,5,0,0,1,5,6,6,6,1,0,0.76,6,6,6,6,1,0,0,1,5,6,6,6,3,0,0,3,6,6,6,6,4,4,6,6,6,6,6,0,0,0,0,5,6,6,6,6,6,6,6,6,6,6,4,0,0,0,0,6,6,6,6,6,6,6,6,6,6,6,0,0,0,0,6,6,6,6,3,0,0,1,6,6,6,3,0,0,0,6,6,6,6,1,0,0,0,1,6,6,5,0,0,0,4,6,6,6,1,0,0,0,0,3,6,4,0,0,0,0,6,6,6,3,0,0,0,0,3,6,5,1,0,0,0,6,6,6,6,2,0,0,0,3,6,6,6,0,0,0,3,6,6,6,6,3,2,3,6,6,5,3,0,0,0,0,1,5,6,6,6,6,6,6,5,0,0,0,0,0,0,0,0,3,4,4,4,4,2,0,0,0,9,"mfeat-pixel","att60",0.9
0,0,1,4,4,4,4,4,4,4,4,1,0,0,0,0,2,6,6,6,6,4,6,6,6,6,6,2,0,0,0,5,6,6,5,1,0,0,1,5,6,6,3,0,0,0,3,6,6,3,0,0,0,0,3,6,6,4,0,0.17,0,4,6,6,3,0,0,0,0,3,6,6,6,0,0,0,5,6,6,4,0,0,0,0,3,6,6,6,0,0,0,0,5,6,6,3,0,0,0,3,6,6,5,0,0,0,0,0,5,6,6,5,2,3,6,6,6,4,0,0,0,0,0,3,6,6,6,6,6,6,6,6,6,2,0,0,0,0,5,6,6,6,6,6,6,6,6,6,3,0,0,0,3,6,6,6,3,0,1,5,6,6,6,4,0,0,0,4,6,6,4,0,0,0,0,4,6,6,6,2,0,0,6,6,6,3,0,0,0,0,1,6,6,6,3,0,0,6,6,6,5,1,0,0,0,3,6,6,6,2,0,0,6,6,6,6,6,6,4,5,6,6,6,6,0,0,0,1,2,4,4,4,4,4,4,4,4,4,2,0,9,"mfeat-pixel","att60",0.9
0,0,1,4,6,6,6,6,6,6,6,6,6,5,0,0,0,6,6,6,6,6,6,6,6,6,6,6,6,1,0,0,6,6,6,6,5,2,0,1,6,6,6,6,5,0,0,6,6,6,6,0,0,0,0,5,6,6,6,5.83,0,0,6,6,6,6,0,0,0,0,1,6,6,6,1,0,0,5,6,6,6,1,0,0,0,6,6,6,6,0,0,0,0,4,6,6,6,4,1,1,6,6,6,6,0,0,3,4,6,6,6,6,6,6,6,6,6,6,6,0,0,6,6,6,6,3,3,6,6,6,6,6,6,4,0,0,6,6,6,6,0,0,0,3,6,6,6,6,0,0,2,6,6,6,3,0,0,0,0,6,6,6,6,0,0,3,6,6,3,0,0,0,0,1,6,6,6,6,0,0,5,6,6,3,0,0,0,2,6,6,6,6,3,0,0,5,6,6,6,4,4,4,6,6,6,6,2,0,0,0,1,6,6,6,6,6,6,6,6,4,1,0,0,0,0,0,4,4,4,4,4,4,4,1,0,0,0,0,0,0,9,"mfeat-pixel","att60",0.9
0,0,0,2,4,4,4,4,4,3,0,0,0,0,0,0,0,4,6,6,6,6,6,6,6,5,0,0,0,0,0,4,6,6,6,3,1,1,5,6,6,5,0,0,0,3,6,6,6,3,0,0,0,0,5,6,6,3,0,-1.08,0,5,6,6,5,0,0,0,0,1,6,6,6,0,0,0,0,6,6,6,5,1,0,0,1,6,6,5,0,0,0,1,6,6,6,6,6,3,3,6,6,6,3,0,0,0,3,6,6,6,6,6,6,6,6,6,6,3,0,0,0,5,6,6,3,3,6,6,6,6,6,6,2,0,0,3,6,6,3,0,0,1,5,6,6,6,6,0,0,0,0,6,6,3,0,0,0,0,3,6,6,6,5,0,0,3,6,6,3,0,0,0,0,0,1,5,6,6,3,0,3,6,6,3,0,0,0,0,0,0,0,6,6,5,0,3,6,6,4,0,0,0,0,0,0,3,6,6,5,0,0,5,6,6,5,2,2,2,2,5,6,6,6,3,0,0,0,3,4,4,4,2,4,4,4,4,4,2,0,0,9,"mfeat-pixel","att60",0.9
0,0,0,0,0,1,4,4,4,4,4,3,1,0,0,0,0,0,2,5,6,4,4,6,6,6,6,6,2,0,0,3,6,6,5,1,0,0,1,5,6,6,6,3,0,0,4,6,6,3,0,0,0,0,3,6,6,6,3,2.06,0,6,6,6,3,0,0,0,0,3,6,6,6,3,0,0,3,6,6,5,1,0,0,0,1,6,6,6,3,0,0,2,6,6,6,6,3,0,0,3,6,6,6,2,0,0,0,4,6,6,6,6,6,6,6,6,6,4,0,0,0,1,5,6,4,2,4,4,5,6,6,6,5,1,0,2,6,6,1,0,0,0,0,0,3,6,6,6,6,2,3,6,6,1,0,0,0,0,0,0,3,6,6,6,3,3,6,6,6,2,0,0,0,0,1,6,6,6,6,3,3,6,6,6,5,0,0,0,0,3,6,6,6,6,3,0,5,6,6,6,5,1,1,3,6,6,6,6,3,0,0,2,6,6,6,6,6,6,6,6,6,6,2,0,0,0,0,3,3,2,4,4,4,4,2,2,0,0,0,0,9,"mfeat-pixel","att60",0.9
0,4,4,4,4,4,4,4,4,4,4,4,4,1,0,2,6,6,6,6,6,6,6,6,6,6,6,6,5,0,0,6,6,6,3,0,0,0,0,1,5,6,6,6,1,0,6,6,6,3,0,0,0,0,0,0,5,6,6,3.88,0,2,6,6,6,5,3,0,0,0,0,0,6,6,3,0,0,2,6,6,6,6,6,4,2,2,5,6,6,3,0,0,0,3,6,6,6,6,6,6,6,6,6,6,2,0,0,0,4,6,6,5,2,5,6,6,6,6,4,0,0,0,1,6,6,4,0,0,0,3,6,6,6,0,0,0,0,5,6,6,0,0,0,0,0,4,6,6,4,0,0,0,6,6,6,0,0,0,0,0,2,6,6,6,0,0,0,6,6,6,2,0,0,0,0,0,4,6,6,3,0,0,6,6,6,1,0,0,0,0,0,3,6,6,3,0,0,3,6,6,6,3,2,2,2,3,6,6,6,3,0,0,2,6,6,6,6,6,6,6,6,6,6,3,0,0,0,0,2,4,4,4,4,4,4,4,4,3,0,0,9,"mfeat-pixel","att60",0.9
0,1,3,6,6,6,6,6,5,2,0,0,0,0,0,2,6,6,3,2,2,3,6,6,6,6,3,0,0,0,6,6,6,0,0,0,0,1,5,6,6,6,0,0,0,6,6,6,3,0,0,0,0,3,6,6,6,0,0,-1.34,5,6,6,6,6,3,0,0,3,6,6,6,0,0,0,0,3,6,6,6,6,4,0,3,6,6,6,0,0,0,0,0,6,6,6,6,6,6,6,6,6,6,0,0,0,0,2,6,6,6,6,6,6,6,6,6,6,4,0,0,1,6,6,6,6,3,2,3,6,6,6,6,6,4,0,5,6,6,6,3,0,0,0,1,5,6,6,6,6,2,6,6,6,6,6,2,0,0,0,0,1,6,6,6,6,6,6,6,6,6,3,0,0,0,0,0,6,6,6,6,6,6,6,6,6,6,3,0,0,0,1,6,6,6,6,2,6,6,6,6,6,6,5,4,5,6,6,6,6,2,0,1,4,6,6,6,6,6,6,6,6,6,6,4,0,0,0,0,1,3,4,4,4,4,4,4,4,3,0,0,9,"mfeat-pixel","att60",0.9
0,1,3,4,6,5,2,0,0,0,0,0,0,0,0,3,6,6,6,6,6,6,6,2,0,0,0,0,0,0,6,6,6,3,0,3,6,6,6,1,0,0,0,0,0,6,6,6,1,0,0,4,6,6,3,0,0,0,0,-1.19,2,6,6,5,0,0,3,6,6,6,3,0,0,0,0,0,5,6,6,5,2,5,6,6,6,6,0,0,0,0,0,1,5,6,6,6,6,6,6,6,5,0,0,0,0,0,0,4,6,6,6,6,6,6,4,0,0,0,0,0,0,0,4,6,6,6,6,6,6,4,0,0,0,0,0,0,0,0,6,6,6,6,6,6,6,5,3,0,0,0,0,0,0,6,6,6,6,5,5,6,6,6,5,1,0,0,0,0,6,6,6,4,0,0,3,6,6,6,5,0,0,0,0,6,6,6,5,0,0,0,1,6,6,6,2,0,0,0,4,6,6,6,5,1,0,1,6,6,6,5,0,0,0,0,3,6,6,6,6,6,6,6,6,5,1,0,0,0,0,0,1,4,4,4,4,4,4,3,0,0,9,"mfeat-pixel","att60",0.9
0,1,4,4,4,4,4,4,2,4,1,0,0,0,0,0,4,6,6,6,6,6,6,6,6,5,0,0,0,0,2,6,6,3,0,1,2,3,6,6,6,5,0,0,0,3,6,6,1,0,0,0,0,1,6,6,6,3,0,-0.51,3,6,6,6,1,0,0,0,0,3,6,6,0,0,0,0,5,6,6,6,1,0,0,0,4,6,6,0,0,0,0,3,6,6,6,5,1,1,5,6,6,4,0,0,0,0,5,6,6,6,6,6,6,6,6,6,3,0,0,0,0,5,6,6,6,6,6,6,6,6,6,3,0,0,0,0,4,6,5,1,0,1,5,6,6,6,6,2,0,0,0,6,6,3,0,0,0,1,2,5,6,6,6,2,0,0,3,6,5,0,0,0,0,0,0,4,6,6,5,0,0,3,6,6,3,0,0,0,0,0,0,6,6,6,3,0,3,6,6,6,3,1,0,1,2,5,6,6,6,3,0,2,6,6,6,6,6,6,6,6,6,6,6,5,0,0,0,1,2,4,2,4,4,4,4,4,4,2,1,0,9,"mfeat-pixel","att60",0.9
0,0,0,1,2,3,4,4,4,4,3,0,0,0,0,0,0,0,5,6,6,6,6,6,6,6,5,3,0,0,0,0,4,5,1,0,0,3,6,6,6,6,6,3,0,0,2,6,5,1,0,0,0,2,5,6,6,6,3,1.29,0,3,6,6,6,1,0,0,0,0,6,6,6,3,0,0,1,6,6,6,6,3,0,0,1,6,6,6,3,0,0,1,6,6,6,6,6,6,4,6,6,6,6,3,0,0,3,6,6,6,6,6,6,6,6,6,6,6,3,0,0,4,6,6,6,6,6,6,6,6,6,6,6,6,0,2,6,6,5,1,1,3,6,6,6,6,6,6,4,0,3,6,6,3,0,0,0,0,3,6,6,6,6,3,0,3,6,6,3,0,0,0,0,0,6,6,6,6,3,0,2,6,6,6,3,0,0,0,0,4,6,6,6,3,0,0,4,6,6,6,6,4,4,5,6,6,6,6,1,0,0,2,6,6,6,6,6,6,6,6,6,5,2,0,0,0,0,1,2,4,4,4,4,3,2,1,0,0,0,0,9,"mfeat-pixel","att60",0.9
0,3,6,6,5,4,4,4,4,2,0,0,0,0,0,1,6,6,6,6,6,6,6,6,6,6,3,0,0,0,5,6,6,6,5,2,2,3,5,6,6,6,5,1,0,6,6,6,6,3,0,0,0,0,3,6,6,6,5,-0.09,4,6,6,6,3,0,0,0,0,0,4,6,6,6,0,3,6,6,6,3,0,0,0,0,0,0,6,6,6,3,3,6,6,6,5,0,0,0,0,0,1,6,6,6,2,0,3,6,6,6,5,1,0,0,0,3,6,6,6,0,0,0,1,5,6,6,6,5,4,4,6,6,6,6,0,0,2,2,0,3,4,4,5,6,6,6,6,6,3,0,4,6,6,3,0,0,0,0,1,5,6,6,6,1,0,4,6,6,3,0,0,0,0,0,0,4,6,6,6,0,0,6,6,5,0,0,0,0,0,0,0,4,6,6,2,0,6,6,6,5,1,0,0,2,1,1,5,6,6,6,0,5,6,6,6,6,6,6,6,6,6,6,6,6,3,0,0,3,4,4,4,4,4,4,4,4,4,4,1,0,9,"mfeat-pixel","att60",0.9
0,0,0,0,2,3,4,4,2,2,2,0,0,0,0,0,0,0,6,6,6,6,6,6,6,6,6,3,0,0,0,0,3,6,6,6,6,3,2,5,6,6,6,3,0,0,0,5,6,6,6,3,0,0,0,3,6,6,3,-2.3,0,0,3,6,6,6,5,1,0,0,3,6,6,4,0,0,0,1,5,6,6,6,6,4,5,6,6,6,5,0,0,0,0,0,4,6,6,6,6,6,6,6,4,0,0,0,0,0,3,6,6,6,6,6,6,6,6,3,0,0,0,0,4,6,6,6,6,6,6,6,6,6,4,0,0,0,2,6,6,6,6,5,1,0,3,6,6,6,2,0,0,3,6,6,6,3,0,0,0,0,6,6,6,3,0,0,5,6,6,6,0,0,0,0,0,4,6,6,5,0,0,5,6,6,4,0,0,0,0,0,0,6,6,6,3,0,3,6,6,5,1,0,0,0,1,5,6,6,6,3,0,2,6,6,6,6,6,6,6,6,6,6,6,5,2,0,0,1,2,2,2,2,2,4,4,3,2,1,0,0,9,"mfeat-pixel","att60",0.9
0,1,2,2,2,2,4,4,4,4,2,0,0,0,0,0,3,6,6,6,6,6,6,6,6,6,6,3,0,0,0,3,6,6,6,5,2,3,6,6,6,6,6,2,0,0,3,6,6,6,3,0,0,6,6,6,6,6,3,0.81,0,3,6,6,6,3,0,0,6,6,6,6,6,3,0,0,3,6,6,6,3,0,0,3,6,6,6,6,3,0,0,3,6,6,6,3,0,0,0,3,6,6,6,3,0,0,3,6,6,6,5,1,1,3,6,6,6,5,0,0,0,0,6,6,6,6,6,6,6,6,6,6,3,0,0,0,1,6,6,6,6,6,6,6,6,6,6,3,0,0,0,3,6,6,6,6,4,6,6,6,6,6,6,1,0,1,6,6,6,5,1,0,1,6,6,6,6,6,3,0,3,6,6,6,3,0,0,0,1,5,6,6,6,4,0,3,6,6,6,6,3,0,0,0,4,6,6,6,6,2,2,6,6,6,6,6,5,4,5,6,6,6,6,6,2,0,3,4,4,4,4,4,4,4,4,4,4,4,1,0,9,"mfeat-pixel","att60",0.9
0,0,0,0,1,3,4,4,4,4,4,2,1,0,0,0,0,0,3,6,6,6,6,6,6,6,6,6,2,0,0,0,3,6,6,6,5,2,2,5,6,6,6,6,1,0,0,3,6,6,4,0,0,0,0,6,6,6,6,1.13,0,0,3,6,6,5,0,0,0,0,6,6,6,6,2,0,0,3,6,6,6,3,0,0,3,6,6,6,4,0,0,0,3,6,6,6,6,5,5,6,6,6,6,2,0,0,0,4,6,6,6,6,6,6,6,6,6,1,0,0,0,3,6,6,3,2,3,4,4,6,6,6,4,0,0,2,6,6,3,0,0,0,0,0,1,6,6,6,3,0,3,6,6,3,0,0,0,0,0,0,6,6,6,3,0,3,6,6,3,0,0,0,0,0,1,6,6,6,3,0,3,6,6,3,0,0,0,0,4,6,6,6,6,3,0,1,6,6,5,1,0,1,5,6,6,6,6,3,0,0,0,2,6,6,6,6,6,6,6,6,3,0,0,0,0,0,0,1,4,4,4,3,2,2,0,0,0,0,0,0,9,"mfeat-pixel","att60",0.9
0,1,4,5,6,6,6,6,6,6,3,0,0,0,0,0,5,6,6,6,6,6,6,6,6,6,2,0,0,0,0,6,6,6,3,1,0,3,6,6,6,3,0,0,0,2,6,6,6,2,0,0,0,4,6,6,3,0,0,-0.18,2,6,6,6,5,2,1,1,5,6,6,3,0,0,0,0,4,6,6,6,6,6,6,6,6,6,4,0,0,0,0,3,6,6,6,6,6,6,6,6,6,6,6,3,0,3,6,6,6,5,3,2,2,2,2,2,5,6,6,3,5,6,6,4,0,0,0,0,0,0,0,3,6,6,6,3,6,6,4,0,0,0,0,0,0,0,3,6,6,4,3,6,6,6,0,0,0,0,0,0,0,3,6,6,3,3,6,6,3,0,0,0,0,0,0,0,5,6,6,3,3,6,6,6,1,0,0,0,0,0,3,6,6,6,3,1,5,6,6,5,2,2,2,2,3,6,6,6,5,1,0,1,5,6,6,6,6,6,6,6,6,4,2,0,0,0,0,1,4,4,4,4,4,4,4,1,0,0,0,0,9,"mfeat-pixel","att60",0.9
0,3,4,5,6,6,6,6,6,3,1,0,0,0,0,0,6,6,6,6,5,4,6,6,6,6,2,0,0,0,4,6,6,5,1,0,0,3,6,6,6,6,0,0,0,4,6,6,4,0,0,0,1,5,6,6,6,1,0,1.84,5,6,6,6,2,0,0,0,4,6,6,6,2,0,0,2,6,6,6,3,0,0,3,6,6,6,3,0,0,0,0,5,6,6,6,5,4,6,6,6,6,3,0,0,0,0,4,6,6,6,6,6,6,6,6,6,5,1,0,0,2,6,6,6,6,6,6,6,6,6,6,6,6,2,0,0,6,6,6,6,1,0,0,1,5,6,6,6,6,0,2,6,6,6,6,0,0,0,0,0,4,6,6,6,0,3,6,6,6,6,0,0,0,0,0,5,6,6,6,0,3,6,6,6,6,0,0,0,0,0,1,6,6,6,1,0,5,6,6,6,4,0,0,0,0,5,6,6,6,2,0,0,3,5,6,6,5,4,4,5,6,6,6,5,0,0,0,0,0,0,1,4,4,4,4,4,4,3,0,0,9,"mfeat-pixel","att60",0.9
0,0,0,1,4,5,5,4,4,4,4,1,0,0,0,0,0,3,6,6,6,6,6,6,6,6,6,2,0,0,0,3,6,6,6,6,4,2,2,5,6,6,6,1,0,0,3,6,6,5,1,0,0,0,3,6,6,6,3,1.8,0,5,6,6,3,0,0,0,0,3,6,6,6,3,0,0,5,6,6,6,3,0,0,0,4,6,6,6,2,0,0,3,6,6,6,6,6,6,6,6,6,6,1,0,0,0,3,6,6,6,6,6,6,6,6,6,6,5,0,0,1,6,6,6,6,5,2,2,4,6,6,6,6,5,1,3,6,6,6,3,0,0,0,0,0,0,3,6,6,6,6,6,6,2,0,0,0,0,0,0,0,0,1,6,6,6,6,6,1,0,0,0,0,0,0,0,0,0,4,6,3,6,6,5,1,0,0,0,0,0,0,1,5,6,6,3,6,6,6,6,4,2,2,2,2,4,6,6,6,3,0,3,6,6,6,6,6,6,6,6,6,6,6,3,0,0,0,1,4,4,4,4,4,4,3,0,0,0,0,0,9,"mfeat-pixel","att60",0.9
0,0,2,4,6,6,6,6,6,5,4,4,1,0,0,2,6,6,6,6,6,6,6,6,6,6,6,6,3,0,4,6,6,6,1,0,0,0,0,4,6,6,6,6,0,6,6,6,1,0,0,0,0,0,2,6,6,6,6,-1.62,6,6,6,5,0,0,0,0,0,1,6,6,6,6,0,6,6,6,3,0,0,0,0,0,3,6,6,6,6,0,2,6,6,6,3,0,0,0,1,5,6,6,5,1,0,0,6,6,6,6,6,4,5,6,6,6,6,3,0,0,3,6,6,6,6,6,6,6,6,6,6,6,3,0,0,4,6,6,6,5,3,2,2,4,6,6,6,6,3,0,6,6,6,6,0,0,0,0,0,1,5,6,6,6,4,6,6,6,6,0,0,0,0,0,0,0,6,6,6,4,6,6,6,6,0,0,0,0,0,0,3,6,6,6,3,6,6,6,6,0,0,0,0,0,4,6,6,6,6,1,5,6,6,6,3,2,3,5,6,6,6,6,6,3,0,0,3,4,4,4,4,4,4,4,4,4,4,1,0,0,9,"mfeat-pixel","att60",0.9
0,0,0,0,1,4,5,6,6,5,3,2,0,0,0,0,0,0,3,6,6,6,6,6,6,6,6,5,1,0,0,0,3,6,6,6,6,5,2,5,6,6,6,4,0,0,0,3,6,6,6,6,1,0,0,5,6,6,6,0.61,0,0,3,6,6,6,6,1,0,0,0,5,6,6,6,0,0,1,5,6,6,6,4,0,0,0,3,6,6,6,0,0,0,0,6,6,6,6,5,1,1,5,6,6,5,0,0,0,5,6,6,6,6,6,6,6,6,6,6,1,0,0,3,6,6,6,4,6,6,6,6,6,6,1,0,0,0,4,6,6,3,0,1,5,6,6,6,3,0,0,0,4,6,6,5,0,0,0,0,4,6,6,6,1,0,3,6,6,6,2,0,0,0,0,3,6,6,6,3,0,5,6,6,4,0,0,0,0,0,6,6,6,6,1,0,6,6,6,5,1,0,0,1,5,6,6,6,3,0,0,4,6,6,6,6,6,6,6,6,6,6,5,0,0,0,0,3,4,4,4,4,4,4,4,4,3,0,0,0,0,9,"mfeat-pixel","att60",0.9
0,0,0,0,1,3,4,5,6,4,6,5,4,3,0,0,0,1,5,6,6,6,6,6,6,6,6,6,6,1,0,3,6,6,6,6,3,2,2,3,5,6,6,6,5,2,6,6,6,6,2,0,0,0,0,0,4,6,6,5.01,3,6,6,6,6,0,0,0,0,0,0,3,6,6,6,2,6,6,6,6,0,0,0,0,0,3,6,6,6,6,0,5,6,6,6,5,4,2,0,3,6,6,6,6,3,0,0,0,4,6,6,6,6,6,6,6,6,6,6,3,0,0,0,3,6,6,6,6,6,6,6,6,6,6,2,0,0,3,6,6,6,5,3,2,5,6,6,6,3,0,0,0,6,6,6,6,0,0,0,0,6,6,6,6,2,0,3,6,6,6,4,0,0,0,0,6,6,6,6,5,0,3,6,6,6,5,0,0,0,0,6,6,6,6,3,0,0,6,6,6,6,1,0,0,1,6,6,6,6,5,0,0,5,6,6,6,6,6,6,6,6,6,6,6,5,0,0,0,2,4,4,4,4,4,4,4,4,4,2,0,9,"mfeat-pixel","att60",0.9
0,0,0,0,2,4,4,4,4,4,1,0,0,0,0,0,3,6,6,6,6,6,6,6,6,6,1,0,0,0,0,6,6,6,6,3,0,1,5,6,6,6,4,1,0,0,6,6,6,4,0,0,0,0,5,6,6,6,3,0.76,0,3,6,6,6,3,0,0,0,0,6,6,6,6,0,0,0,1,6,6,6,6,4,2,5,6,6,6,3,0,0,0,3,6,6,5,4,6,6,6,6,6,6,3,0,0,3,6,6,4,0,0,1,5,6,6,6,6,1,0,0,0,6,6,3,0,0,0,1,5,6,6,4,0,0,0,2,6,6,3,0,0,0,0,2,6,6,6,2,0,0,5,6,6,2,0,0,0,0,0,4,6,6,5,0,0,4,6,6,1,0,0,0,0,0,3,6,6,6,0,0,6,6,6,4,0,0,0,0,0,4,6,6,6,0,0,6,6,6,6,1,0,0,0,3,6,6,6,2,0,0,5,6,6,6,6,4,2,5,6,6,5,1,0,0,0,0,1,3,4,2,4,4,4,2,0,0,0,0,0,9,"mfeat-pixel","att60",0.9
0,0,0,0,2,5,6,6,4,2,0,0,0,0,0,0,3,5,6,5,4,4,6,6,6,6,4,1,0,0,0,5,6,6,0,0,0,0,0,4,6,6,6,2,0,1,5,6,5,0,0,0,0,0,0,5,6,6,6,0.85,6,6,6,4,0,0,0,0,0,0,4,6,6,6,0,2,6,6,6,5,2,0,0,0,2,6,6,6,6,0,0,3,6,6,6,6,6,5,4,6,6,6,6,4,0,0,0,0,4,6,6,6,6,6,6,6,6,6,0,0,0,0,3,6,6,6,6,5,5,6,6,6,6,0,0,0,0,6,6,6,6,5,0,0,3,6,6,6,4,0,0,2,6,6,6,4,0,0,0,0,4,6,6,6,2,0,6,6,6,6,3,0,0,0,0,3,6,6,6,6,0,6,6,6,6,3,0,0,0,0,3,6,6,6,2,0,2,6,6,6,4,0,0,0,1,6,6,6,6,0,0,0,5,6,6,6,6,6,4,6,6,5,2,1,0,0,0,0,0,2,4,4,4,4,4,4,1,0,0,0,9,"mfeat-pixel","att60",0.9
0,0,0,0,0,3,6,6,6,6,4,2,0,0,0,0,0,0,2,5,6,6,6,6,6,6,6,6,3,0,0,0,5,6,6,6,5,4,4,6,6,6,6,6,0,0,0,6,6,6,6,0,0,0,3,6,6,6,6,-2.3,0,1,6,6,6,4,0,0,0,3,6,6,6,6,1,0,3,6,6,6,4,0,0,0,0,6,6,6,6,3,0,0,6,6,6,6,5,4,4,5,6,6,6,6,0,1,5,6,6,6,6,6,6,6,6,6,6,6,3,0,3,6,6,6,6,5,2,2,2,5,6,6,6,3,0,6,6,6,6,4,0,0,0,0,0,6,6,6,4,0,6,6,6,6,1,0,0,0,0,0,5,6,6,6,0,6,6,6,6,2,0,0,0,0,0,0,6,6,6,3,2,6,6,6,3,0,0,0,0,0,0,6,6,6,2,0,2,6,6,6,3,1,0,0,1,5,6,6,6,0,0,0,5,6,6,6,6,4,4,6,6,6,6,6,0,0,0,0,2,4,4,4,4,4,4,4,4,4,3,0,9,"mfeat-pixel","att60",0.9
0,0,3,5,6,6,6,6,4,4,1,0,0,0,0,0,5,6,6,6,5,4,6,6,6,6,2,0,0,0,5,6,6,6,4,0,0,1,6,6,6,6,3,0,0,6,6,6,6,3,0,0,0,5,6,6,6,6,0,1.3,2,6,6,6,1,0,0,0,0,6,6,6,6,0,0,0,6,6,6,6,3,0,0,1,6,6,6,6,0,0,0,1,6,6,6,6,6,6,6,6,6,6,1,0,0,0,0,6,6,6,6,6,6,6,6,6,6,3,0,0,0,5,6,6,6,6,3,2,3,5,6,6,6,5,0,0,4,6,6,6,1,0,0,0,0,4,6,6,6,0,0,0,6,6,6,2,0,0,0,0,3,6,6,6,1,0,0,6,6,6,3,0,0,0,0,3,6,6,6,5,0,0,6,6,6,3,0,0,0,0,3,6,6,6,4,0,0,6,6,6,5,2,0,0,0,4,6,6,6,3,0,0,3,6,6,6,6,6,6,6,6,6,6,3,0,0,0,0,1,4,4,4,4,4,4,4,2,0,0,0,9,"mfeat-pixel","att60",0.9
1,2,2,3,3,3,4,4,2,2,0,0,0,0,0,3,6,6,6,6,6,6,6,6,6,6,2,0,0,0,3,6,6,6,5,2,2,3,6,6,6,6,2,0,0,2,6,6,6,0,0,0,0,1,6,6,6,3,0,-2.42,0,4,6,6,2,0,0,0,0,5,6,6,3,0,0,0,3,6,6,6,3,0,0,0,0,6,6,3,0,0,0,6,6,6,6,6,5,1,0,3,6,6,3,0,0,0,6,6,6,6,6,6,6,6,6,6,3,0,0,0,3,6,6,6,6,5,4,6,6,6,6,0,0,0,0,3,6,6,6,3,0,0,1,5,6,6,5,1,0,0,3,6,6,6,0,0,0,0,0,3,6,6,4,0,0,3,6,6,5,0,0,0,0,0,0,5,6,6,2,0,3,6,6,5,1,0,0,0,0,0,1,6,6,3,0,3,6,6,6,6,3,2,2,2,2,5,6,6,4,0,2,6,6,6,6,6,6,6,6,6,6,6,6,6,0,0,3,4,3,3,3,2,4,4,3,3,4,4,4,0,9,"mfeat-pixel","att60",0.9
0,0,0,0,0,3,4,4,4,4,3,0,0,0,0,0,0,0,1,5,6,6,6,6,6,6,6,4,1,0,0,1,4,6,6,6,3,1,0,3,6,6,6,2,0,0,3,6,6,6,1,0,0,0,0,6,6,6,1,3.2,0,2,6,6,6,5,0,0,0,0,6,6,6,3,0,0,0,4,6,6,6,1,0,0,0,6,6,6,3,0,0,0,2,6,6,6,6,3,2,5,6,6,6,2,0,0,0,1,6,6,6,6,6,6,6,6,6,4,0,0,0,0,5,6,6,6,6,5,4,6,6,6,5,0,0,0,3,6,6,6,6,3,0,0,1,5,6,6,5,0,0,3,6,6,6,3,0,0,0,0,1,6,6,6,3,0,5,6,6,6,1,0,0,0,0,0,5,6,6,3,0,6,6,6,6,3,0,0,0,0,0,1,6,6,2,0,6,6,6,6,6,5,1,0,0,0,3,6,4,0,0,1,2,5,6,6,6,6,4,4,5,6,6,1,0,0,0,0,0,2,2,2,4,4,4,3,2,1,0,0,9,"mfeat-pixel","att60",0.9
0,0,0,3,4,5,5,4,2,0,0,0,0,0,0,0,0,5,6,6,6,6,6,6,6,5,1,0,0,0,0,0,6,6,6,5,2,3,6,6,6,6,0,0,0,0,0,6,6,6,3,0,0,1,5,6,6,4,0,-1.94,0,0,4,6,6,5,0,0,0,1,5,6,6,2,0,0,0,5,6,6,6,5,0,0,0,0,4,6,6,0,0,4,6,6,6,6,6,4,0,0,0,4,6,6,0,1,6,6,6,6,6,6,6,3,2,5,6,6,5,0,3,6,6,5,1,0,3,6,6,6,6,6,5,1,0,3,6,6,0,0,0,0,0,4,6,6,6,5,1,0,3,6,6,0,0,0,0,0,0,3,6,6,6,6,0,3,6,6,1,0,0,0,0,0,0,1,6,6,6,1,3,6,6,6,3,0,0,0,0,0,0,6,6,6,3,1,4,5,6,6,6,3,2,2,3,5,6,6,6,3,0,0,0,5,6,6,6,6,6,6,6,6,5,3,0,0,0,0,0,0,0,2,4,4,3,0,0,0,0,0,9,"mfeat-pixel","att60",0.9
0,0,0,0,0,1,4,3,2,1,0,0,0,0,0,0,0,2,4,5,6,6,6,6,6,5,3,2,0,0,0,3,6,6,6,5,1,0,0,3,6,6,6,4,0,0,4,6,6,6,0,0,0,0,0,6,6,6,6,-0.06,0,3,6,6,6,2,0,0,0,0,3,6,6,6,0,0,2,6,6,6,3,0,0,0,0,3,6,6,5,0,0,0,3,6,6,4,0,0,0,3,6,6,6,3,0,0,1,6,6,6,6,5,4,5,6,6,6,6,1,0,0,3,6,6,6,6,5,3,2,5,6,6,6,2,0,2,6,6,6,6,3,0,0,0,0,6,6,6,6,0,2,6,6,6,3,0,0,0,0,0,4,6,6,6,2,0,6,6,6,3,0,0,0,0,1,6,6,6,6,2,0,5,6,6,4,0,0,0,0,3,6,6,6,6,0,0,1,6,6,6,5,2,1,1,5,6,6,6,6,0,0,0,2,6,6,6,6,6,6,6,6,6,6,2,0,0,0,0,0,2,4,4,3,2,4,2,2,1,0,0,9,"mfeat-pixel","att60",0.9
1,4,4,4,4,6,4,6,4,4,1,0,0,0,0,5,6,6,6,6,6,6,6,6,6,5,0,0,0,0,5,6,6,6,3,2,3,6,6,6,6,3,0,0,0,3,6,6,6,1,0,0,4,6,6,6,3,0,0,0.55,3,6,6,6,3,0,0,3,6,6,6,3,0,0,0,2,6,6,6,6,2,0,0,6,6,6,3,0,0,0,0,4,6,6,6,6,3,3,6,6,6,3,0,0,0,0,4,6,6,6,6,6,6,6,6,6,2,0,0,0,2,6,6,6,6,6,6,6,6,6,6,1,0,0,0,2,6,6,6,3,3,5,6,6,6,6,6,1,0,0,0,6,6,6,2,0,0,3,5,6,6,6,6,4,1,1,6,6,6,5,0,0,0,0,1,5,6,6,6,3,3,6,6,6,5,0,0,0,0,0,3,6,6,6,4,0,5,6,6,6,5,4,2,2,4,6,6,6,6,4,0,2,6,6,6,6,6,6,6,6,6,6,6,6,2,0,0,1,4,4,4,4,4,4,4,4,4,2,0,0,9,"mfeat-pixel","att60",0.9
0,0,1,4,4,4,4,4,4,4,4,2,2,1,0,0,0,3,6,6,6,6,3,3,5,6,6,6,6,1,0,0,3,6,6,6,3,0,0,0,3,6,6,6,3,0,0,1,6,6,6,1,0,0,0,0,1,6,6,4.39,0,0,0,4,6,6,3,0,0,0,0,3,6,6,3,0,0,0,6,6,6,6,1,0,0,0,3,6,6,3,0,0,0,6,6,6,6,6,3,1,1,5,6,6,3,0,0,2,6,6,6,6,6,6,6,6,6,6,6,1,0,0,3,6,6,6,6,6,6,6,6,6,6,4,0,0,1,6,6,6,5,1,1,3,6,6,6,6,5,0,0,4,6,6,6,2,0,0,0,1,5,6,6,4,0,2,6,6,6,2,0,0,0,0,0,3,6,6,6,2,3,6,6,6,1,0,0,0,0,0,3,6,6,6,3,3,6,6,6,5,1,0,0,0,1,5,6,6,5,0,2,6,6,6,6,6,6,6,6,6,6,6,6,2,0,0,1,4,4,4,4,4,4,4,4,2,4,1,0,0,9,"mfeat-pixel","att60",0.9
0,0,0,0,0,1,3,4,4,4,6,5,0,0,0,0,0,0,2,4,6,6,6,6,6,6,6,1,0,0,0,0,3,6,6,6,6,4,4,6,6,6,6,3,0,0,0,3,6,6,6,3,0,0,1,6,6,6,6,-0.16,0,0,3,6,6,6,4,0,0,0,6,6,6,6,3,0,0,1,5,6,6,6,5,4,5,6,6,6,5,0,0,0,0,0,1,6,6,6,6,6,6,6,5,0,0,0,0,5,6,5,5,5,6,6,6,6,6,3,0,0,0,5,6,6,5,0,0,2,3,6,6,6,6,2,0,1,6,6,5,1,0,0,0,0,1,5,6,6,6,2,3,6,6,3,0,0,0,0,0,0,1,5,6,6,4,3,6,6,6,0,0,0,0,0,0,0,1,6,6,6,6,6,6,6,0,0,0,0,0,0,0,0,6,6,4,1,6,6,6,5,1,0,2,2,2,4,5,6,6,3,0,2,6,6,6,6,6,6,6,6,6,6,5,4,1,0,0,1,3,4,4,4,4,4,4,4,3,0,0,0,9,"mfeat-pixel","att60",0.9
0,3,4,4,4,4,4,4,4,4,4,4,4,1,0,2,6,6,6,5,4,4,6,6,6,6,6,6,5,0,3,6,6,4,0,0,0,0,0,1,5,6,6,6,0,0,5,6,6,2,0,0,0,0,0,1,6,6,6,-0.4,0,1,6,6,6,1,0,0,0,0,3,6,6,6,0,0,0,6,6,6,6,3,0,0,0,3,6,6,4,0,0,0,2,6,6,6,6,6,3,3,6,6,6,3,0,0,0,0,6,6,6,6,6,6,6,6,6,6,6,0,0,0,0,6,6,6,6,6,5,5,6,6,6,3,0,0,0,0,6,6,6,6,4,0,0,3,6,6,4,0,0,0,0,6,6,6,6,0,0,0,0,2,6,6,2,0,0,0,6,6,6,2,0,0,0,0,0,5,6,3,0,0,1,6,6,6,0,0,0,0,0,0,1,6,3,0,0,2,6,6,6,1,0,0,0,0,0,1,6,3,0,0,0,4,4,4,6,4,4,4,4,4,6,6,2,0,0,0,0,0,0,0,2,2,3,4,4,3,2,0,9,"mfeat-pixel","att60",0.9
0,0,0,0,0,0,0,1,3,6,3,1,0,0,0,0,0,0,0,0,1,5,6,6,6,6,6,5,1,0,0,0,0,0,3,6,6,6,6,6,6,6,6,6,0,0,0,0,5,6,6,6,5,3,3,6,6,6,6,-0.41,0,0,0,6,6,6,6,0,0,0,2,6,6,6,6,0,0,1,6,6,6,6,4,0,0,0,6,6,6,5,0,0,3,6,6,6,6,6,0,0,2,6,6,6,1,0,0,5,6,6,6,6,6,5,4,6,6,6,5,0,0,5,6,6,6,6,6,6,6,6,6,6,6,1,0,0,6,6,6,6,3,3,6,6,6,6,6,6,0,0,1,6,6,6,1,0,0,1,5,6,6,6,6,0,0,5,6,6,6,0,0,0,0,0,1,6,6,6,0,0,6,6,6,6,1,0,0,0,0,1,6,6,6,3,0,4,6,6,6,6,3,2,2,3,6,6,6,4,0,0,0,5,6,6,6,6,6,6,6,6,6,3,0,0,0,0,0,1,3,4,4,4,4,4,4,3,0,0,0,0,9,"mfeat-pixel","att60",0.9
0,1,4,4,4,2,4,4,4,4,4,3,1,0,0,1,6,6,6,6,5,1,0,1,5,6,6,6,2,0,1,6,6,6,6,1,0,0,0,0,4,6,6,3,0,0,1,6,6,6,6,4,0,0,0,2,6,6,4,1.47,0,0,3,6,6,6,6,3,0,0,1,6,6,6,0,0,0,3,6,6,6,6,6,6,4,6,6,6,3,0,0,0,3,6,6,5,1,1,3,6,6,6,6,3,0,0,1,6,6,5,0,0,0,0,1,6,6,6,3,0,0,3,6,6,3,0,0,0,0,0,3,6,6,5,0,0,3,6,6,3,0,0,0,0,0,3,6,6,6,3,0,6,6,4,0,0,0,0,0,0,6,6,6,6,3,0,4,6,6,2,0,0,0,0,0,3,6,6,6,3,0,3,6,6,3,0,0,0,0,0,0,1,6,6,3,0,3,6,6,6,3,2,2,1,0,1,5,6,5,0,0,2,6,6,6,6,6,6,6,6,6,6,6,3,0,0,0,1,2,2,2,2,2,2,4,4,3,2,1,0,9,"mfeat-pixel","att60",0.9
0,0,0,2,4,4,6,6,6,6,4,2,0,0,0,0,3,6,6,4,2,2,2,2,5,6,6,6,2,0,0,6,6,3,0,0,0,0,0,0,6,6,6,4,0,0,6,6,6,0,0,0,0,0,0,3,6,6,6,-2.43,0,6,6,6,1,0,0,0,0,0,0,6,6,6,2,0,5,6,6,6,3,2,2,2,0,0,4,6,6,6,0,1,6,6,6,6,6,6,6,6,6,6,6,6,4,0,1,6,6,6,6,6,5,4,6,6,6,6,6,0,0,5,6,6,6,3,0,0,0,1,5,6,6,6,1,0,6,6,6,6,0,0,0,0,0,0,4,6,6,5,0,6,6,6,6,0,0,0,0,0,0,3,6,6,6,0,4,6,6,6,2,0,0,0,0,0,3,6,6,6,0,0,6,6,6,3,0,0,0,0,0,1,6,6,6,0,0,6,6,6,4,0,0,0,0,3,5,6,6,2,0,0,1,4,6,6,5,4,4,5,6,6,6,3,0,0,0,0,0,1,3,4,4,4,4,4,2,0,0,0,9,"mfeat-pixel","att60",0.9
1,4,5,6,5,1,0,0,0,0,0,0,0,0,0,6,6,6,6,6,5,1,0,0,0,0,0,0,0,0,6,6,6,4,5,6,5,1,0,0,0,0,0,0,0,3,6,4,0,0,5,6,4,0,0,0,0,0,0,2.2,3,6,6,5,2,5,6,6,1,0,0,0,0,0,0,0,4,6,6,6,6,6,6,5,0,0,0,0,0,0,0,0,3,6,6,6,6,6,6,1,0,0,0,0,0,0,0,0,1,5,6,6,6,6,5,1,0,0,0,0,0,0,0,0,3,6,6,6,6,6,6,3,0,0,0,0,0,0,0,2,6,6,4,2,5,6,6,2,0,0,0,0,0,0,0,6,6,3,0,1,6,6,5,1,0,0,0,0,0,0,6,6,6,1,0,1,5,6,6,2,0,0,0,0,0,1,6,6,5,0,0,4,6,6,5,0,0,0,0,0,0,2,6,6,5,5,6,6,6,4,0,0,0,0,0,0,0,5,6,6,6,6,6,3,0,0,0,0,0,0,0,0,0,3,4,4,2,0,0,0,9,"mfeat-pixel","att60",0.9
0,0,3,5,6,6,6,6,6,5,4,1,0,0,0,0,4,6,6,5,2,2,2,4,6,6,6,4,1,0,0,6,6,6,3,0,0,0,0,1,6,6,6,6,1,0,6,6,6,3,0,0,0,0,0,3,6,6,6,7.32,0,5,6,6,3,0,0,0,0,0,1,6,6,6,6,0,1,6,6,6,1,0,0,0,0,1,6,6,6,6,0,0,6,6,6,6,4,4,4,4,6,6,6,6,5,0,4,6,6,6,6,6,6,6,6,6,6,5,2,0,3,6,6,6,5,2,2,4,6,6,6,6,1,0,0,0,6,6,6,0,0,0,0,0,4,6,6,6,0,0,0,6,6,6,3,0,0,0,0,1,6,6,6,1,0,0,6,6,6,3,0,0,0,0,1,6,6,6,5,0,0,5,6,6,3,0,0,0,0,3,6,6,6,2,0,0,3,6,6,5,0,0,0,1,5,6,6,6,0,0,0,0,3,6,6,5,2,3,6,6,6,6,5,0,0,0,0,0,1,4,4,4,4,4,4,4,2,0,0,0,9,"mfeat-pixel","att60",0.9
0,0,0,5,6,6,6,6,6,6,6,6,6,6,5,0,0,0,2,6,6,6,6,6,4,4,4,6,6,6,0,0,0,0,2,6,6,6,3,0,0,0,3,6,6,0,0,0,0,0,4,6,6,3,0,0,0,3,6,6.26,0,0,0,0,1,6,6,6,6,1,0,0,3,6,6,0,0,0,1,6,6,6,6,6,4,0,0,4,6,6,0,0,0,3,6,4,0,4,6,6,5,5,6,6,3,0,0,1,6,6,3,0,3,6,6,6,6,6,5,0,0,0,3,6,6,1,0,1,6,6,6,6,6,1,0,0,0,4,6,3,0,0,0,3,6,6,6,3,0,0,0,2,6,6,3,0,0,0,2,6,6,6,3,0,0,0,3,6,6,3,0,0,0,0,4,6,6,3,0,0,0,4,6,6,2,0,0,0,0,3,6,6,4,0,0,3,6,6,4,0,0,0,0,0,3,6,6,6,0,0,3,6,6,6,4,4,4,4,4,6,6,6,3,0,0,1,4,4,4,4,4,4,4,4,4,4,4,2,0,0,9,"mfeat-pixel","att60",0.9
0,0,0,0,0,3,6,5,4,6,4,4,3,0,0,0,0,0,2,5,6,6,6,4,6,6,6,6,5,0,0,1,5,6,6,6,5,1,0,1,5,6,6,6,5,0,3,6,6,6,6,1,0,0,0,0,4,6,6,6.66,0,0,3,6,6,6,6,2,0,0,0,3,6,6,6,0,0,0,3,6,6,6,4,0,0,0,3,6,6,5,0,0,3,6,6,6,6,6,6,4,4,6,6,6,3,0,4,6,6,6,3,2,5,6,6,6,6,6,6,2,0,6,6,6,6,0,0,0,3,6,6,6,6,6,0,0,6,6,6,4,0,0,0,0,3,6,6,6,6,0,0,6,6,6,3,0,0,0,0,0,1,5,6,6,4,4,6,6,6,3,0,0,0,0,0,0,3,6,6,6,6,6,6,6,5,0,0,0,0,0,0,4,6,6,6,2,6,6,6,6,4,0,0,0,1,5,6,6,6,2,0,3,4,6,6,6,5,5,6,6,6,6,6,2,0,0,0,0,0,2,4,4,4,4,4,4,3,1,0,0,9,"mfeat-pixel","att60",0.9
3,4,6,6,4,4,4,6,3,0,0,0,0,0,0,6,6,6,6,6,6,6,6,6,5,1,0,0,0,0,6,6,6,6,6,5,5,6,6,6,5,0,0,0,0,4,6,6,6,6,0,0,5,6,6,6,2,0,0,2.17,0,6,6,6,6,2,0,1,6,6,6,3,0,0,0,0,6,6,6,6,6,0,0,6,6,6,6,1,0,0,0,2,6,6,6,6,5,5,6,6,6,6,3,0,0,0,0,6,6,6,6,6,6,6,6,6,6,0,0,0,0,3,6,6,6,6,6,6,6,6,6,6,4,0,0,0,3,6,6,6,3,0,1,5,6,6,6,6,2,0,0,6,6,6,6,0,0,0,0,5,6,6,6,6,1,0,6,6,6,5,0,0,0,0,0,3,6,6,6,5,0,6,6,6,1,0,0,0,0,0,0,6,6,6,6,0,6,6,6,1,0,0,0,0,1,5,6,6,6,6,0,4,6,6,6,6,6,6,6,6,6,6,6,6,3,0,0,4,4,4,4,4,4,4,4,4,4,3,1,0,9,"mfeat-pixel","att60",0.9
0,0,0,0,3,6,6,6,6,6,4,4,3,0,0,0,0,0,5,6,6,6,6,6,6,6,6,6,2,0,0,0,3,6,6,6,5,2,3,6,6,6,6,6,0,0,0,2,6,6,6,5,1,0,1,6,6,6,6,0.21,0,0,0,6,6,6,6,6,3,3,6,6,6,6,5,0,0,0,1,6,6,6,6,6,6,6,6,6,6,2,0,0,0,0,4,6,6,6,6,6,6,6,6,2,0,0,0,0,3,6,5,3,1,1,5,6,6,6,2,0,0,0,3,6,6,0,0,0,0,0,5,6,6,6,1,0,2,6,6,5,0,0,0,0,0,1,5,6,6,5,0,6,6,6,3,0,0,0,0,0,0,1,6,6,6,1,6,6,6,2,0,0,0,0,0,0,4,6,6,6,5,6,6,6,3,0,0,0,0,0,3,6,6,6,5,4,6,6,6,6,6,6,5,4,5,6,6,6,5,0,0,5,6,6,6,6,6,6,6,6,6,6,5,0,0,0,0,1,3,4,4,4,4,4,3,1,0,0,0,0,9,"mfeat-pixel","att60",0.9
0,0,3,4,4,5,6,6,6,6,6,3,0,0,0,1,5,6,6,5,3,2,3,6,6,6,6,5,0,0,2,6,6,6,0,0,0,0,1,6,6,6,6,0,0,0,6,6,6,0,0,0,0,0,6,6,6,6,3,1.94,0,6,6,6,3,0,0,0,0,6,6,6,5,0,0,0,5,6,6,6,4,0,0,0,6,6,6,3,0,0,0,0,5,6,6,6,5,2,5,6,6,6,5,0,0,0,0,4,6,6,6,6,6,6,6,6,6,5,1,0,1,5,6,6,3,2,2,2,2,4,6,6,6,6,0,5,6,6,6,0,0,0,0,0,0,1,5,6,6,0,6,6,6,6,0,0,0,0,0,0,0,3,6,6,3,4,6,6,6,0,0,0,0,0,0,0,3,6,6,3,0,6,6,6,3,0,0,0,0,0,2,5,6,6,2,0,2,6,6,6,5,1,0,1,5,6,6,6,6,0,0,0,4,6,6,6,6,4,6,6,6,6,6,5,0,0,0,0,3,4,4,4,4,4,4,4,4,3,0,0,9,"mfeat-pixel","att60",0.9
0,0,1,3,4,4,4,4,4,4,4,4,4,2,0,0,0,3,6,6,6,6,6,6,6,6,6,6,6,1,0,0,3,6,6,6,6,3,0,1,5,6,6,6,3,0,0,3,6,6,6,3,0,0,0,1,6,6,6,3.61,0,0,3,6,6,6,3,0,0,0,0,6,6,6,3,0,0,3,6,6,6,5,0,0,0,0,6,6,6,3,0,0,3,6,6,6,6,3,0,0,0,6,6,6,3,0,3,6,6,6,6,6,6,3,2,5,6,6,6,3,3,6,6,6,6,6,6,6,6,6,6,6,6,5,0,3,6,6,6,6,4,6,6,6,6,6,6,6,3,0,3,6,6,6,1,0,1,5,6,6,6,6,6,3,0,3,6,6,6,0,0,0,2,6,6,6,6,5,0,0,2,6,6,6,0,0,0,0,4,6,6,6,3,0,0,0,4,6,6,5,2,2,3,6,6,6,6,3,0,0,0,2,6,6,6,6,6,6,6,6,6,6,2,0,0,0,0,1,2,3,4,4,4,4,4,3,0,0,0,0,9,"mfeat-pixel","att60",0.9
0,3,6,6,6,6,6,6,6,5,4,3,0,0,0,0,6,6,6,6,6,6,6,6,6,6,6,5,0,0,0,6,6,6,6,4,0,2,4,6,6,6,6,2,0,0,6,6,6,6,4,0,0,0,3,6,6,6,3,2.51,0,5,6,6,6,6,3,0,0,3,6,6,6,3,0,0,3,6,6,6,6,6,5,2,5,6,6,6,3,0,0,6,6,6,6,6,6,6,6,6,6,6,6,2,0,0,6,6,6,3,3,6,6,6,6,6,6,6,0,0,0,6,6,6,0,0,0,2,5,6,6,6,6,3,0,3,6,6,6,0,0,0,0,0,5,6,6,6,6,3,0,6,6,6,0,0,0,0,0,0,3,6,6,6,6,0,6,6,6,0,0,0,0,0,0,0,6,6,6,2,0,6,6,6,0,0,0,0,0,0,1,6,6,6,0,0,6,6,6,5,2,0,0,0,0,4,6,6,5,0,0,5,6,6,6,6,6,4,4,6,6,6,5,1,0,0,1,4,4,4,4,4,4,4,4,4,4,1,0,0,9,"mfeat-pixel","att60",0.9
0,2,2,3,4,4,4,4,4,2,0,0,0,0,0,0,6,6,6,6,6,6,6,6,6,5,1,0,0,0,3,6,6,6,5,2,2,3,6,6,6,5,0,0,0,3,6,6,6,0,0,0,0,3,6,6,6,0,0,0.32,3,6,6,6,0,0,0,0,3,6,6,6,0,0,0,0,6,6,6,1,0,0,0,3,6,6,6,0,0,0,0,6,6,6,2,0,0,0,3,6,6,6,0,0,0,0,6,6,6,2,0,0,1,6,6,6,2,0,0,0,0,2,6,6,6,3,3,6,6,6,6,0,0,0,0,0,0,1,6,6,6,6,6,6,6,6,4,0,0,0,0,0,3,6,6,6,4,4,6,6,6,6,1,0,0,0,4,6,6,5,1,0,0,1,5,6,6,6,4,0,0,6,6,6,3,0,0,0,0,0,4,6,6,6,0,0,6,6,6,4,0,0,0,0,0,1,6,6,6,0,0,6,6,6,6,5,3,2,3,4,6,6,6,6,1,0,3,4,4,4,4,2,2,4,4,4,4,4,4,2,9,"mfeat-pixel","att60",0.9
0,0,0,0,3,6,5,4,2,0,0,0,0,0,0,0,0,0,3,6,6,6,6,6,6,5,1,0,0,0,0,0,4,6,6,6,6,6,6,6,6,6,2,0,0,0,5,6,6,6,3,0,0,4,6,6,6,3,0,-1.16,0,6,6,6,6,1,0,1,5,6,6,6,3,0,0,0,6,6,6,6,6,6,6,6,6,6,6,3,0,0,0,5,6,6,6,6,6,6,6,6,6,6,1,0,0,0,0,6,6,6,6,6,6,6,6,6,6,1,0,0,0,3,6,6,5,2,2,2,3,6,6,6,6,3,0,0,5,6,6,1,0,0,0,0,0,3,6,6,6,1,3,6,6,3,0,0,0,0,0,0,0,3,6,6,3,3,6,6,6,1,0,0,0,0,0,0,3,6,6,3,6,6,6,6,4,0,0,0,0,0,3,6,6,6,5,3,6,6,6,6,5,4,2,2,5,6,6,6,5,1,1,5,6,6,6,6,6,6,6,6,6,6,5,1,0,0,0,2,4,4,4,4,4,4,4,4,2,0,0,0,9,"mfeat-pixel","att60",0.9
0,0,1,2,3,4,4,4,4,3,2,0,0,0,0,0,2,6,6,6,6,6,6,6,6,6,6,3,0,0,1,6,6,6,3,1,0,0,3,6,6,6,6,0,0,3,6,6,3,0,0,0,0,0,6,6,6,6,1,5.09,3,6,6,3,0,0,0,0,0,1,6,6,6,3,0,3,6,6,6,3,0,0,0,0,3,6,6,6,3,0,0,5,6,6,6,5,2,3,5,6,6,6,6,3,0,0,3,6,6,6,6,6,6,6,6,6,6,6,4,0,0,4,6,6,6,5,1,0,1,3,6,6,6,6,2,2,6,6,6,4,0,0,0,0,0,1,6,6,6,3,2,6,6,6,4,0,0,0,0,0,3,6,6,6,2,0,4,6,6,6,1,0,0,0,0,1,6,6,6,0,0,3,6,6,6,6,2,0,0,0,3,6,6,4,0,0,0,6,6,6,6,6,3,2,5,6,6,6,3,0,0,0,3,6,6,6,6,6,6,6,6,3,0,0,0,0,0,0,1,2,2,2,2,2,2,2,0,0,0,0,9,"mfeat-pixel","att60",0.9
0,0,2,2,2,2,3,3,2,2,2,0,0,0,0,0,3,6,6,6,6,6,6,6,6,6,5,1,0,0,0,3,6,6,5,2,2,0,1,5,6,6,5,0,0,0,6,6,6,0,0,0,0,0,0,6,6,6,0,1.23,0,6,6,6,0,0,0,0,0,0,6,6,6,0,0,0,6,6,6,2,0,0,0,0,0,6,6,6,0,0,0,4,6,6,6,2,0,0,0,0,6,6,6,2,0,0,4,6,6,6,6,3,0,0,0,5,6,6,2,0,0,6,6,6,6,6,6,6,4,5,6,6,6,2,0,1,6,6,6,5,5,6,6,6,6,6,6,6,6,0,1,6,6,4,0,0,1,4,4,6,6,6,6,6,0,0,6,6,5,1,0,0,0,0,1,5,6,6,6,0,0,5,6,6,5,0,0,0,0,0,1,5,6,6,3,0,1,6,6,6,5,1,0,0,0,0,4,6,6,3,0,0,5,6,6,6,6,4,4,4,5,6,6,6,0,0,0,0,3,4,4,4,4,4,4,4,4,4,3,0,9,"mfeat-pixel","att60",0.9
0,1,2,4,4,4,4,4,4,4,4,2,0,0,0,0,5,6,6,6,6,6,6,6,6,6,6,0,0,0,0,3,6,6,6,5,1,1,5,6,6,6,0,0,0,0,2,6,6,6,1,0,0,3,6,6,5,0,0,2.92,0,0,4,6,6,6,3,1,5,6,6,3,0,0,0,0,0,2,6,6,6,6,6,6,6,6,3,0,0,0,0,0,0,4,6,6,6,6,6,6,6,6,1,0,0,0,0,1,6,6,6,6,6,6,6,6,6,3,0,0,0,0,1,6,6,6,6,4,5,6,6,6,4,0,0,0,0,0,6,6,6,1,0,0,3,6,6,6,4,0,0,0,3,6,6,3,0,0,0,0,5,6,6,4,0,0,0,3,6,6,3,0,0,0,0,0,6,6,5,0,0,0,1,6,6,5,0,0,0,0,2,6,6,6,0,0,0,0,3,6,6,5,1,0,1,5,6,6,6,2,0,0,0,2,5,6,6,6,6,6,6,6,6,6,1,0,0,0,0,0,1,4,4,4,4,2,4,4,1,0,9,"mfeat-pixel","att60",0.9
0,0,0,0,0,0,2,2,3,3,2,1,0,0,0,0,0,0,1,3,6,6,6,6,6,6,6,4,1,0,0,0,2,6,6,6,5,1,1,5,6,6,6,6,2,0,0,3,6,6,6,0,0,0,0,6,6,6,6,0.63,0,0,1,6,6,6,0,0,0,0,6,6,6,6,3,0,0,0,6,6,6,0,0,0,0,6,6,6,6,2,0,0,0,5,6,6,5,2,2,5,6,6,6,3,0,0,0,0,4,6,6,6,6,6,6,6,6,4,0,0,0,0,4,6,6,6,6,6,6,6,6,6,3,0,0,0,3,6,6,6,5,2,3,6,6,6,6,3,0,0,0,3,6,6,6,0,0,0,1,6,6,6,5,0,0,0,5,6,6,6,0,0,0,0,3,6,6,6,5,0,0,5,6,6,6,1,0,0,0,3,6,6,6,6,2,0,0,5,6,6,6,4,3,3,6,6,6,6,6,0,0,0,0,3,6,6,6,6,6,6,6,6,6,3,0,0,0,0,0,1,2,3,4,4,4,4,2,1,0,0,9,"mfeat-pixel","att60",0.9
0,0,0,0,0,0,3,4,4,4,3,2,0,0,0,0,0,0,0,1,5,6,6,6,6,6,6,5,1,0,0,0,0,0,4,6,6,6,6,6,6,6,6,5,0,0,0,0,2,6,6,6,5,1,0,3,6,6,6,0.94,0,0,0,4,6,6,6,2,0,0,0,6,6,6,3,0,0,0,6,6,6,6,1,0,0,0,6,6,6,1,0,0,1,6,6,6,6,5,1,0,3,6,6,6,0,0,1,6,6,6,6,6,6,6,6,6,6,6,6,0,0,6,6,6,6,6,6,6,6,6,6,6,6,3,0,0,6,6,6,3,0,0,3,5,6,6,6,6,4,0,0,6,6,5,0,0,0,0,0,3,6,6,6,6,0,1,6,6,3,0,0,0,0,0,0,3,6,6,6,0,2,6,6,6,3,0,0,0,0,3,6,6,6,6,0,0,6,6,6,6,5,2,2,5,6,6,6,6,2,0,0,4,6,6,6,6,6,6,6,6,5,3,0,0,0,0,0,0,2,2,3,4,4,3,2,0,0,0,0,0,9,"mfeat-pixel","att60",0.9
0,0,0,0,2,2,4,4,4,4,2,2,0,0,0,0,0,1,5,6,6,6,6,6,6,6,6,1,0,0,0,3,6,6,6,3,2,2,2,5,6,6,6,4,0,2,6,6,6,2,0,0,0,0,0,4,6,6,6,1.32,0,6,6,6,0,0,0,0,0,0,3,6,6,4,0,0,5,6,6,5,2,2,1,0,3,6,6,5,0,0,0,1,5,6,6,6,6,6,6,6,6,5,1,0,0,0,0,4,6,6,6,6,6,6,6,6,5,1,0,0,0,2,6,6,6,3,0,1,2,5,6,6,5,1,0,0,6,6,6,4,0,0,0,0,0,4,6,6,6,0,2,6,6,6,3,0,0,0,0,0,0,6,6,6,1,0,6,6,6,6,0,0,0,0,0,0,6,6,6,3,0,6,6,6,6,3,0,0,0,0,2,6,6,6,3,0,5,6,6,6,6,5,2,2,3,6,6,6,6,0,0,1,5,6,6,6,6,6,6,6,6,6,5,1,0,0,0,0,3,4,4,4,4,4,4,3,2,0,0,0,9,"mfeat-pixel","att60",0.9
0,0,0,0,2,5,5,4,4,2,0,0,0,0,0,0,1,5,6,6,6,6,6,6,6,6,5,1,0,0,2,6,6,6,5,1,0,1,5,6,6,6,6,1,0,5,6,6,6,4,0,0,0,3,6,6,6,6,3,1.73,2,6,6,6,6,3,0,0,1,6,6,6,6,3,0,1,6,6,6,6,6,6,6,6,6,6,6,6,3,0,5,6,6,6,6,6,6,6,6,6,6,6,6,0,0,6,6,6,6,5,2,2,4,6,6,6,6,6,2,0,6,6,6,6,3,0,0,0,0,3,6,6,6,5,0,6,6,6,6,4,0,0,0,0,0,4,6,6,6,3,5,6,6,6,6,2,0,0,0,0,3,6,6,6,5,1,5,6,6,6,5,1,0,0,0,5,6,6,6,3,0,0,6,6,6,6,6,4,1,1,6,6,6,6,2,0,0,6,6,6,6,6,6,6,6,6,6,6,3,0,0,0,1,5,6,6,6,6,6,6,6,6,2,0,0,0,0,0,0,2,4,4,4,4,4,4,1,0,0,0,9,"mfeat-pixel","att60",0.9
0,0,0,0,3,4,6,6,3,1,0,0,0,0,0,0,0,0,5,6,6,6,6,6,6,6,5,1,0,0,0,1,5,6,6,4,0,0,3,6,6,6,5,0,0,0,5,6,6,6,2,0,0,0,2,6,6,6,4,1.05,0,6,6,6,6,0,0,0,0,0,6,6,6,6,3,0,6,6,6,6,4,0,0,0,0,6,6,6,6,1,0,2,6,6,6,6,5,4,4,5,6,6,6,3,0,0,0,6,6,6,6,6,6,6,6,6,6,6,4,0,0,2,6,6,6,6,5,4,4,6,6,6,6,6,1,1,6,6,6,6,4,0,0,0,1,5,6,6,6,5,5,6,6,6,6,0,0,0,0,0,1,6,6,6,6,6,6,6,6,6,0,0,0,0,0,3,6,6,6,6,6,6,6,6,6,1,0,0,0,0,3,6,6,6,4,5,6,6,6,6,6,3,2,2,3,6,6,6,5,0,1,5,6,6,6,6,6,6,6,6,6,6,3,0,0,0,0,1,3,4,4,4,4,4,4,3,1,0,0,0,9,"mfeat-pixel","att60",0.9
0,0,1,2,2,3,4,2,4,3,2,0,0,0,0,0,0,5,6,6,6,6,6,6,6,6,6,4,3,0,0,2,6,6,6,6,5,2,4,4,6,6,6,6,2,0,0,6,6,6,6,0,0,0,0,1,6,6,6,2.97,0,0,5,6,6,6,0,0,0,0,2,6,6,6,3,0,0,2,6,6,6,4,0,0,1,6,6,6,6,0,0,0,0,1,6,6,6,5,4,6,6,6,6,5,0,0,0,1,5,6,6,6,6,6,6,6,6,6,1,0,0,0,5,6,6,6,4,1,0,1,5,6,6,6,2,0,4,6,6,5,1,0,0,0,0,1,6,6,6,3,2,6,6,6,0,0,0,0,0,0,0,4,6,6,1,3,6,6,6,0,0,0,0,0,0,0,3,6,6,0,3,6,6,6,0,0,0,0,0,0,1,6,6,6,0,0,4,6,6,5,2,1,0,1,3,6,6,5,1,0,0,0,3,6,6,6,6,6,6,6,5,3,0,0,0,0,0,0,0,2,3,4,2,2,2,0,0,0,0,0,9,"mfeat-pixel","att60",0.9
0,3,4,4,4,5,6,6,6,6,5,1,0,0,0,5,6,6,6,6,5,2,3,5,6,6,6,3,0,0,6,6,6,6,4,0,0,0,0,3,6,6,6,1,0,6,6,6,6,3,0,0,0,0,0,4,6,6,6,2.11,6,6,6,6,3,0,0,0,0,0,3,6,6,6,6,2,6,6,6,5,2,1,0,0,0,3,6,6,6,6,0,3,4,6,6,6,6,0,0,0,3,6,6,6,4,0,0,0,1,6,6,6,5,2,2,5,6,6,6,0,0,0,0,1,6,6,6,6,6,6,6,6,6,3,0,0,0,0,3,6,6,6,6,6,6,6,5,1,0,0,0,1,4,6,6,5,2,5,6,6,6,3,0,0,0,0,6,6,6,6,1,0,0,1,3,6,6,4,3,0,0,6,6,6,3,0,0,0,0,0,3,6,6,6,0,0,4,6,6,5,0,0,0,0,0,4,6,6,6,2,0,0,6,6,6,5,4,5,6,6,6,6,6,6,5,0,0,4,4,4,4,4,4,4,4,4,4,4,3,0,9,"mfeat-pixel","att60",0.9
0,2,2,2,3,3,2,2,0,0,0,0,0,0,0,3,6,6,6,6,6,6,6,6,3,0,0,0,0,0,3,6,6,6,3,2,5,6,6,6,4,0,0,0,0,3,6,6,1,0,0,0,3,6,6,6,0,0,0,-0.99,3,6,6,4,0,0,0,0,5,6,6,1,0,0,0,3,6,6,6,0,0,0,0,4,6,6,2,0,0,0,0,6,6,6,5,0,0,0,6,6,6,0,0,0,0,0,6,6,6,6,5,2,5,6,6,6,0,0,0,0,0,6,6,6,6,6,6,6,6,6,6,0,0,0,0,0,6,6,6,6,6,6,6,6,6,6,0,0,0,0,3,6,6,5,1,0,3,6,6,6,6,3,0,0,0,2,6,6,0,0,0,0,1,5,6,6,6,5,1,0,0,6,6,1,0,0,0,0,1,6,6,6,6,5,0,0,6,6,5,1,0,0,0,1,6,6,6,6,6,3,0,4,6,6,6,4,4,4,6,6,6,6,6,6,0,0,0,4,4,4,4,4,4,4,4,4,4,3,2,0,9,"mfeat-pixel","att60",0.9
0,0,0,3,4,6,6,6,4,4,4,3,0,0,0,0,0,0,6,6,6,6,6,6,6,6,6,5,0,0,0,0,2,6,6,6,6,5,5,6,6,6,6,0,0,0,0,3,6,6,6,3,0,0,6,6,6,6,0,1.99,0,2,6,6,6,6,0,0,0,6,6,6,6,0,0,0,2,6,6,6,6,5,1,1,6,6,6,2,0,0,0,0,6,6,6,6,6,6,6,6,6,6,1,0,0,0,0,6,6,6,6,6,6,6,6,6,6,6,3,0,0,0,6,6,6,6,3,1,1,5,6,6,6,6,0,0,2,6,6,6,1,0,0,0,0,4,6,6,6,1,0,6,6,6,4,0,0,0,0,0,5,6,6,6,2,0,6,6,6,0,0,0,0,0,0,6,6,6,3,0,3,6,6,6,1,0,0,0,0,1,6,6,6,0,0,1,6,6,6,6,4,4,4,4,6,6,6,2,0,0,0,6,6,6,6,6,6,6,6,6,6,5,0,0,0,0,4,4,4,4,4,4,4,4,3,1,0,0,0,0,9,"mfeat-pixel","att60",0.9
0,0,0,3,6,6,6,6,6,5,3,0,0,0,0,0,0,5,6,6,5,2,5,6,6,6,1,0,0,0,0,3,6,6,6,3,0,0,4,6,6,5,1,0,0,0,3,6,6,6,3,0,0,2,6,6,6,5,0,-1.62,0,2,6,6,6,6,3,0,0,4,6,6,6,2,0,0,0,3,6,6,6,6,6,4,6,6,6,6,2,0,0,0,4,6,6,6,6,4,6,6,6,6,6,2,0,0,2,6,6,6,5,1,0,1,5,6,6,6,2,0,0,3,6,6,6,3,0,0,0,3,6,6,6,0,0,0,0,6,6,6,3,0,0,0,3,6,6,6,0,0,0,0,6,6,6,3,0,0,0,3,6,6,6,4,0,0,0,6,6,6,4,0,0,0,0,3,6,6,6,1,0,2,6,6,6,6,0,0,0,0,0,6,6,6,3,0,0,5,6,6,6,0,0,0,0,3,6,6,6,0,0,0,0,6,6,6,5,2,2,5,6,6,6,5,0,0,0,0,3,4,4,4,4,4,4,4,4,3,0,0,9,"mfeat-pixel","att60",0.9
0,3,6,6,6,6,6,6,6,6,6,6,6,3,0,0,6,6,6,6,6,6,6,6,6,6,6,6,6,0,0,6,6,6,4,0,0,0,0,0,4,6,6,6,1,0,6,6,6,3,0,0,0,0,0,3,6,6,6,1.38,0,6,6,6,1,0,0,0,0,0,3,6,6,6,0,0,4,6,6,5,0,0,0,0,0,1,6,6,6,0,0,3,6,6,6,2,0,0,0,1,5,6,6,4,0,0,6,6,6,6,6,3,0,0,2,6,6,6,0,0,4,6,5,5,6,6,6,3,0,0,6,6,6,0,0,6,6,0,0,1,5,6,6,5,1,1,2,1,0,0,6,6,0,0,0,0,3,6,6,6,4,1,0,0,0,6,6,0,0,0,0,0,1,5,6,6,6,3,0,0,6,6,1,0,0,0,0,0,0,4,6,6,6,1,0,6,6,4,0,0,0,0,0,1,5,6,6,6,3,0,4,6,6,6,5,4,5,6,6,6,6,6,5,0,0,0,3,4,4,4,4,4,4,4,4,4,3,0,0,0,9,"mfeat-pixel","att60",0.9
0,3,4,3,3,4,4,3,3,3,0,0,0,0,0,3,6,6,6,6,6,6,6,6,6,5,1,0,0,0,2,6,6,6,6,3,0,3,6,6,6,6,0,0,0,0,4,6,6,6,0,0,0,6,6,6,6,0,0,-3.83,0,0,5,6,6,5,2,5,6,6,6,6,0,0,0,0,0,3,6,6,6,6,6,6,6,6,6,0,0,0,0,0,3,6,6,6,6,6,6,6,6,6,0,0,0,0,0,5,6,6,5,2,5,6,6,6,6,0,0,0,0,0,6,6,6,0,0,0,3,6,6,6,4,0,0,0,4,6,6,5,0,0,0,0,5,6,6,6,1,0,0,6,6,6,3,0,0,0,0,1,5,6,6,5,0,0,4,6,6,2,0,0,0,0,0,4,6,6,6,0,0,4,6,6,0,0,0,0,0,0,4,6,6,6,1,0,6,6,6,5,1,0,0,1,3,6,6,6,6,2,0,4,6,6,6,6,6,6,6,6,6,6,6,3,0,0,0,0,3,3,2,2,3,3,2,2,2,0,0,0,9,"mfeat-pixel","att60",0.9
0,0,1,4,4,4,4,4,2,1,0,0,0,0,0,0,2,6,6,6,4,5,6,6,6,4,1,0,0,0,0,1,6,6,1,0,0,3,6,6,6,6,2,0,0,0,2,6,6,2,0,0,0,1,5,6,6,1,0,2.18,0,5,6,6,6,3,0,0,0,1,5,6,3,0,0,0,1,6,6,6,6,5,2,0,0,4,6,6,2,0,0,2,6,6,6,6,6,6,5,5,6,6,4,0,0,0,3,6,6,5,2,3,5,6,6,6,6,4,0,0,0,5,6,4,0,0,0,0,1,3,6,6,6,3,0,0,6,6,5,0,0,0,0,0,0,1,6,6,6,2,2,6,6,6,3,0,0,0,0,0,0,6,6,6,3,0,6,6,6,3,0,0,0,0,0,3,6,6,6,3,0,6,6,6,6,3,0,0,0,3,6,6,6,6,2,0,5,6,6,6,6,5,4,5,6,6,6,5,3,0,0,2,4,5,6,6,6,6,6,6,6,4,0,0,0,0,0,0,0,1,4,4,4,4,2,2,1,0,0,0,9,"mfeat-pixel","att60",0.9
0,0,0,0,1,5,6,5,4,4,4,2,0,0,0,0,0,3,5,6,6,6,6,6,6,6,6,6,5,0,0,4,6,6,6,3,0,0,2,2,4,6,6,6,1,0,6,6,4,0,0,0,0,0,0,0,3,6,6,1.95,0,6,6,5,1,0,0,0,0,0,0,3,6,6,3,0,6,6,6,6,0,0,0,0,0,0,3,6,6,5,0,2,6,6,6,5,1,0,0,0,0,3,6,6,1,0,0,6,6,6,6,6,6,6,4,4,6,6,6,0,0,2,6,6,6,6,6,6,6,6,6,6,6,6,0,0,6,6,6,6,5,1,0,1,5,6,6,6,6,2,1,6,6,6,6,1,0,0,0,0,6,6,6,6,1,5,6,6,6,6,0,0,0,0,0,6,6,6,6,0,5,6,6,6,5,0,0,0,0,0,6,6,6,3,0,4,6,6,6,4,0,0,0,0,3,6,6,6,2,0,4,6,6,6,6,5,2,3,5,6,6,6,6,0,0,0,3,4,4,4,4,4,4,4,4,4,4,3,0,0,9,"mfeat-pixel","att60",0.9
0,0,0,1,4,4,4,4,4,4,2,2,1,0,0,0,0,2,6,6,6,6,6,4,6,6,6,6,3,0,0,0,4,6,6,6,6,1,0,1,5,6,6,6,3,0,0,6,6,6,6,6,0,0,0,1,6,6,6,3.78,0,0,3,6,6,6,6,5,2,2,5,6,6,6,2,0,0,3,6,6,6,6,6,6,6,6,6,6,4,0,0,0,0,4,6,6,6,6,6,6,6,6,5,0,0,0,0,3,6,6,6,6,6,6,6,6,6,5,1,0,0,4,6,6,5,1,0,2,5,6,6,6,6,5,1,0,6,6,5,1,0,0,0,0,1,2,5,6,6,1,0,6,6,5,1,0,0,0,0,0,0,0,6,6,1,0,4,6,6,3,0,0,0,0,0,0,0,6,6,3,0,2,6,6,6,1,0,0,0,0,0,1,6,6,3,0,0,4,6,6,5,1,0,0,1,3,6,6,5,1,0,0,2,6,6,6,6,6,6,6,6,6,5,1,0,0,0,0,0,2,4,2,2,2,2,2,2,1,0,0,9,"mfeat-pixel","att60",0.9
3,6,6,6,3,1,0,0,0,0,0,0,0,0,0,6,6,6,6,6,6,2,0,0,0,0,0,0,0,0,6,6,6,6,6,6,6,1,0,0,0,0,0,0,0,6,6,6,0,5,6,6,6,0,0,0,0,0,0,0.61,5,6,6,4,0,5,6,6,1,0,0,0,0,0,0,0,5,6,6,5,1,4,6,6,1,0,0,0,0,0,0,2,6,6,6,6,6,6,6,4,0,0,0,0,0,0,0,3,6,6,6,6,6,6,6,4,1,0,0,0,0,0,0,1,4,5,6,6,6,6,6,6,2,0,0,0,0,0,0,0,0,4,6,4,2,5,6,6,5,1,0,0,0,0,0,0,1,6,6,1,1,6,6,6,6,0,0,0,0,0,0,0,6,6,6,2,1,6,6,6,0,0,0,0,0,0,0,1,6,6,6,3,6,6,6,0,0,0,0,0,0,0,0,3,6,6,6,6,6,6,0,0,0,0,0,0,0,0,0,3,6,6,6,6,6,0,0,0,0,0,0,0,0,0,0,2,4,4,4,3,9,"mfeat-pixel","att60",0.9
0,0,0,0,2,4,4,4,4,4,4,4,4,4,1,0,0,2,6,6,6,5,4,4,5,6,6,6,6,3,0,0,3,6,6,4,0,0,0,0,4,6,6,6,3,0,0,6,6,6,3,0,0,0,0,3,6,6,6,1.29,0,0,5,6,6,6,3,0,0,0,3,6,6,6,0,0,0,3,6,6,6,6,0,0,0,3,6,6,4,0,0,0,0,3,6,6,6,5,2,3,6,6,5,0,0,0,0,0,0,6,6,6,6,6,6,6,6,2,0,0,0,0,0,3,6,6,6,6,6,6,6,6,1,0,0,0,0,5,6,6,6,3,2,3,6,6,6,6,2,0,0,3,6,6,6,3,0,0,0,1,6,6,6,5,0,0,3,6,6,6,1,0,0,0,0,3,6,6,6,3,0,3,6,6,3,0,0,0,0,0,3,6,6,6,3,0,3,6,6,4,0,0,0,0,0,4,6,6,6,1,0,5,6,6,6,5,4,4,4,5,6,6,4,1,0,0,3,4,4,4,4,4,4,4,4,4,1,0,0,0,9,"mfeat-pixel","att60",0.9
0,0,0,1,4,2,2,2,4,2,2,2,2,1,0,0,0,5,6,6,6,6,6,6,6,6,6,6,6,2,0,1,6,6,6,6,3,0,1,3,6,6,6,6,3,0,2,5,6,6,6,2,0,0,0,1,6,6,6,2.17,0,0,0,4,6,6,6,3,0,1,5,6,6,6,0,0,0,1,6,6,6,6,6,6,6,6,6,6,5,0,0,0,3,6,6,5,4,6,6,6,6,6,6,3,0,0,0,4,6,4,0,0,1,5,6,6,6,6,2,0,0,2,6,6,3,0,0,0,0,3,6,6,4,0,0,0,3,6,6,1,0,0,0,0,0,3,6,5,0,0,0,5,6,3,0,0,0,0,0,0,2,6,6,3,0,0,4,6,3,0,0,0,0,0,0,0,4,6,5,0,0,5,6,4,0,0,0,0,0,0,0,3,6,6,3,0,4,6,6,5,1,0,0,0,0,1,5,6,6,3,0,1,6,6,6,6,6,6,6,6,6,6,6,6,1,0,0,0,0,1,2,2,4,2,2,2,4,2,1,0,9,"mfeat-pixel","att60",0.9
5,6,6,6,6,6,6,6,6,6,6,6,5,2,0,6,6,6,6,6,6,6,6,6,6,6,6,6,6,5,3,6,6,6,5,2,2,2,1,0,3,6,6,6,6,1,6,6,6,3,0,0,0,0,0,0,6,6,6,5.12,0,3,6,6,6,4,4,2,2,0,0,6,6,6,5,0,0,3,6,6,6,6,6,6,5,5,6,6,6,6,0,0,0,1,6,6,6,6,6,6,6,6,6,6,3,0,0,0,0,3,6,6,6,6,6,6,6,6,3,0,0,0,0,0,6,6,6,5,4,6,6,6,6,3,0,0,0,0,2,6,6,6,0,0,0,4,6,6,6,2,0,0,0,3,6,6,4,0,0,0,3,6,6,6,1,0,0,0,3,6,6,5,0,0,0,3,6,6,6,0,0,0,0,3,6,6,5,0,0,1,6,6,6,5,0,0,0,0,3,6,6,6,5,4,6,6,6,6,2,0,0,0,0,1,6,6,6,6,6,6,6,6,1,0,0,0,0,0,0,3,4,4,4,4,4,4,3,0,0,0,9,"mfeat-pixel","att60",0.9
0,0,0,0,1,4,4,4,4,4,3,2,1,0,0,0,0,3,4,6,6,5,4,5,6,6,6,6,3,0,0,1,6,6,5,1,0,0,0,1,5,6,6,6,3,1,5,6,6,0,0,0,0,0,0,0,5,6,6,0.46,2,6,6,6,2,0,0,0,0,0,0,3,6,6,3,0,4,6,6,6,3,0,0,0,0,3,6,6,6,1,0,0,5,6,6,6,5,4,5,6,6,6,6,2,0,0,0,4,6,6,6,6,6,6,6,6,6,6,2,0,0,2,6,6,6,6,4,4,4,6,6,6,6,6,2,0,5,6,6,6,1,0,0,0,1,5,6,6,6,3,3,6,6,6,6,0,0,0,0,0,0,6,6,6,3,3,6,6,6,3,0,0,0,0,0,0,6,6,6,3,1,6,6,6,5,0,0,0,0,0,3,6,6,6,3,0,6,6,6,6,5,2,0,2,5,6,6,6,3,0,0,1,5,6,6,6,6,6,6,6,6,6,2,0,0,0,0,1,2,2,3,4,4,4,4,3,0,0,0,0,9,"mfeat-pixel","att60",0.9
0,0,0,0,3,4,5,6,6,6,6,6,3,0,0,0,0,0,4,6,6,6,6,4,2,5,6,6,5,1,0,0,0,6,6,6,6,3,0,0,5,6,6,6,5,0,0,0,6,6,6,6,3,0,0,1,6,6,6,6.6,0,0,0,5,6,6,6,3,0,0,0,6,6,6,3,0,0,0,1,6,6,6,3,0,0,0,6,6,4,0,0,0,0,4,6,6,6,6,3,2,5,6,6,3,0,0,0,1,6,6,6,6,6,6,6,6,6,6,1,0,0,0,5,6,6,6,6,6,6,6,6,6,4,0,0,0,1,6,6,6,6,6,6,6,6,6,6,3,0,0,0,5,6,6,6,4,0,3,6,6,6,6,0,0,0,0,6,6,6,5,1,0,0,1,6,6,6,2,0,0,2,6,6,5,0,0,0,0,0,3,6,6,6,2,0,3,6,6,4,0,0,0,0,1,5,6,6,6,3,0,2,6,6,6,6,6,6,6,6,6,6,6,5,0,0,0,1,3,4,4,4,4,4,4,4,4,3,0,0,0,9,"mfeat-pixel","att60",0.9
0,0,0,2,5,5,4,6,4,2,0,0,0,0,0,0,3,6,6,6,6,6,6,6,6,5,1,0,0,0,3,6,6,5,2,1,0,0,2,5,6,6,3,0,0,5,6,6,3,0,0,0,0,0,3,6,6,5,0,2.64,6,6,6,6,2,0,0,0,0,3,6,6,3,0,0,1,3,6,6,6,3,0,0,0,2,6,4,1,0,0,0,0,5,6,6,6,6,6,4,2,0,0,0,0,0,0,0,0,0,4,6,6,6,6,6,6,3,0,0,0,0,0,0,0,5,6,5,2,5,6,6,6,5,1,0,0,0,0,4,6,3,0,0,0,3,6,6,6,6,0,0,1,5,6,6,0,0,0,0,0,3,6,6,6,2,0,3,6,6,6,0,0,0,0,0,1,6,6,6,6,0,0,6,6,6,2,0,0,0,0,0,6,6,6,6,0,0,6,6,6,4,0,0,0,0,3,6,6,6,4,0,0,3,5,6,6,6,6,6,6,6,6,4,3,0,0,0,0,0,2,4,4,4,4,4,4,1,0,0,0,9,"mfeat-pixel","att60",0.9
1,4,4,4,4,4,4,4,4,4,4,4,4,3,0,3,6,6,6,6,6,6,6,6,6,6,6,6,6,0,3,6,6,6,5,1,0,0,0,1,5,6,6,6,0,3,6,6,6,5,0,0,0,0,0,3,6,6,4,0.1,0,5,6,6,6,4,0,0,0,0,4,6,6,3,0,0,3,6,6,6,6,5,1,0,3,6,6,6,1,0,0,2,6,6,6,6,6,6,6,6,6,6,2,0,0,0,0,6,6,6,6,6,6,6,6,6,1,0,0,0,0,3,6,6,6,6,6,6,6,6,6,5,1,0,0,0,5,6,6,4,0,1,4,6,6,6,6,3,0,0,3,6,6,4,0,0,0,0,0,1,5,6,6,1,0,3,6,6,6,2,0,0,0,0,0,1,5,6,3,0,3,6,6,6,3,0,0,0,0,0,0,1,6,4,0,3,6,6,6,5,1,0,0,0,1,3,6,6,6,0,0,5,6,6,6,6,6,6,6,6,6,6,6,2,0,0,1,2,3,4,2,4,3,2,2,2,2,1,0,0,9,"mfeat-pixel","att60",0.9
0,0,0,0,2,3,4,2,2,2,0,0,0,0,0,0,0,0,3,6,6,6,6,6,6,6,4,3,0,0,0,3,6,6,6,6,4,4,4,6,6,6,6,3,0,2,6,6,6,5,1,0,0,0,1,5,6,6,6,-0.26,3,6,6,6,3,0,0,0,0,0,0,6,6,6,3,3,6,6,6,4,0,0,0,0,0,4,6,6,6,2,0,4,6,6,6,5,1,0,1,5,6,6,6,3,0,0,0,4,6,6,6,6,6,6,6,6,3,0,0,0,0,0,4,6,6,6,3,3,6,6,6,1,0,0,0,0,0,6,6,6,1,0,0,3,6,6,6,2,0,0,0,2,6,6,6,0,0,0,3,6,6,6,3,0,0,0,0,6,6,6,0,0,0,1,5,6,6,6,0,0,0,0,6,6,6,1,0,0,1,5,6,6,6,1,0,0,0,6,6,6,6,4,4,6,6,6,6,6,2,0,0,0,3,6,6,6,6,6,6,6,6,6,3,0,0,0,0,0,0,2,2,2,2,2,3,3,0,0,0,0,9,"mfeat-pixel","att60",0.9
0,0,0,0,0,1,4,6,6,6,4,2,0,0,0,0,0,0,0,1,6,6,6,6,6,6,6,4,0,0,0,0,0,1,5,6,6,6,3,3,6,6,6,4,0,0,0,0,5,6,6,6,3,0,0,4,6,6,6,2.94,0,0,0,4,6,6,6,4,0,0,3,6,6,6,5,0,0,0,0,5,6,6,6,1,0,5,6,6,6,2,0,0,0,0,3,6,6,6,6,5,6,6,6,5,0,0,0,0,3,6,6,6,6,6,6,6,6,5,1,0,0,0,4,6,6,6,6,6,6,6,6,5,0,0,0,0,4,6,6,6,1,1,6,6,6,6,0,0,0,0,0,6,6,6,3,0,0,4,6,6,6,3,0,0,0,4,6,6,6,2,0,0,4,6,6,6,1,0,0,0,6,6,6,6,0,0,3,6,6,6,6,0,0,0,0,5,6,6,6,5,5,6,6,6,6,3,0,0,0,0,0,5,6,6,6,6,6,5,3,0,0,0,0,0,0,0,1,4,4,4,4,2,0,0,0,0,0,0,0,0,9,"mfeat-pixel","att60",0.9
0,0,1,4,4,4,4,4,4,4,4,4,4,1,0,0,2,6,6,6,6,6,6,6,6,6,6,6,6,1,0,5,6,6,6,6,3,2,2,5,6,6,6,6,1,3,6,6,6,6,1,0,0,0,0,6,6,6,3,-1.09,3,6,6,6,6,1,0,0,0,2,6,6,6,3,0,3,6,6,6,6,6,3,0,3,6,6,6,6,3,0,0,5,6,6,6,6,6,6,6,6,6,6,5,0,0,0,0,5,6,6,6,6,6,6,6,6,6,1,0,0,0,0,3,6,6,6,6,6,6,6,6,6,0,0,0,0,0,5,6,6,5,2,5,6,6,6,6,5,0,0,0,3,6,6,6,0,0,0,3,6,6,6,6,3,0,0,3,6,6,6,0,0,0,0,2,6,6,6,6,1,0,3,6,6,6,1,0,0,0,1,6,6,6,6,2,0,3,6,6,6,6,3,2,3,6,6,6,6,4,0,0,2,6,6,6,6,6,6,6,6,6,6,5,1,0,0,0,1,4,4,4,4,4,4,4,4,1,0,0,0,9,"mfeat-pixel","att60",0.9
0,1,5,6,6,6,6,6,6,6,5,1,0,0,0,0,3,6,5,6,6,6,6,6,6,6,3,0,0,0,1,6,6,1,1,1,0,0,4,6,6,3,0,0,0,3,6,6,6,1,0,0,0,2,6,6,4,0,0,4.36,0,6,6,6,5,0,0,0,0,4,6,6,2,0,0,1,6,6,6,6,3,0,0,1,6,6,6,1,0,0,3,6,6,6,6,6,4,4,6,6,6,3,0,0,0,4,6,6,6,6,6,6,6,6,6,6,6,1,0,0,6,6,6,5,2,2,3,6,6,6,6,6,5,1,0,4,6,6,5,0,0,0,0,2,5,6,6,6,5,1,4,6,6,6,0,0,0,0,0,0,3,6,6,6,4,6,6,6,4,0,0,0,0,0,0,1,6,6,6,4,1,6,6,6,3,0,0,0,0,0,3,6,6,6,3,0,6,6,6,6,3,0,1,1,1,5,6,6,6,2,0,3,6,6,6,6,6,6,6,6,6,6,6,4,0,0,0,3,4,4,4,4,4,4,4,4,4,4,1,0,9,"mfeat-pixel","att60",0.9
1,5,6,6,6,6,6,6,5,4,4,1,0,0,0,3,6,6,6,6,6,6,6,6,6,6,6,1,0,0,6,6,6,6,4,0,0,0,1,5,6,6,6,1,0,6,6,6,6,3,0,0,0,0,0,5,6,6,3,-2.58,4,6,6,6,6,3,0,0,0,1,5,6,5,0,0,0,5,6,6,6,6,6,4,4,6,6,6,3,0,0,0,0,2,5,6,6,6,6,6,6,6,6,3,0,0,0,0,0,3,6,6,6,6,6,6,6,6,3,0,0,0,0,1,6,6,6,3,2,2,3,6,6,6,3,0,0,0,6,6,6,6,0,0,0,0,3,6,6,6,3,0,0,3,6,6,6,1,0,0,0,0,5,6,6,3,0,0,3,6,6,6,2,0,0,0,0,3,6,6,3,0,0,3,6,6,6,1,0,0,0,0,5,6,6,4,0,0,1,6,6,6,6,4,1,1,5,6,6,6,5,0,0,0,1,5,6,6,6,6,6,6,6,6,6,1,0,0,0,0,0,2,4,4,4,4,4,4,4,1,0,9,"mfeat-pixel","att60",0.9
0,0,0,0,0,3,6,6,6,6,6,3,0,0,0,0,0,0,0,2,6,6,6,6,6,6,6,2,0,0,0,0,0,2,6,6,5,1,0,1,6,6,6,2,0,0,0,0,6,6,6,3,0,0,0,4,6,6,6,2.39,0,0,0,6,6,6,3,0,0,0,0,6,6,6,0,0,0,0,3,6,6,4,0,0,0,3,6,6,6,0,0,0,0,5,6,6,6,0,0,0,3,6,6,5,0,0,0,4,6,6,6,6,5,4,4,6,6,6,1,0,0,1,6,6,6,6,6,6,6,6,6,6,6,0,0,0,5,6,6,5,2,3,4,5,6,6,6,6,2,0,2,6,6,6,0,0,0,0,0,3,5,6,6,6,0,6,6,6,6,0,0,0,0,0,0,0,6,6,6,2,5,6,6,4,0,0,0,0,0,0,1,6,6,6,6,1,6,6,6,6,4,6,6,6,6,6,6,6,6,2,0,5,6,6,6,6,6,6,6,6,6,6,6,5,0,0,0,1,4,4,3,2,3,3,2,3,4,3,0,0,9,"mfeat-pixel","att60",0.9
0,0,0,1,5,6,4,4,4,4,3,0,0,0,0,0,0,3,6,6,6,6,6,6,6,6,5,1,0,0,0,3,6,6,6,6,6,4,5,6,6,6,5,1,0,0,4,6,6,6,6,3,0,0,4,6,6,6,5,1.58,0,6,6,6,6,6,6,3,2,5,6,6,6,5,0,0,1,6,6,6,6,6,6,6,6,6,6,6,1,0,0,0,3,6,6,6,6,6,6,6,6,6,6,4,0,0,0,3,6,6,6,3,2,2,3,6,6,6,6,3,0,1,6,6,6,6,0,0,0,0,1,6,6,6,3,0,6,6,6,6,4,0,0,0,0,0,6,6,6,6,0,6,6,6,6,0,0,0,0,0,0,6,6,6,6,1,6,6,6,6,1,0,0,0,0,0,6,6,6,4,3,6,6,6,6,6,1,0,0,0,1,6,6,6,3,1,5,6,6,6,6,6,3,0,3,6,6,6,6,2,0,1,5,6,6,6,6,6,6,6,6,6,5,1,0,0,0,0,1,3,4,4,4,4,4,4,3,0,0,0,9,"mfeat-pixel","att60",0.9
0,0,0,0,0,0,2,5,6,6,6,3,0,0,0,0,0,0,0,1,5,6,6,6,6,6,6,3,0,0,0,0,0,1,5,6,6,5,2,3,6,6,6,1,0,0,0,0,5,6,6,4,0,0,0,6,6,6,3,2.87,0,0,0,6,6,6,5,0,0,0,6,6,6,3,0,0,0,0,3,6,6,6,3,0,0,6,6,6,3,0,0,0,3,6,6,6,6,6,4,5,6,6,6,1,0,0,5,6,6,5,5,6,6,6,6,6,6,2,0,0,3,6,6,6,0,0,3,6,6,6,6,6,1,0,0,4,6,6,4,0,0,0,1,5,6,6,6,5,1,0,6,6,6,0,0,0,0,0,3,6,6,6,5,1,0,5,6,6,4,0,0,0,0,2,6,6,6,3,0,0,1,6,6,6,3,0,0,0,1,6,6,6,3,0,0,0,2,6,6,6,5,4,4,6,6,6,6,2,0,0,0,0,3,6,6,6,6,6,6,6,3,1,0,0,0,0,0,0,1,3,4,4,4,3,1,0,0,0,0,0,9,"mfeat-pixel","att60",0.9
0,0,0,0,0,2,4,5,6,6,6,3,0,0,0,0,1,5,6,6,6,6,6,6,6,6,6,5,1,0,0,5,6,6,6,6,6,6,6,6,6,6,6,5,0,0,4,6,6,6,6,1,0,0,2,5,6,6,6,2.33,0,0,6,6,6,6,3,0,0,0,4,6,6,2,0,0,0,5,6,6,6,6,3,3,5,6,6,6,0,0,0,0,3,6,6,6,6,6,6,6,6,6,6,1,0,0,1,5,6,6,6,6,5,5,6,6,6,6,5,0,1,6,6,6,5,4,1,0,0,1,5,6,6,6,1,6,6,6,5,0,0,0,0,0,0,0,6,6,6,3,6,6,6,1,0,0,0,0,0,0,0,6,6,6,3,6,6,6,5,1,0,0,0,0,0,0,6,6,6,6,6,6,6,6,5,0,0,0,0,2,5,6,6,6,2,2,6,6,6,6,5,4,4,5,6,6,6,5,1,0,0,1,5,6,6,6,6,6,6,6,5,3,0,0,0,0,0,0,3,4,4,4,4,2,0,0,0,0,0,0,9,"mfeat-pixel","att60",0.9
0,0,0,0,0,0,2,4,5,6,5,4,2,0,0,0,0,0,0,3,6,6,6,6,6,6,6,6,5,1,0,0,0,3,6,6,6,6,3,3,6,6,6,6,5,0,0,0,3,6,6,6,6,0,0,2,6,6,6,7.02,0,0,0,3,6,6,6,6,3,0,0,4,6,6,6,0,0,0,0,5,6,6,6,3,0,0,4,6,6,6,0,0,0,0,3,6,6,6,6,3,3,6,6,6,4,0,0,0,1,5,6,6,6,6,6,6,6,6,6,3,0,1,3,6,6,6,6,6,6,6,6,6,6,6,1,2,6,6,6,6,5,4,4,5,6,6,6,6,6,0,3,6,6,6,4,0,0,0,0,3,6,6,6,6,4,3,6,6,6,3,0,0,0,0,0,4,6,6,6,6,6,6,6,6,3,0,0,0,0,0,4,6,6,6,4,6,6,6,6,6,3,2,2,3,5,6,6,6,6,3,3,5,6,6,6,6,6,6,6,6,6,6,5,3,0,0,0,2,4,4,4,4,4,4,4,4,3,0,0,0,9,"mfeat-pixel","att60",0.9
0,0,0,0,1,4,2,4,2,1,0,0,0,0,0,0,0,0,3,6,6,6,6,6,6,5,3,0,0,0,0,1,5,6,6,6,5,1,1,5,6,6,5,1,0,0,3,6,6,6,3,0,0,0,0,3,6,6,6,0.52,0,4,6,6,6,0,0,0,0,0,0,4,6,6,0,0,5,6,6,6,0,0,0,0,0,1,6,6,6,0,0,3,6,6,6,5,2,2,2,3,6,6,6,5,0,0,3,6,6,6,6,6,6,6,6,6,6,5,0,0,0,3,6,6,6,6,6,6,6,6,6,6,5,0,0,0,5,6,6,6,3,0,1,2,3,6,6,6,5,0,3,6,6,6,4,0,0,0,0,0,2,6,6,6,3,1,6,6,6,5,0,0,0,0,0,0,6,6,6,3,0,5,6,6,6,5,1,0,0,0,2,6,6,6,3,0,0,3,6,6,6,6,3,1,1,5,6,6,6,1,0,0,0,1,5,6,6,6,6,6,6,6,6,1,0,0,0,0,0,0,1,2,4,4,4,4,4,1,0,0,9,"mfeat-pixel","att60",0.9
0,0,0,0,0,2,5,6,5,4,4,4,3,0,0,0,0,0,3,6,6,6,6,6,6,6,6,6,2,0,0,0,2,6,6,6,6,6,4,5,6,6,6,6,0,0,0,3,6,6,6,6,3,0,1,6,6,6,5,1.22,0,0,0,6,6,6,6,6,4,6,6,6,6,1,0,0,0,0,6,6,6,6,6,6,6,6,6,5,0,0,0,0,4,6,6,6,6,6,6,6,6,6,1,0,0,0,4,6,6,6,6,4,6,6,6,6,6,4,0,0,1,6,6,6,6,2,0,0,2,3,6,6,6,2,0,5,6,6,6,3,0,0,0,0,0,3,6,6,6,0,6,6,6,5,1,0,0,0,0,0,1,6,6,6,2,6,6,6,3,0,0,0,0,0,1,5,6,6,6,2,6,6,6,5,0,0,0,0,0,3,6,6,6,6,0,6,6,6,6,5,1,0,3,4,6,6,6,6,2,0,1,4,6,6,6,6,6,6,6,6,6,5,1,0,0,0,0,1,3,4,4,4,4,4,2,0,0,0,0,0,9,"mfeat-pixel","att60",0.9
0,0,0,1,4,4,4,4,2,1,0,0,0,0,0,0,0,1,6,6,6,6,6,6,6,5,4,0,0,0,0,3,6,6,6,6,3,2,3,6,6,6,4,0,0,3,6,6,6,5,1,0,0,0,3,6,6,6,3,-0.5,3,6,6,6,1,0,0,0,0,4,6,6,6,3,0,0,6,6,6,6,3,2,3,5,6,6,6,6,3,0,0,5,6,6,6,6,6,6,6,6,6,6,6,0,0,0,4,6,6,6,6,5,4,4,5,6,6,6,0,0,0,6,6,6,6,3,0,0,0,0,4,6,6,2,0,0,5,6,6,3,0,0,0,0,0,2,6,6,6,0,0,0,5,6,3,0,0,0,0,0,0,6,6,5,0,0,5,6,6,4,0,0,0,0,0,0,6,6,0,0,0,4,6,6,6,2,0,0,0,0,0,6,6,5,0,0,0,3,6,6,6,3,0,0,0,3,6,6,6,0,0,0,0,3,6,6,6,6,6,6,6,5,3,2,0,0,0,0,0,2,2,4,4,4,4,2,0,0,0,0,9,"mfeat-pixel","att60",0.9
0,0,0,3,6,6,6,4,3,0,0,0,0,0,0,0,0,0,6,6,6,6,6,6,5,1,0,0,0,0,0,1,5,6,6,6,6,6,6,6,6,0,0,0,0,0,6,6,6,6,1,1,5,6,6,6,2,0,0,-2.81,0,5,6,6,6,4,0,4,6,6,6,1,0,0,0,0,1,6,6,6,6,6,6,6,6,6,0,0,0,0,0,2,6,6,6,6,6,6,6,6,6,5,0,0,0,0,6,6,6,6,6,4,4,6,6,6,6,5,1,0,4,6,6,6,6,1,0,0,1,6,6,6,6,5,0,6,6,6,6,4,0,0,0,0,3,6,6,6,6,2,6,6,6,6,3,0,0,0,0,0,4,6,6,6,3,5,6,6,6,3,0,0,0,0,0,5,6,6,6,5,1,6,6,6,6,1,0,0,0,0,3,6,6,6,2,0,6,6,6,6,6,3,2,1,1,5,6,6,6,0,0,1,5,6,6,6,6,6,6,6,6,6,6,5,0,0,0,0,3,4,4,4,4,4,4,4,4,3,0,0,9,"mfeat-pixel","att60",0.9
0,0,3,5,6,6,6,6,6,5,1,0,0,0,0,0,2,6,6,6,6,6,6,6,6,5,2,1,0,0,0,6,6,6,3,0,0,1,3,5,6,6,6,1,0,0,4,6,6,2,0,0,0,0,0,6,6,6,5,0.23,0,3,6,6,3,0,0,0,0,0,5,6,6,6,0,0,6,6,6,3,0,0,0,0,0,3,6,6,6,3,0,6,6,6,4,0,0,0,0,1,6,6,6,6,2,4,6,6,6,6,5,3,2,3,6,6,6,6,5,0,6,6,6,6,6,6,6,6,6,6,6,6,6,1,0,6,6,6,6,6,6,6,6,6,6,6,6,5,0,0,6,6,6,1,0,0,1,5,6,6,6,6,1,0,0,6,6,5,0,0,0,0,0,3,6,6,6,6,2,0,6,6,5,1,0,0,0,0,0,3,6,6,6,6,0,6,6,6,4,0,0,0,1,3,6,6,6,6,6,0,1,6,6,6,6,6,6,6,6,6,6,6,5,1,0,0,1,4,4,4,4,4,4,4,4,4,3,0,0,0,9,"mfeat-pixel","att60",0.9
0,0,3,4,4,5,6,5,1,0,0,0,0,0,0,0,2,6,6,5,4,6,6,6,5,1,0,0,0,0,1,6,6,6,0,0,1,5,6,6,6,2,0,0,0,3,6,6,6,1,0,0,0,4,6,6,6,0,0,-0.59,1,5,6,6,6,2,0,0,3,6,6,6,0,0,0,0,0,5,6,6,5,1,0,3,6,6,6,0,0,0,0,0,4,6,6,6,6,4,6,6,6,6,0,0,0,0,2,6,6,3,2,5,6,6,6,6,6,0,0,0,0,6,6,6,1,0,0,3,6,6,6,6,1,0,0,0,4,6,6,3,0,0,0,2,6,6,6,5,0,0,0,3,6,6,4,0,0,0,0,1,5,6,6,4,0,0,1,6,6,6,0,0,0,0,0,0,6,6,6,0,0,5,6,6,6,1,0,0,0,0,0,6,6,6,3,0,2,6,6,6,6,1,0,0,0,3,6,6,6,1,0,0,1,5,6,6,6,4,4,6,6,6,6,2,0,0,0,0,0,0,2,4,4,4,4,4,4,3,0,0,9,"mfeat-pixel","att60",0.9
0,0,0,0,0,3,4,4,3,2,2,0,0,0,0,0,1,3,4,6,6,6,4,4,6,6,6,4,1,0,0,6,6,6,6,3,0,0,0,1,5,6,6,6,0,1,6,6,6,4,0,0,0,0,0,0,6,6,6,1.99,2,6,6,6,4,0,0,0,0,0,0,6,6,4,0,0,5,6,6,6,5,2,0,0,0,0,6,6,0,0,0,1,6,6,6,6,6,6,3,0,3,6,6,0,0,0,0,6,6,6,6,6,6,6,6,6,6,6,0,0,0,0,6,6,6,3,1,5,6,6,6,6,6,2,0,0,0,5,6,6,1,0,0,3,6,6,6,6,6,0,0,0,1,6,6,5,0,0,0,1,5,6,6,6,1,0,0,1,6,6,6,0,0,0,0,0,5,6,6,3,0,0,2,6,6,3,0,0,0,0,0,4,6,6,1,0,0,0,6,6,6,3,1,0,0,3,6,6,6,0,0,0,0,5,6,6,6,6,6,6,6,6,6,3,0,0,0,0,0,2,2,2,3,4,4,4,4,1,0,0,9,"mfeat-pixel","att60",0.9
1,2,4,4,4,4,4,4,4,4,4,4,4,1,0,3,6,6,6,6,5,4,4,6,6,6,6,6,6,0,0,6,6,6,4,0,0,0,1,5,6,6,6,4,0,0,6,6,6,4,0,0,0,0,0,4,6,6,3,1.46,0,2,6,6,6,5,4,2,0,1,5,6,6,3,0,0,0,3,6,6,6,6,6,6,6,6,6,6,5,0,0,0,0,6,6,6,6,6,6,6,6,6,6,6,0,0,0,3,6,6,6,3,3,5,6,6,6,6,3,0,0,0,3,6,6,3,0,0,0,3,6,6,6,3,0,0,0,6,6,6,3,0,0,0,0,3,6,6,5,0,0,0,6,6,6,3,0,0,0,0,1,6,6,6,3,0,0,6,6,6,3,0,0,0,0,0,4,6,6,3,0,0,4,6,6,3,0,0,0,0,2,6,6,6,3,0,0,6,6,6,5,1,0,0,1,5,6,6,6,3,0,0,1,6,6,6,6,4,6,6,6,6,6,6,1,0,0,0,1,4,2,4,4,4,4,4,4,2,1,0,9,"mfeat-pixel","att60",0.9
0,0,0,0,1,4,4,6,6,5,4,1,0,0,0,0,0,0,2,6,6,6,5,4,6,6,5,2,1,0,0,0,3,6,6,6,5,0,0,1,5,6,6,6,0,0,0,3,6,6,6,1,0,0,0,3,6,6,6,-1.1,0,0,0,4,6,6,6,3,0,0,0,6,6,6,0,0,0,5,6,6,6,6,6,5,2,3,6,6,6,0,0,0,6,6,6,6,6,6,6,6,6,6,6,6,0,0,4,6,6,6,5,2,3,6,6,6,6,6,6,0,0,6,6,6,4,0,0,0,6,6,6,6,6,6,0,1,6,6,6,3,0,0,0,1,5,6,6,6,3,0,3,6,6,6,3,0,0,0,0,0,4,6,6,5,0,1,6,6,6,5,0,0,0,0,0,1,6,6,6,2,0,6,6,6,6,3,0,0,0,0,0,4,6,6,5,0,3,6,6,6,5,2,1,0,0,2,6,6,6,1,0,0,1,5,6,6,6,6,5,4,6,6,6,2,0,0,0,0,1,4,4,4,4,4,4,4,4,3,0,0,9,"mfeat-pixel","att60",0.9
0,1,4,4,4,5,5,4,4,4,4,2,0,0,0,0,3,6,6,6,6,6,6,6,6,6,6,6,3,0,0,3,6,6,6,6,4,0,0,3,6,6,6,6,3,0,1,6,6,6,6,5,2,0,0,3,6,6,6,4.31,0,0,4,6,6,6,6,6,6,4,6,6,6,6,3,0,2,6,6,6,6,6,6,6,6,6,6,6,6,3,0,5,6,6,6,5,4,5,6,6,6,6,6,6,1,3,6,6,6,6,0,0,0,3,6,6,6,6,3,0,5,6,6,6,3,0,0,0,0,2,6,6,6,6,1,4,6,6,5,0,0,0,0,0,0,3,6,6,6,3,3,6,6,5,0,0,0,0,0,0,0,4,6,6,3,3,6,6,6,5,0,0,0,0,0,0,5,6,6,4,1,6,6,6,6,5,1,0,0,0,3,6,6,6,6,0,2,6,6,6,6,6,4,4,4,6,6,6,6,3,0,0,1,4,6,6,6,6,6,6,6,6,6,3,0,0,0,0,0,0,2,4,4,4,4,4,4,1,0,0,9,"mfeat-pixel","att60",0.9
0,0,3,6,4,5,6,6,6,6,6,6,6,3,0,0,5,6,6,6,6,6,5,4,5,6,6,6,6,3,0,6,6,6,6,6,6,0,0,0,1,5,6,6,5,0,6,6,6,6,6,6,4,0,0,0,1,6,6,6.2,2,6,6,6,6,6,6,6,5,0,0,2,6,6,6,2,6,6,6,6,6,6,6,6,3,0,6,6,6,6,1,6,6,6,1,0,3,6,6,6,6,6,6,6,5,5,6,6,6,0,0,0,4,6,6,6,6,6,6,1,6,6,6,6,0,0,0,1,6,6,6,6,6,3,0,6,6,6,6,0,0,0,0,3,6,6,6,3,0,0,6,6,6,6,0,0,0,0,3,6,6,6,3,0,0,3,6,6,6,0,0,0,0,3,6,6,6,0,0,0,2,6,6,6,0,0,0,0,3,6,6,6,0,0,0,0,6,6,6,5,2,0,0,4,6,6,6,0,0,0,0,5,6,6,6,6,6,6,6,6,6,2,0,0,0,0,0,3,4,4,4,4,4,4,4,3,0,0,0,0,9,"mfeat-pixel","att60",0.9
0,0,0,0,0,0,1,5,6,4,4,4,4,1,0,0,0,0,0,0,0,6,6,6,6,6,6,6,4,0,0,0,0,0,0,1,6,6,6,6,6,6,6,6,2,0,0,0,0,3,6,6,6,6,6,4,5,6,6,4.94,0,0,0,2,6,6,6,6,6,6,0,0,6,6,6,0,0,1,6,6,6,6,6,6,6,0,0,6,6,6,0,2,6,6,6,1,1,5,6,6,2,0,6,6,6,0,4,6,6,2,0,0,3,6,6,5,4,6,6,2,2,6,6,4,0,0,0,3,6,6,6,6,6,4,0,3,6,6,2,0,0,0,3,6,6,6,6,6,2,0,6,6,5,0,0,0,0,5,6,6,6,6,3,0,0,6,6,1,0,0,0,3,6,6,6,6,1,0,0,0,6,6,2,0,0,0,3,6,6,6,2,0,0,0,0,6,6,6,1,1,3,6,6,6,4,0,0,0,0,0,5,6,6,6,6,6,6,6,6,0,0,0,0,0,0,1,4,4,4,4,4,4,4,1,0,0,0,0,0,0,9,"mfeat-pixel","att60",0.9
0,0,0,0,0,0,2,4,5,6,6,6,5,1,0,0,0,0,1,5,6,6,6,4,4,6,6,6,6,3,0,0,0,3,6,6,6,1,0,0,1,6,6,6,5,0,0,0,4,6,6,4,0,0,0,0,6,6,6,7.06,0,0,0,5,6,6,6,4,0,0,3,6,6,6,2,0,0,0,0,4,6,6,6,4,0,3,6,6,4,0,0,0,0,1,6,6,6,6,6,5,6,6,6,3,0,0,0,1,6,6,6,6,6,6,6,6,6,6,1,0,0,2,6,6,6,5,2,3,6,6,6,6,6,0,0,2,6,6,6,4,0,0,0,2,6,6,6,6,4,0,6,6,6,6,3,0,0,0,0,4,6,6,6,6,0,6,6,6,6,3,0,0,0,0,3,6,6,6,3,0,6,6,6,6,6,3,0,0,1,6,6,6,6,3,0,5,6,6,6,6,6,5,4,6,6,6,6,5,0,0,1,5,6,6,6,6,6,6,6,6,6,3,0,0,0,0,0,0,2,4,4,4,4,4,2,0,0,0,0,0,9,"mfeat-pixel","att60",0.9
0,0,0,0,0,0,3,4,5,6,6,6,4,2,0,0,0,0,0,0,3,6,6,6,6,6,6,6,6,4,0,0,0,0,0,3,6,6,6,6,6,6,6,6,6,0,0,0,0,0,6,6,6,5,2,5,6,6,6,5.84,0,0,0,0,1,6,6,6,3,0,3,6,6,6,4,0,0,0,0,3,6,6,6,5,2,5,6,6,5,0,0,0,0,0,0,6,6,6,6,6,6,6,5,0,0,0,0,0,3,5,6,6,6,6,6,6,6,3,0,0,0,0,4,6,6,6,6,6,6,6,6,6,3,0,0,0,2,6,6,6,6,5,2,5,6,6,6,3,0,0,0,3,6,6,6,5,1,0,5,6,6,6,1,0,0,1,6,6,6,6,1,0,3,6,6,6,6,0,0,0,3,6,6,6,6,0,0,4,6,6,6,4,0,0,0,5,6,6,6,6,3,3,6,6,6,6,0,0,0,0,1,5,6,6,6,6,6,6,6,6,3,0,0,0,0,0,0,2,4,4,4,4,4,4,1,0,0,0,0,0,9,"mfeat-pixel","att60",0.9
0,0,0,2,5,6,6,6,4,4,4,4,3,0,0,0,0,5,6,6,6,4,4,4,4,6,6,6,4,0,0,0,6,6,6,3,0,0,0,0,1,6,6,6,2,0,0,6,6,6,3,0,0,0,0,0,6,6,6,7.93,0,0,6,6,6,3,0,0,0,0,0,4,6,6,3,0,0,5,6,6,5,2,2,0,0,3,6,6,6,3,0,0,4,6,6,6,6,6,6,6,6,6,6,6,0,0,5,6,6,6,6,6,6,6,6,6,6,6,4,0,1,6,6,6,3,2,2,2,2,2,5,6,6,4,0,2,6,6,4,0,0,0,0,0,0,3,6,6,6,0,1,6,6,3,0,0,0,0,0,0,3,6,6,6,0,3,6,6,3,0,0,0,0,0,0,3,6,6,6,0,3,6,6,5,1,0,0,0,0,0,3,6,6,6,2,2,6,6,6,6,3,1,0,0,1,6,6,6,6,2,0,1,4,5,6,6,6,5,4,6,6,6,5,1,0,0,0,0,0,2,4,4,4,4,4,2,0,0,0,0,9,"mfeat-pixel","att60",0.9
0,0,0,0,1,3,4,4,2,2,0,0,0,0,0,0,0,2,4,6,6,6,6,6,6,5,1,0,0,0,0,4,6,6,6,6,5,2,3,6,6,6,5,1,0,2,6,6,6,6,3,0,0,0,1,6,6,6,6,-0.44,3,6,6,6,4,0,0,0,0,2,6,6,6,2,0,3,6,6,6,4,0,0,0,0,4,6,6,6,0,0,1,5,6,6,6,5,2,2,5,6,6,3,0,0,0,0,0,4,6,6,6,6,6,6,6,3,0,0,0,0,0,0,2,6,6,6,6,6,6,6,1,0,0,0,0,0,0,0,4,6,6,6,6,6,6,6,3,1,0,0,0,0,3,6,6,6,6,6,6,6,6,6,5,1,0,0,0,3,6,6,6,6,6,6,6,6,6,6,6,2,0,0,3,6,6,6,6,6,6,6,6,6,6,6,2,0,0,3,6,6,6,6,6,6,6,6,6,6,3,0,0,0,0,3,6,6,6,6,6,6,6,6,4,0,0,0,0,0,0,1,4,4,2,2,1,0,0,0,0,0,9,"mfeat-pixel","att60",0.9
0,0,0,3,4,4,4,4,4,4,4,4,1,0,0,0,0,2,6,6,6,6,4,4,4,5,6,6,3,0,0,0,5,6,6,5,1,0,0,0,0,4,6,6,3,0,3,6,6,6,3,0,0,0,0,0,3,6,6,4.42,0,3,6,6,6,2,0,0,0,0,0,3,6,6,3,0,3,6,6,6,0,0,0,0,0,0,4,6,6,3,0,0,6,6,6,5,1,0,2,3,5,6,6,5,0,0,0,5,6,6,6,6,6,6,6,6,6,6,3,0,0,0,5,6,6,6,6,6,6,6,6,6,6,3,0,0,0,6,6,6,5,1,1,4,6,6,6,6,3,0,0,3,6,6,6,1,0,0,0,1,6,6,6,3,0,0,6,6,6,3,0,0,0,0,0,3,6,6,3,0,0,3,6,6,3,0,0,0,0,0,0,3,6,3,0,0,3,6,6,6,1,0,0,0,0,3,6,6,2,0,0,2,6,6,6,6,4,4,4,6,6,6,6,1,0,0,0,3,4,4,4,4,4,4,4,4,4,4,1,0,9,"mfeat-pixel","att60",0.9
0,0,0,0,0,1,4,4,4,4,5,5,3,0,0,0,0,0,0,0,5,6,6,6,6,6,6,6,0,0,0,0,0,0,5,6,6,6,6,6,6,6,6,4,0,0,0,0,3,6,6,6,6,3,2,5,6,6,6,2.26,0,0,0,3,6,6,6,6,0,0,3,6,6,6,6,0,0,0,3,6,6,6,6,3,0,4,6,6,6,4,0,0,0,3,6,6,6,6,6,6,6,6,6,5,0,0,1,4,6,6,6,6,6,6,6,6,6,6,3,0,0,3,6,6,6,4,4,5,6,6,6,6,6,5,0,0,5,6,6,3,0,0,0,6,6,6,6,6,4,0,0,6,6,6,6,0,0,0,1,6,6,6,6,4,0,1,6,6,6,4,0,0,0,0,5,6,6,6,6,0,5,6,6,6,3,0,0,0,1,5,6,6,6,6,2,2,6,6,6,6,4,4,5,6,6,6,6,6,6,2,0,1,5,6,6,6,6,6,6,6,6,5,2,1,0,0,0,0,2,4,4,4,4,4,4,1,0,0,0,0,9,"mfeat-pixel","att60",0.9
0,0,0,0,1,2,2,4,4,3,0,0,0,0,0,0,0,1,5,6,6,6,6,6,6,4,0,0,0,0,0,3,6,6,6,4,2,3,6,6,6,1,0,0,0,3,6,6,6,3,0,0,0,6,6,6,5,0,0,-2.13,3,6,6,6,1,0,0,0,3,6,6,6,0,0,0,0,5,6,6,5,1,0,0,2,6,6,6,0,0,0,0,0,5,6,6,6,5,1,1,6,6,6,0,0,0,0,0,1,6,6,6,6,6,6,6,6,4,0,0,0,0,0,3,6,5,2,3,6,6,6,6,3,0,0,0,0,3,6,6,3,0,0,3,6,6,6,4,0,0,0,0,5,6,4,0,0,0,5,6,6,6,6,5,3,0,4,6,6,3,0,0,0,3,4,4,5,6,6,6,3,6,6,6,1,0,0,0,0,0,0,0,6,6,6,3,6,6,6,0,0,0,0,0,0,0,3,6,6,5,0,3,6,6,5,4,4,4,4,4,4,6,6,3,0,0,1,4,4,4,4,4,4,4,4,4,4,3,0,0,0,9,"mfeat-pixel","att60",0.9
0,0,0,3,5,6,6,6,6,6,6,6,6,3,0,0,0,3,6,6,6,6,6,6,6,6,6,6,6,3,0,0,3,6,6,6,6,4,4,4,4,5,6,6,6,0,0,1,6,6,6,3,0,0,0,0,0,6,6,3.37,0,0,0,6,6,6,6,4,1,0,0,0,6,6,6,0,0,0,6,6,6,6,6,5,1,0,0,6,6,4,0,0,4,6,6,6,6,6,6,5,2,3,6,6,2,0,2,6,6,6,3,3,6,6,6,6,6,6,4,0,0,5,6,6,2,0,0,4,6,6,6,6,5,0,0,3,6,6,4,0,0,0,3,6,6,6,5,1,0,0,4,6,6,1,0,0,0,3,6,6,6,0,0,0,0,6,6,6,1,0,0,0,3,6,6,5,0,0,0,0,6,6,6,0,0,0,0,4,6,6,3,0,0,0,0,6,6,6,5,4,4,6,6,6,6,1,0,0,0,0,6,6,6,6,6,6,6,6,6,5,0,0,0,0,0,1,4,4,4,4,4,4,4,3,0,0,0,0,0,0,9,"mfeat-pixel","att60",0.9
0,0,0,1,5,6,6,6,6,6,6,6,6,5,1,0,0,0,3,6,6,6,6,4,4,4,6,6,6,6,0,0,0,0,5,6,6,3,0,0,0,1,6,6,6,0,0,0,0,1,6,6,6,1,0,0,1,6,6,5.52,0,0,0,0,4,6,6,6,5,1,0,4,6,6,3,0,0,0,2,6,6,6,6,6,6,6,6,6,6,1,0,0,1,6,6,6,4,5,6,6,6,6,6,2,0,0,1,6,6,6,1,0,0,3,6,6,6,4,0,0,0,3,6,6,5,0,0,0,0,6,6,6,3,0,0,0,3,6,6,3,0,0,0,0,4,6,6,3,0,0,1,6,6,6,2,0,0,0,0,0,4,6,6,0,0,3,6,6,4,0,0,0,0,0,0,5,6,5,0,0,3,6,6,3,0,0,0,0,0,0,4,6,3,0,0,5,6,6,5,2,2,2,2,2,5,6,6,3,0,0,6,6,6,6,6,6,6,6,6,6,6,3,0,0,0,1,4,4,4,4,4,4,4,4,4,1,0,0,0,0,9,"mfeat-pixel","att60",0.9
0,0,0,0,0,0,3,6,6,6,6,4,1,0,0,0,0,0,0,1,5,6,6,6,6,6,6,6,3,0,0,0,0,2,6,6,6,6,4,5,6,6,6,6,3,0,0,0,6,6,6,6,3,0,0,6,6,6,6,-0.48,0,0,0,3,6,6,6,3,0,0,2,6,6,6,3,0,0,0,3,6,6,6,6,3,0,0,6,6,6,5,0,0,0,5,6,6,6,6,6,5,5,6,6,6,3,0,1,5,6,6,6,6,6,6,6,6,6,6,6,3,0,5,6,6,5,1,0,3,6,6,6,6,6,6,1,3,6,6,6,3,0,0,0,1,5,6,6,6,6,0,6,6,6,6,3,0,0,0,0,1,6,6,6,6,3,6,6,6,6,3,0,0,0,0,0,6,6,6,6,1,6,6,6,6,6,3,1,0,0,4,6,6,6,3,0,2,6,6,6,6,6,6,5,5,6,6,6,6,2,0,0,1,3,6,6,6,6,6,6,6,6,5,1,0,0,0,0,0,3,4,4,4,4,4,4,3,0,0,0,0,9,"mfeat-pixel","att60",0.9
0,0,0,0,1,4,4,6,6,6,3,0,0,0,0,0,0,0,0,6,6,6,6,6,6,6,6,6,4,1,0,0,0,0,6,6,6,4,0,0,3,6,6,6,5,0,0,0,0,6,6,6,5,0,0,3,6,6,6,-2.55,0,0,0,0,6,6,6,6,3,3,6,6,6,6,0,0,0,0,0,4,6,6,6,6,6,6,6,6,2,0,0,0,0,0,1,6,6,6,6,6,6,5,1,0,0,0,0,0,0,0,3,6,6,6,6,6,0,0,0,0,0,0,0,0,0,4,6,6,6,6,6,3,0,0,0,0,1,4,5,6,6,6,6,6,6,6,3,0,0,0,0,6,6,6,6,6,6,6,6,6,6,5,1,0,0,2,6,6,6,6,3,0,0,3,6,6,6,6,0,0,6,6,6,6,6,1,0,0,3,6,6,6,6,0,0,6,6,6,6,6,4,0,4,6,6,6,6,3,0,0,4,6,6,6,6,6,6,6,6,6,6,1,0,0,0,0,4,4,4,4,4,4,4,4,4,1,0,0,0,0,9,"mfeat-pixel","att60",0.9
0,0,0,1,3,4,4,6,6,6,4,4,1,0,0,0,0,2,6,6,6,6,6,6,6,6,6,5,1,0,0,0,3,6,6,6,6,5,3,3,6,6,6,5,0,0,0,1,6,6,6,4,0,0,0,6,6,6,6,1.52,0,0,4,6,6,6,3,0,0,0,4,6,6,6,3,0,0,6,6,6,6,0,0,0,1,5,6,6,6,0,0,1,6,6,6,3,0,0,5,6,6,6,6,5,0,0,5,6,6,6,5,1,1,6,6,6,6,6,1,0,2,6,6,6,6,6,6,6,6,6,6,6,6,1,0,3,6,6,6,6,6,6,6,3,3,6,6,6,3,0,6,6,6,1,0,0,0,0,0,0,6,6,6,3,0,6,6,6,3,0,0,0,0,0,0,6,6,6,6,0,6,6,6,0,0,0,0,0,0,0,6,6,6,6,0,6,6,6,5,2,2,1,0,1,3,6,6,6,6,3,5,6,6,6,6,6,6,6,6,6,6,6,6,3,0,1,4,4,4,4,4,4,4,4,4,4,4,3,0,0,9,"mfeat-pixel","att60",0.9
0,0,0,3,4,4,4,4,5,5,3,1,0,0,0,0,3,5,6,5,4,4,4,6,6,6,6,6,3,0,4,6,6,4,0,0,0,0,1,3,6,6,6,6,0,6,6,6,0,0,0,0,0,0,0,1,6,6,6,-0.49,3,5,6,3,0,0,0,0,0,0,3,6,6,6,3,0,0,5,6,6,5,2,0,0,0,6,6,6,6,1,0,0,1,5,6,6,6,6,5,5,6,6,6,2,0,0,0,0,1,6,6,6,6,6,6,6,6,2,0,0,0,0,1,5,6,6,4,6,6,6,6,6,1,0,0,0,1,6,6,6,3,0,1,5,6,6,6,6,1,0,0,5,6,6,6,3,0,0,0,4,6,6,6,6,0,0,6,6,6,6,3,0,0,0,0,4,6,6,6,0,0,6,6,6,6,6,1,0,0,2,6,6,6,6,1,0,6,6,6,6,6,6,3,3,6,6,6,6,5,1,0,3,4,6,6,6,6,6,6,6,6,6,3,0,0,0,0,0,1,3,4,4,4,4,4,3,1,0,0,0,9,"mfeat-pixel","att60",0.9
0,0,0,0,0,1,2,4,4,4,2,2,2,2,0,0,0,0,0,3,6,6,6,6,6,6,6,6,4,0,0,0,3,5,6,6,5,1,1,5,6,6,6,0,0,0,0,6,6,6,6,1,0,0,3,6,6,6,3,-1.25,0,0,2,6,6,6,5,1,1,5,6,6,6,3,0,0,0,3,6,6,6,6,6,6,6,6,6,6,4,0,0,0,6,6,6,6,6,6,6,6,6,6,6,6,0,0,5,6,6,6,6,6,6,6,6,6,6,6,4,0,3,6,6,6,6,5,2,3,6,6,6,6,6,3,0,3,6,6,6,6,0,0,0,1,5,6,6,6,5,0,1,6,6,6,6,0,0,0,0,1,6,6,6,6,0,2,6,6,6,6,0,0,0,0,3,6,6,6,3,0,3,6,6,6,6,1,0,1,5,6,6,6,4,0,0,1,3,6,6,6,6,4,6,6,6,5,3,0,0,0,0,0,0,3,6,6,4,4,5,4,0,0,0,0,0,0,0,0,0,0,0,0,0,0,2,0,0,0,0,0,9,"mfeat-pixel","att60",0.9
0,0,0,0,3,6,4,4,4,4,3,0,0,0,0,0,0,1,5,6,6,6,6,6,6,6,5,1,0,0,0,3,6,6,6,5,3,1,1,6,6,6,5,0,0,3,6,6,6,4,0,0,0,0,2,6,6,6,3,-0.28,3,6,6,6,5,0,0,0,0,0,6,6,6,0,0,1,5,6,6,6,5,1,0,0,4,6,6,2,0,0,0,1,6,6,6,6,6,5,5,6,6,6,1,0,0,0,0,6,6,6,6,6,6,6,6,6,6,5,0,0,0,1,6,6,6,5,4,5,6,6,6,6,6,4,0,1,5,6,6,1,0,0,0,0,1,6,6,6,6,3,5,6,6,4,0,0,0,0,0,0,3,6,6,6,3,6,6,6,3,0,0,0,0,0,0,0,3,6,6,6,3,6,6,6,0,0,0,0,0,0,3,6,6,6,6,2,6,6,6,5,3,1,0,1,5,6,6,6,6,5,0,1,5,6,6,6,6,4,6,6,6,6,6,3,0,0,0,0,1,3,4,4,4,4,4,4,3,0,0,0,9,"mfeat-pixel","att60",0.9
0,0,0,2,6,6,6,6,6,6,5,1,0,0,0,0,0,1,5,6,6,6,6,6,6,6,6,2,0,0,0,1,5,6,6,6,5,2,5,6,6,6,3,0,0,0,3,6,6,6,6,3,0,3,6,6,6,3,0,-2.53,0,2,6,6,6,6,5,2,5,6,6,6,3,0,0,0,0,3,6,6,6,6,6,6,6,6,6,3,0,0,0,0,3,6,6,6,6,6,6,6,6,3,0,0,0,0,0,3,6,6,6,6,6,6,6,1,0,0,0,0,0,0,3,6,6,6,6,6,6,6,3,0,0,0,0,0,0,3,6,6,6,6,6,6,6,6,5,1,0,0,0,0,3,6,6,6,5,4,6,6,6,6,6,3,0,0,0,3,6,6,6,3,0,1,5,6,6,6,6,5,0,0,1,6,6,6,3,0,0,1,6,6,6,6,6,0,0,0,6,6,6,6,3,3,6,6,6,6,6,4,0,0,0,3,6,6,6,6,6,6,6,6,6,3,0,0,0,0,0,1,4,4,4,4,4,4,4,1,0,0,9,"mfeat-pixel","att60",0.9
0,0,0,2,4,4,4,4,2,0,0,0,0,0,0,0,2,6,6,6,6,6,6,6,6,2,0,0,0,0,0,3,6,6,6,6,3,1,5,6,6,3,0,0,0,0,2,6,6,6,6,2,0,2,6,6,6,5,0,0.4,0,1,6,6,6,3,0,0,1,6,6,6,4,0,0,0,3,6,6,6,1,0,0,2,6,6,6,6,2,0,0,0,3,6,6,6,3,0,0,1,6,6,6,3,0,0,0,0,1,6,6,6,5,2,5,6,6,6,3,0,0,0,0,5,6,6,6,6,6,6,6,6,6,3,0,0,0,0,6,6,6,6,6,6,6,6,6,5,1,0,0,0,1,6,6,6,6,5,6,6,6,6,1,0,0,0,4,6,6,6,5,1,0,3,6,6,6,6,3,0,0,3,6,6,6,4,0,0,0,1,6,6,6,4,0,0,0,1,6,6,6,4,0,0,1,6,6,6,3,0,0,0,0,3,6,6,6,5,4,6,6,6,6,3,0,0,0,0,0,1,2,2,4,4,4,4,2,3,2,0,9,"mfeat-pixel","att60",0.9
2,4,4,4,4,4,4,4,4,4,4,2,4,1,0,2,6,6,6,6,6,6,6,6,6,6,6,6,4,0,0,4,6,6,6,5,1,1,5,6,6,6,6,6,2,0,2,6,6,4,0,0,0,0,6,6,6,6,5,0.27,0,0,4,6,6,1,0,0,2,6,6,6,6,3,0,0,0,3,6,6,6,3,3,6,6,6,6,6,3,0,0,0,0,6,6,6,6,6,6,6,6,6,6,3,0,0,0,3,6,6,6,6,6,6,6,6,6,6,1,0,0,1,6,6,6,6,6,6,6,6,6,6,3,0,0,0,3,6,6,3,0,2,3,6,6,6,6,6,1,0,0,5,6,6,0,0,0,0,1,5,6,6,6,6,0,0,5,6,6,1,0,0,0,0,0,6,6,6,3,0,0,3,6,6,3,0,0,0,0,2,6,6,6,5,0,0,5,6,6,5,1,0,0,1,5,6,6,6,6,3,0,1,2,5,6,6,6,6,6,6,6,6,6,5,1,0,0,0,0,1,2,2,2,2,2,4,4,1,0,0,9,"mfeat-pixel","att60",0.9
0,0,0,0,0,0,0,0,0,3,4,3,2,0,0,0,0,0,0,0,0,1,4,6,6,6,6,6,5,1,0,0,0,0,0,3,6,6,6,4,6,6,6,6,3,0,0,0,1,5,6,6,6,1,0,1,6,6,6,3.36,0,0,0,6,6,6,6,2,0,0,0,6,6,6,3,0,0,0,2,6,6,6,1,0,0,0,5,6,6,3,0,0,0,3,6,6,6,6,3,0,0,1,6,6,3,0,0,3,6,6,6,6,6,6,5,2,5,6,6,1,0,0,6,6,6,6,6,6,6,6,6,6,6,6,0,0,3,6,6,3,0,3,5,6,6,6,6,6,6,0,0,3,6,6,0,0,0,0,2,3,6,6,6,6,0,1,6,6,6,3,0,0,0,0,0,1,6,6,6,0,3,6,6,6,6,5,1,0,0,0,0,6,6,6,0,2,6,6,6,6,6,6,4,4,2,5,6,6,6,2,0,2,6,6,6,6,6,6,6,6,6,5,3,0,0,0,0,2,2,3,3,3,4,3,2,2,0,0,0,0,9,"mfeat-pixel","att60",0.9
0,0,0,0,3,6,6,6,6,4,6,3,0,0,0,0,0,0,3,6,6,6,6,6,6,6,6,3,1,0,0,0,5,6,6,5,4,5,6,6,6,6,6,6,2,0,0,6,6,6,0,0,0,6,6,6,6,6,6,3.75,0,4,6,6,6,0,0,0,3,6,6,6,6,6,3,0,6,6,6,6,0,0,0,5,6,6,6,6,6,1,0,2,6,6,6,1,1,5,6,6,6,6,6,3,0,0,1,6,6,6,6,6,6,6,6,6,6,6,3,0,0,3,6,6,6,6,6,6,6,6,6,6,6,3,0,0,5,6,6,5,4,4,3,1,1,6,6,6,3,0,0,6,6,6,0,0,0,0,0,0,6,6,6,3,0,0,6,6,6,0,0,0,0,1,5,6,6,6,0,0,1,6,6,6,0,0,0,1,6,6,6,6,5,0,0,5,6,6,6,5,4,4,6,6,6,6,4,0,0,0,2,6,6,6,6,6,6,6,6,6,5,1,0,0,0,0,3,4,4,4,4,4,4,4,1,0,0,0,0,0,9,"mfeat-pixel","att60",0.9
0,0,0,2,3,4,4,4,4,4,4,3,0,0,0,1,3,6,6,6,6,6,6,6,6,6,6,5,0,0,3,6,6,6,5,1,0,0,1,5,6,6,6,4,0,2,6,6,6,5,0,0,0,0,0,5,6,6,6,-1.93,0,5,6,6,6,1,0,0,0,0,3,6,6,6,3,0,1,6,6,6,5,0,0,0,0,3,6,6,6,0,0,0,6,6,6,6,5,1,0,0,3,6,6,6,0,0,0,6,6,6,6,6,6,3,3,6,6,6,2,0,0,0,6,6,6,6,6,6,6,6,6,6,6,1,0,0,0,6,6,6,6,4,6,6,6,6,6,6,3,0,0,2,6,6,6,1,0,1,6,6,6,6,6,0,0,0,1,6,6,6,0,0,0,1,6,6,6,6,1,0,0,0,6,6,6,1,0,0,0,1,6,6,6,5,0,0,0,6,6,6,6,3,0,1,5,6,6,6,6,0,0,0,3,6,6,6,6,6,6,6,6,6,6,5,0,0,0,0,0,2,3,3,3,3,3,4,3,2,0,0,9,"mfeat-pixel","att60",0.9
0,0,0,0,0,3,4,6,4,4,4,1,0,0,0,0,0,0,3,5,6,6,6,6,6,6,6,3,0,0,0,1,5,6,6,6,6,3,2,3,6,6,6,5,1,0,6,6,6,6,6,1,0,0,0,3,6,6,6,7.59,0,2,6,6,6,6,3,0,0,0,3,6,6,6,6,0,0,5,6,6,6,6,3,0,0,0,6,6,6,6,0,0,0,3,6,6,6,6,4,4,5,6,6,6,6,0,0,0,1,6,6,6,6,6,6,6,6,6,6,6,0,0,3,6,6,6,6,6,4,6,6,6,6,6,6,0,2,6,6,6,6,6,3,0,3,6,6,6,6,3,0,6,6,6,6,6,3,0,0,1,6,6,6,6,5,2,6,6,6,6,3,0,0,0,0,3,6,6,6,6,3,6,6,6,6,3,0,0,0,1,6,6,6,6,4,5,6,6,6,6,5,2,2,4,6,6,6,6,4,0,0,3,4,6,6,6,6,6,6,6,6,6,3,0,0,0,0,0,1,4,4,4,4,4,3,2,0,0,0,0,9,"mfeat-pixel","att60",0.9
0,0,0,3,6,6,6,6,5,1,0,0,0,0,0,1,4,5,6,6,6,6,6,6,6,3,0,0,0,0,4,6,6,6,3,0,1,5,6,6,6,2,0,0,0,6,6,6,3,0,0,0,3,6,6,6,6,0,0,-0.18,6,6,6,6,3,2,0,4,6,6,6,6,0,0,0,3,6,6,6,6,6,6,6,6,6,6,6,0,0,0,0,0,4,6,6,6,6,6,6,6,6,6,0,0,0,0,0,4,6,6,6,6,6,6,6,6,6,2,0,0,0,4,6,6,6,5,2,3,5,6,6,6,6,2,0,2,6,6,6,5,0,0,0,0,1,6,6,6,6,3,3,6,6,6,0,0,0,0,0,0,4,6,6,6,6,3,6,6,6,1,0,0,0,0,1,5,6,6,6,6,3,6,6,6,5,1,0,0,3,6,6,6,6,6,3,3,6,6,6,6,6,6,6,6,6,6,6,5,2,0,0,3,5,6,6,6,6,6,6,6,6,4,1,0,0,0,0,0,3,4,4,4,4,4,3,1,0,0,0,0,9,"mfeat-pixel","att60",0.9
0,0,0,0,0,1,4,6,4,4,4,4,4,3,0,0,0,0,0,1,5,6,6,4,4,4,6,6,6,5,0,0,0,0,3,6,6,1,0,0,0,1,6,6,6,0,0,0,0,5,6,6,0,0,0,0,5,6,6,3.18,0,0,0,0,6,6,6,3,0,0,0,3,6,6,6,0,0,0,1,6,6,6,4,0,0,0,6,6,6,3,0,0,3,6,6,6,6,6,5,1,0,6,6,6,3,0,5,6,6,3,1,1,5,6,6,6,6,2,2,0,0,6,6,5,0,0,0,1,5,6,6,6,3,0,0,0,6,4,0,0,0,0,0,0,2,5,6,6,5,0,2,6,3,0,0,0,0,0,0,0,0,6,6,6,2,3,6,6,3,0,0,0,0,0,0,0,6,6,6,3,3,6,6,6,0,0,0,0,0,0,0,6,6,6,5,3,6,6,6,1,0,0,0,0,0,1,6,6,6,3,1,6,6,6,6,6,6,4,4,5,6,6,6,5,1,0,3,4,4,4,4,4,4,4,4,4,4,3,0,0,9,"mfeat-pixel","att60",0.9
0,0,0,0,0,0,0,1,4,4,5,6,5,1,0,0,0,0,0,0,1,5,6,6,6,6,6,6,6,3,0,0,0,0,3,6,6,6,6,4,2,5,6,6,6,0,0,0,3,6,6,6,5,1,0,0,3,6,6,4.17,0,0,0,3,6,6,5,0,0,0,1,6,6,6,6,0,0,0,3,6,6,3,0,0,0,3,6,6,6,2,0,0,0,3,6,6,5,2,2,2,5,6,6,4,0,0,0,0,5,6,6,6,6,6,6,6,6,6,3,0,0,0,0,6,6,6,6,6,6,6,6,6,5,0,0,0,1,5,6,6,3,0,4,6,6,6,6,2,0,0,0,4,6,6,3,0,0,3,6,6,6,2,0,0,0,2,6,6,4,0,0,0,3,6,6,3,0,0,0,0,4,6,6,3,0,0,0,5,6,6,1,0,0,0,0,6,6,6,0,0,0,4,6,6,2,0,0,0,0,0,6,6,6,5,5,6,6,6,6,0,0,0,0,0,0,4,4,4,4,4,4,4,4,1,0,0,0,0,0,0,9,"mfeat-pixel","att60",0.9
0,0,0,3,4,4,4,4,4,4,4,4,3,0,0,0,0,2,6,6,6,6,6,6,6,6,6,6,5,0,0,0,6,6,5,2,2,1,0,0,3,6,6,6,0,0,0,6,6,0,0,0,0,0,0,0,6,6,6,0.23,0,2,6,6,1,0,0,0,0,0,0,6,6,6,0,0,3,6,6,6,3,0,0,0,0,0,6,6,6,0,0,0,6,6,6,6,5,1,0,0,1,6,6,6,0,0,0,6,6,6,6,6,6,3,3,6,6,6,6,0,0,2,6,6,6,4,6,6,6,6,6,6,6,4,0,0,6,6,6,1,0,1,5,6,6,6,6,6,0,0,0,6,6,2,0,0,0,0,5,6,6,6,6,0,0,0,6,6,1,0,0,0,0,1,5,6,6,6,1,0,0,6,6,5,0,0,0,0,0,0,5,6,6,5,1,1,6,6,6,3,0,0,0,0,1,5,6,6,6,2,1,6,6,6,6,6,6,6,6,6,6,6,6,5,0,0,2,2,2,3,4,4,4,4,4,4,3,2,0,0,9,"mfeat-pixel","att60",0.9
0,0,3,4,4,3,2,2,2,0,0,0,0,0,0,0,2,6,6,6,6,6,6,6,6,3,0,0,0,0,0,3,6,6,6,6,3,0,3,6,6,5,2,0,0,0,2,6,6,6,3,0,0,0,2,6,6,6,1,-2.46,0,0,4,6,6,5,1,0,0,0,5,6,6,3,0,0,0,2,6,6,6,3,0,0,0,0,6,6,3,0,0,0,0,4,6,6,5,0,0,0,5,6,6,3,0,0,0,0,3,6,6,6,5,2,5,6,6,6,2,0,0,0,0,1,6,6,6,6,6,6,6,6,4,0,0,0,0,0,3,6,6,6,6,6,6,6,6,2,0,0,0,0,3,6,6,5,2,5,6,6,6,6,0,0,0,0,1,5,6,5,0,0,0,4,6,6,6,5,1,0,2,6,6,4,0,0,0,0,0,3,6,6,6,6,2,3,6,6,5,1,0,0,0,0,0,4,6,6,6,3,2,6,6,6,6,6,5,4,4,5,6,6,6,6,3,0,3,4,4,2,3,4,4,3,2,2,4,4,4,1,9,"mfeat-pixel","att60",0.9
0,0,0,0,1,3,6,6,6,4,3,0,0,0,0,0,0,1,5,6,6,6,6,6,6,6,1,0,0,0,0,0,6,6,6,5,1,1,5,6,6,5,0,0,0,0,2,6,6,6,0,0,0,0,6,6,6,2,0,1.29,0,2,6,6,4,0,0,0,2,6,6,6,2,0,0,0,0,6,6,6,5,1,1,6,6,6,6,0,0,0,0,1,6,6,6,6,6,6,6,6,6,6,5,0,0,0,5,6,6,6,6,6,6,3,2,3,6,6,3,0,0,6,6,6,6,6,3,0,0,0,0,5,6,6,1,2,6,6,6,3,1,0,0,0,0,0,1,6,6,6,6,6,6,1,0,0,0,0,0,0,0,0,6,6,6,4,6,6,2,0,0,0,0,0,0,0,0,2,6,6,1,6,6,6,0,0,0,0,0,0,0,0,0,6,6,2,6,6,6,4,0,0,0,0,0,0,1,5,6,6,0,1,5,6,6,5,4,4,4,4,4,6,6,6,2,0,0,0,3,4,4,4,4,4,4,4,4,4,3,0,9,"mfeat-pixel","att60",0.9
0,0,0,0,0,0,1,4,4,4,4,2,1,0,0,0,0,0,0,2,5,6,6,6,6,6,6,6,1,0,0,0,0,1,6,6,6,6,6,6,6,6,6,3,0,0,0,0,3,6,6,6,5,1,1,5,6,6,3,1.29,0,0,0,3,6,6,6,3,0,0,3,6,6,5,0,0,0,0,3,6,6,6,3,0,0,3,6,6,6,3,0,0,0,3,6,6,6,5,1,1,5,6,6,6,1,0,0,3,6,6,6,6,6,6,6,6,6,6,6,0,0,3,6,6,6,6,6,6,6,6,6,6,6,3,0,0,3,6,6,5,1,0,3,6,6,6,6,3,0,0,0,5,6,6,3,0,0,0,1,5,6,6,6,1,0,2,6,6,6,4,0,0,0,0,0,6,6,6,6,0,0,4,6,6,6,2,0,0,0,3,6,6,6,3,0,0,1,6,6,6,5,1,1,5,6,6,6,6,3,0,0,0,2,6,6,6,6,6,6,6,6,6,5,1,0,0,0,0,1,4,4,4,4,4,4,2,1,0,0,0,9,"mfeat-pixel","att60",0.9
0,0,1,5,6,3,0,0,0,0,0,0,0,0,0,1,5,6,6,6,6,5,1,0,0,0,0,0,0,0,3,6,5,2,5,6,6,5,1,0,0,0,0,0,0,3,6,3,0,0,3,5,6,5,1,0,0,0,0,2.38,5,6,6,0,0,0,0,6,6,6,0,0,0,0,0,3,6,6,4,0,0,0,6,6,6,2,0,0,0,0,0,5,6,6,5,2,3,6,6,6,6,1,0,0,0,0,1,5,6,6,6,6,6,6,6,6,5,1,0,0,0,0,0,3,6,6,1,0,1,3,5,6,6,3,0,0,0,0,2,6,3,0,0,0,0,0,5,6,6,4,0,0,0,3,6,6,1,0,0,0,0,3,6,6,6,0,0,0,1,6,6,3,0,0,0,0,1,6,6,6,0,0,0,0,5,6,6,3,0,0,0,0,6,6,4,0,0,0,0,1,6,6,6,5,4,3,3,6,6,3,0,0,0,0,0,1,5,6,6,6,6,6,6,6,2,0,0,0,0,0,0,0,3,4,4,4,4,4,1,0,9,"mfeat-pixel","att60",0.9
0,0,0,1,3,4,5,6,6,4,3,0,0,0,0,0,0,3,6,6,6,6,6,6,6,6,5,0,0,0,0,3,6,6,6,6,6,6,6,6,6,6,0,0,0,0,6,6,6,6,6,1,0,4,6,6,6,5,0,1.36,0,5,6,6,6,6,3,2,5,6,6,6,5,0,0,0,1,6,6,6,6,6,6,6,6,6,6,3,0,0,0,0,3,6,6,6,6,6,6,6,6,6,6,1,0,0,0,3,6,6,6,6,6,6,6,6,6,6,6,1,0,0,6,6,6,6,3,0,0,4,6,6,6,6,4,0,1,6,6,6,4,0,0,0,0,6,6,6,6,6,1,6,6,6,6,3,0,0,0,0,6,6,6,6,4,3,6,6,6,6,4,0,0,0,4,6,6,6,6,3,3,6,6,6,6,6,1,0,1,6,6,6,6,6,2,1,6,6,6,6,6,6,6,6,6,6,6,6,3,0,0,2,6,6,6,6,6,6,6,6,6,3,1,0,0,0,0,1,4,4,4,4,4,3,1,0,0,0,0,0,9,"mfeat-pixel","att60",0.9
0,0,0,0,0,0,0,0,0,0,0,1,1,0,0,0,0,0,0,0,0,0,0,0,0,1,6,6,2,0,0,0,0,2,2,1,0,0,0,5,6,6,6,6,1,0,0,3,6,6,6,5,4,5,6,6,6,6,6,3.26,0,0,4,6,6,6,6,6,6,6,6,6,6,6,3,0,5,6,6,6,6,6,6,6,6,1,1,6,6,6,0,6,6,6,6,6,6,6,6,2,0,0,3,6,6,3,6,5,1,0,1,6,6,4,0,0,0,0,6,6,3,4,0,0,0,0,6,6,1,0,0,0,1,6,6,6,6,0,0,0,4,6,6,6,4,6,6,6,6,3,6,6,4,0,3,6,6,6,6,6,6,6,6,6,6,3,6,6,6,6,6,6,6,6,6,6,6,6,6,3,1,6,6,6,6,6,6,3,2,5,6,6,6,5,1,0,6,6,6,6,6,2,0,0,0,2,2,1,0,0,0,4,6,6,6,6,0,0,0,0,0,0,0,0,0,0,1,4,2,2,1,0,0,0,0,0,0,0,0,0,9,"mfeat-pixel","att60",0.9
0,0,1,4,6,4,3,2,0,0,0,0,0,0,0,1,4,6,6,6,6,6,6,4,0,0,0,0,0,0,5,6,6,6,3,0,4,6,6,5,0,0,0,0,0,3,6,6,6,0,0,1,6,6,6,4,0,0,0,3.14,3,6,6,6,2,0,0,3,6,6,6,0,0,0,0,2,6,6,6,6,3,0,3,6,6,6,0,0,0,0,0,1,5,6,6,6,6,6,6,6,6,0,0,0,0,0,0,0,4,6,6,6,6,6,6,6,0,0,0,0,0,0,0,0,6,6,6,4,6,6,6,2,0,0,0,0,0,0,1,6,6,3,0,2,6,6,6,1,0,0,0,0,0,3,6,6,5,0,0,2,6,6,3,0,0,0,0,0,0,6,6,6,0,0,0,6,6,5,2,0,0,0,0,0,6,6,6,2,0,0,3,6,6,6,4,0,0,0,0,4,6,6,4,0,3,6,6,6,6,3,0,0,0,0,0,6,6,6,6,6,6,6,6,2,0,0,0,0,0,0,1,4,4,4,4,4,4,1,0,0,9,"mfeat-pixel","att60",0.9
0,0,0,0,1,4,4,6,6,5,4,4,3,0,0,0,0,1,5,6,6,6,6,6,6,6,6,6,3,0,0,0,6,6,6,5,2,3,5,6,6,6,6,6,2,0,0,6,6,6,3,0,0,0,3,6,6,6,6,2.13,0,0,6,6,6,3,0,0,0,0,3,6,6,6,1,0,4,6,6,6,4,0,0,0,0,3,6,6,6,5,0,4,6,6,6,6,5,0,0,0,1,6,6,6,4,0,1,6,6,6,6,6,5,4,4,3,6,6,6,0,0,5,6,6,6,6,6,6,6,6,6,6,6,6,0,1,6,6,6,6,5,2,2,2,2,5,6,6,6,0,5,6,6,6,3,0,0,0,0,0,1,6,6,6,1,4,6,6,3,0,0,0,0,0,0,0,3,6,6,5,0,6,6,4,0,0,0,0,0,0,0,4,6,6,5,0,6,6,6,2,0,0,1,2,2,5,6,6,6,3,0,2,6,6,6,4,5,6,6,6,6,6,5,4,1,0,0,3,4,4,4,4,4,4,4,4,2,0,0,0,9,"mfeat-pixel","att60",0.9
0,0,0,1,4,4,6,5,4,3,1,0,0,0,0,0,0,1,5,6,6,6,6,6,6,6,6,5,1,0,0,0,6,6,6,6,3,2,3,5,6,6,6,6,1,0,0,6,6,6,6,1,0,0,0,0,4,6,6,7.09,0,0,6,6,6,6,6,2,0,0,0,3,6,6,6,0,4,6,6,6,6,6,4,0,0,0,3,6,6,3,3,6,6,6,6,6,6,6,6,4,4,6,6,6,3,1,6,6,6,4,1,3,6,6,6,6,6,6,6,1,1,6,6,6,1,0,0,0,3,6,6,6,6,6,0,3,6,6,6,3,0,0,0,0,5,6,6,6,6,0,1,6,6,6,5,0,0,0,0,1,6,6,6,6,0,0,6,6,6,6,0,0,0,0,0,1,5,6,6,4,0,6,6,6,6,2,0,0,0,0,0,4,6,6,5,0,4,6,6,6,6,3,2,2,3,5,6,6,6,1,0,0,5,6,6,6,6,6,6,6,6,6,6,5,0,0,0,0,0,1,3,4,4,4,4,4,4,3,0,0,9,"mfeat-pixel","att60",0.9
0,0,0,0,0,1,5,6,6,6,5,1,0,0,0,0,0,0,0,1,6,6,6,6,6,6,6,4,0,0,0,0,0,0,5,6,6,6,5,2,5,6,6,5,1,0,0,0,0,6,6,6,6,1,0,3,6,6,6,7.67,0,0,0,0,6,6,6,6,5,2,5,6,6,6,4,0,0,0,1,6,6,6,6,6,6,6,6,6,5,0,0,0,3,6,6,6,6,6,6,6,6,5,3,0,0,0,3,6,6,6,6,6,6,6,6,4,0,0,0,0,5,6,6,4,0,1,5,6,6,6,6,1,0,0,0,6,6,6,0,0,0,0,5,6,6,6,6,0,0,0,6,6,6,0,0,0,0,1,6,6,6,4,0,0,0,6,6,6,0,0,0,0,0,6,6,6,0,0,0,0,6,6,6,3,0,0,0,3,6,6,4,0,0,0,0,6,6,6,6,5,4,5,6,6,5,0,0,0,0,0,3,6,6,6,6,6,6,6,3,0,0,0,0,0,0,0,1,2,2,2,3,4,1,0,0,0,0,0,0,0,9,"mfeat-pixel","att60",0.9
0,0,2,2,2,3,4,3,2,2,2,0,0,0,0,0,0,6,6,6,6,6,6,6,6,6,6,4,1,0,0,0,6,6,6,6,6,3,0,1,5,6,6,6,0,0,0,4,6,6,6,6,1,0,0,0,6,6,6,0.43,0,0,1,6,6,6,6,6,3,2,5,6,6,6,3,0,0,5,6,6,6,6,6,6,6,6,6,6,6,0,0,2,6,6,6,5,2,3,6,6,6,6,6,4,0,0,6,6,6,4,0,0,0,1,6,6,6,6,0,0,2,6,6,6,0,0,0,0,0,5,6,6,6,1,0,1,6,6,2,0,0,0,0,0,1,5,6,6,5,0,0,6,6,0,0,0,0,0,0,0,1,5,6,6,0,0,6,6,3,0,0,0,0,0,0,0,3,6,6,0,0,4,6,6,6,3,0,0,0,0,0,6,6,6,1,0,0,5,6,6,6,5,2,2,2,5,6,6,5,1,0,0,0,3,5,6,6,6,6,6,6,6,3,0,0,0,0,0,0,0,2,3,4,4,3,2,2,0,0,0,9,"mfeat-pixel","att60",0.9
0,0,1,3,6,6,6,6,6,5,1,0,0,0,0,5,6,6,6,6,6,6,6,6,6,6,1,0,0,0,6,6,6,5,2,2,3,4,6,6,6,6,0,0,0,5,6,6,4,0,0,0,0,3,6,6,6,3,0,2.92,2,6,6,6,3,0,0,0,1,6,6,6,6,0,0,0,3,6,6,6,5,1,0,0,4,6,6,6,2,0,0,0,4,6,6,6,6,6,3,4,6,6,6,3,0,0,0,0,6,6,6,6,6,6,6,6,6,6,1,0,0,0,0,6,6,6,6,6,6,6,6,6,3,0,0,0,0,0,6,6,6,1,1,3,6,6,6,4,0,0,0,0,0,6,6,6,0,0,0,2,6,6,6,6,2,0,0,3,6,6,6,0,0,0,0,4,6,6,6,4,0,0,2,6,6,6,3,0,0,0,0,6,6,6,6,0,0,0,6,6,6,6,6,4,2,5,6,6,6,5,0,0,0,5,6,6,6,6,6,6,6,6,6,6,1,0,0,0,0,1,3,4,4,4,4,4,4,4,1,0,9,"mfeat-pixel","att60",0.9
0,0,0,0,2,4,4,4,4,4,2,0,0,0,0,0,2,4,6,6,6,6,6,6,6,6,6,3,0,0,0,5,6,6,6,3,2,2,3,6,6,6,6,3,0,2,6,6,6,3,0,0,0,0,1,5,6,6,6,-1.5,0,2,6,6,5,1,0,0,0,0,3,6,6,6,0,0,0,1,4,6,6,4,4,3,3,6,6,6,6,3,0,0,0,0,3,6,6,6,6,6,6,6,6,6,0,0,0,1,3,6,4,0,1,5,6,6,6,6,6,0,0,0,5,6,6,1,0,0,0,3,6,6,6,4,0,0,3,6,6,3,0,0,0,0,0,4,6,6,3,0,0,6,6,6,3,0,0,0,0,0,2,6,6,3,0,1,6,6,6,3,0,0,0,0,0,1,6,6,6,1,3,6,6,6,3,0,0,0,0,0,3,6,6,6,3,3,6,6,6,6,3,2,2,2,3,6,6,6,3,0,0,1,5,6,6,6,6,6,6,6,6,6,2,0,0,0,0,1,2,2,2,4,4,4,2,2,0,0,0,0,9,"mfeat-pixel","att60",0.9
0,0,0,0,1,3,6,6,6,6,3,1,0,0,0,0,0,1,3,6,6,6,6,6,6,6,6,6,3,0,0,3,6,6,6,6,5,4,5,6,6,6,6,6,1,1,6,6,6,5,1,0,0,0,1,6,6,6,6,0.03,5,6,6,6,3,0,0,0,0,0,6,6,6,6,3,2,6,6,6,6,3,0,1,2,3,6,6,6,6,2,0,6,6,6,6,6,6,6,6,6,6,6,6,4,0,0,2,6,6,6,6,5,5,6,6,6,6,6,0,0,0,0,6,6,6,3,0,0,1,3,6,6,6,5,1,0,4,6,6,6,0,0,0,0,0,2,6,6,6,6,0,6,6,6,4,0,0,0,0,0,0,3,6,6,6,0,5,6,6,3,0,0,0,0,0,0,5,6,6,5,0,1,6,6,6,2,0,0,0,0,0,4,6,6,3,0,0,4,6,6,6,3,2,2,3,5,6,6,6,1,0,0,0,3,6,6,6,6,6,6,6,6,6,3,0,0,0,0,0,1,3,4,4,4,4,4,3,1,0,0,9,"mfeat-pixel","att60",0.9
0,0,0,0,1,4,4,6,6,5,2,0,0,0,0,0,0,0,0,6,6,6,6,6,6,6,5,1,0,0,0,0,0,4,6,6,3,0,3,6,6,6,6,0,0,0,0,2,6,6,6,2,0,0,2,6,6,6,2,0.18,0,0,3,6,6,6,1,0,0,0,2,6,6,6,2,0,0,3,6,6,6,2,0,0,0,2,6,6,6,3,0,0,0,6,6,6,6,0,0,3,6,6,6,6,0,0,0,2,6,6,6,6,5,5,6,6,6,6,2,0,0,0,6,6,6,6,6,6,6,6,6,6,3,0,0,0,4,6,6,4,0,1,2,3,6,6,6,6,2,0,4,6,6,6,3,0,0,0,0,3,6,6,6,3,0,6,6,6,6,4,0,0,0,0,3,6,6,6,6,0,4,6,6,6,6,0,0,0,0,4,6,6,6,4,0,3,6,6,6,6,5,1,0,3,6,6,6,5,0,0,0,6,6,6,6,6,6,6,6,6,6,6,1,0,0,0,1,4,4,4,4,4,4,4,4,4,1,0,0,0,9,"mfeat-pixel","att60",0.9
0,0,0,0,1,4,6,6,6,6,4,1,0,0,0,0,0,0,3,6,6,6,6,6,6,6,6,5,1,0,0,0,0,6,6,5,2,0,0,3,6,6,6,6,2,0,0,2,6,6,0,0,0,0,0,6,6,6,6,6.62,0,0,6,6,6,0,0,0,0,0,6,6,6,6,4,0,0,6,6,6,1,0,0,0,1,6,6,6,6,0,0,4,6,6,6,6,6,6,6,6,6,6,6,2,0,0,6,6,6,6,6,6,6,6,6,6,6,4,0,0,4,6,6,6,5,4,5,6,6,6,6,6,4,0,0,5,6,6,5,0,0,0,1,3,6,6,6,6,0,0,4,6,6,1,0,0,0,0,0,1,6,6,6,0,0,6,6,6,2,0,0,0,0,0,4,6,6,5,0,0,2,6,6,6,0,0,0,0,0,6,6,6,3,0,0,0,5,6,6,5,1,0,0,3,6,6,6,2,0,0,0,1,6,6,6,6,4,6,6,6,6,6,0,0,0,0,0,1,4,4,4,4,4,4,4,4,1,0,0,0,9,"mfeat-pixel","att60",0.9
0,3,4,6,6,6,6,4,6,5,1,0,0,0,0,0,6,6,6,6,6,6,6,6,6,6,2,0,0,0,4,6,6,6,5,1,1,6,6,6,6,4,0,0,0,5,6,6,6,5,1,0,2,6,6,6,6,1,0,-1.58,1,6,6,6,6,6,3,3,6,6,6,6,5,0,0,0,1,5,6,6,6,6,6,6,6,6,6,2,0,0,0,0,0,6,6,6,6,6,6,6,6,4,0,0,0,0,0,5,6,5,3,1,1,6,6,6,6,5,0,0,0,4,6,6,0,0,0,0,1,3,6,6,6,1,0,1,6,6,5,0,0,0,0,0,0,5,6,6,5,0,5,6,6,3,0,0,0,0,0,0,1,6,6,6,0,6,6,6,6,0,0,0,0,0,0,4,6,6,6,3,6,6,6,6,3,0,0,0,0,2,6,6,6,5,1,6,6,6,6,6,6,6,5,4,6,6,6,6,1,0,1,5,6,6,6,6,6,6,6,6,5,3,1,0,0,0,0,3,4,4,4,4,4,3,1,0,0,0,0,0,9,"mfeat-pixel","att60",0.9
0,0,3,6,6,6,6,6,6,4,4,3,0,0,0,0,0,6,6,6,3,2,3,5,6,6,6,5,0,0,0,0,6,6,6,0,0,0,0,1,5,6,6,2,0,0,0,4,6,6,2,0,0,0,0,1,6,6,6,0.29,0,0,0,4,6,6,2,0,0,0,0,6,6,6,0,0,0,0,0,6,6,6,0,0,0,0,6,6,6,2,0,0,1,5,6,6,6,3,0,0,2,6,6,6,2,0,3,6,6,6,6,6,6,5,4,6,6,6,3,0,0,6,6,6,3,2,5,6,6,6,6,6,4,0,0,2,6,6,4,0,0,0,3,6,6,6,6,0,0,0,6,6,6,0,0,0,0,0,2,6,6,6,1,0,0,6,6,6,0,0,0,0,0,0,1,6,6,5,1,0,6,6,6,0,0,0,0,0,0,0,1,6,6,5,0,6,6,6,4,0,0,0,0,0,0,1,6,6,6,0,5,6,6,6,3,2,2,2,2,3,6,6,6,4,0,0,3,4,4,4,4,4,4,4,4,4,4,3,0,0,9,"mfeat-pixel","att60",0.9
0,0,0,1,5,6,6,6,6,6,6,6,5,3,0,0,0,2,6,6,6,6,5,4,6,6,6,6,6,0,0,2,6,6,6,5,1,0,0,0,3,6,6,6,4,0,1,5,6,6,4,0,0,0,0,0,1,6,6,8.26,0,0,4,6,6,6,5,0,0,0,0,5,6,6,6,0,2,6,6,6,6,6,3,2,2,3,6,6,6,6,0,0,3,6,6,6,6,6,6,6,6,6,6,6,5,0,3,6,6,6,4,4,4,4,6,6,6,6,6,3,2,6,6,6,1,0,0,0,0,1,5,6,6,6,5,6,6,6,3,0,0,0,0,0,0,0,6,6,6,6,6,6,3,0,0,0,0,0,0,0,0,6,6,6,5,6,6,6,3,0,0,0,0,0,0,0,6,6,6,3,4,6,6,6,3,0,0,0,0,0,3,6,6,6,1,0,6,6,6,6,4,0,1,4,6,6,6,6,6,0,0,1,5,6,6,6,6,6,6,6,6,6,4,1,0,0,0,1,4,4,4,4,4,4,4,3,1,0,0,0,9,"mfeat-pixel","att60",0.9
0,0,0,0,3,6,6,4,4,6,4,3,1,0,0,0,0,0,5,6,6,6,6,6,6,6,6,6,2,0,0,0,0,6,6,6,6,5,2,5,6,6,6,1,0,0,0,0,6,6,6,6,0,0,1,6,6,6,1,-0.95,0,0,0,6,6,6,6,0,0,3,6,6,6,3,0,0,0,0,6,6,6,6,0,0,1,6,6,6,0,0,0,0,3,6,6,6,6,5,2,5,6,6,6,0,0,0,2,6,6,6,6,6,6,6,6,6,6,6,4,0,1,5,6,6,6,5,4,5,6,6,6,6,6,6,0,3,6,6,6,6,0,0,0,1,5,6,6,6,4,0,4,6,6,6,2,0,0,0,0,0,6,6,6,1,0,6,6,6,6,0,0,0,0,0,0,6,6,6,5,1,6,6,6,6,0,0,0,0,0,0,6,6,6,6,3,3,6,6,6,1,0,0,0,0,1,6,6,6,6,1,5,6,6,6,6,6,6,6,6,6,6,6,6,6,0,3,4,4,4,4,4,4,4,4,4,4,4,4,3,0,9,"mfeat-pixel","att60",0.9
0,0,0,0,0,1,4,5,6,6,6,6,5,1,0,0,0,0,0,3,6,6,6,6,4,6,6,6,6,2,0,0,0,3,6,6,6,6,1,0,1,5,6,6,5,0,0,0,3,6,6,6,3,0,0,0,3,6,6,7.27,0,0,0,5,6,6,6,1,0,0,0,4,6,6,6,0,0,3,6,6,6,6,2,0,0,2,6,6,6,3,0,0,3,6,6,6,6,6,4,4,6,6,6,4,0,0,0,4,6,6,6,6,6,6,6,6,6,6,0,0,0,4,6,6,6,3,0,2,5,6,6,6,6,5,1,4,6,6,6,3,0,0,0,0,3,6,6,6,6,6,6,6,6,5,0,0,0,0,0,0,1,6,6,6,6,6,6,6,3,0,0,0,0,0,0,1,6,6,6,4,5,6,6,5,1,0,0,0,0,0,3,6,6,6,3,1,6,6,6,6,3,2,2,2,3,6,6,6,3,0,0,2,6,6,6,6,6,6,6,6,6,6,2,0,0,0,0,1,4,4,4,4,4,4,4,4,1,0,0,0,9,"mfeat-pixel","att60",0.9
0,1,4,6,6,6,6,4,2,0,0,0,0,0,0,0,6,6,6,6,6,6,6,6,5,1,0,0,0,0,0,6,6,6,6,3,2,5,6,6,6,4,2,0,0,3,6,6,6,6,0,0,0,3,6,6,6,6,3,-0.22,2,6,6,6,6,5,1,0,0,6,6,6,6,3,0,0,1,5,6,6,6,6,3,3,6,6,6,6,4,0,0,0,0,4,6,6,6,6,6,6,6,6,6,3,0,0,0,0,4,6,6,6,6,6,6,6,6,4,0,0,0,0,0,6,6,6,6,6,6,6,6,6,4,0,0,0,0,4,6,6,6,3,2,5,6,6,6,6,2,0,0,0,5,6,6,6,1,0,0,4,6,6,6,6,0,0,0,3,6,6,6,5,0,0,0,5,6,6,6,4,0,0,3,6,6,6,4,0,0,1,5,6,6,6,3,0,0,1,5,6,6,6,4,4,6,6,6,6,3,0,0,0,0,0,3,6,6,6,6,6,6,6,2,0,0,0,0,0,0,0,1,4,4,4,4,4,1,0,0,0,9,"mfeat-pixel","att60",0.9
0,0,0,0,0,0,2,3,4,4,3,0,0,0,0,0,0,0,1,4,6,6,6,6,6,6,5,1,0,0,0,1,5,6,6,6,6,5,4,6,6,6,4,0,0,0,6,6,6,5,2,0,0,0,1,5,6,6,2,0.03,2,6,6,4,0,0,0,0,0,0,0,4,6,3,0,3,6,6,3,0,0,0,0,0,0,0,3,6,5,0,3,6,6,3,0,0,0,0,0,0,0,0,6,6,3,0,5,6,6,3,2,1,0,0,0,0,0,6,6,3,0,0,5,6,6,6,6,4,1,0,0,1,6,6,3,0,0,3,6,6,6,6,6,6,4,4,6,6,6,1,0,1,6,6,6,6,6,6,6,6,6,6,6,3,0,0,3,6,6,6,3,0,1,3,6,6,6,6,4,0,0,2,6,6,6,0,0,0,0,1,6,6,6,6,0,0,0,4,6,6,3,0,0,0,3,6,6,6,6,2,0,0,1,5,6,6,5,5,6,6,6,6,6,6,3,0,0,0,0,1,3,4,4,4,4,4,4,4,4,1,9,"mfeat-pixel","att60",0.9
0,0,0,0,3,4,5,5,2,0,0,0,0,0,0,0,0,1,5,6,6,6,6,6,5,4,1,0,0,0,0,2,6,6,5,3,3,6,6,6,6,6,2,0,0,0,6,6,6,0,0,0,1,6,6,6,6,6,0,-1,0,6,6,6,0,0,0,0,3,6,6,6,6,0,0,0,6,6,6,1,0,0,0,2,6,6,6,6,0,0,0,5,6,6,6,3,0,0,0,4,6,6,6,0,0,0,1,6,6,6,6,6,5,4,6,6,6,6,0,0,0,4,6,6,6,6,4,5,6,6,6,6,6,0,0,0,6,6,6,5,1,0,0,3,6,6,6,6,1,0,1,6,6,6,0,0,0,0,0,1,5,6,6,5,0,5,6,6,6,0,0,0,0,0,0,0,6,6,6,3,3,6,6,6,0,0,0,0,0,1,5,6,6,5,1,3,6,6,6,5,3,0,1,4,6,6,6,3,0,0,0,3,6,6,6,6,6,6,6,6,4,1,0,0,0,0,0,1,3,4,4,4,4,4,1,0,0,0,0,0,9,"mfeat-pixel","att60",0.9
0,0,0,1,2,2,2,4,4,4,4,4,2,1,0,0,0,2,6,6,6,6,6,6,6,6,6,6,6,2,0,0,3,6,6,6,5,2,2,2,5,6,6,6,2,0,0,3,6,6,6,0,0,0,0,0,6,6,4,1.7,0,0,3,6,6,6,5,0,0,0,3,6,6,3,0,0,0,3,6,6,6,6,4,0,0,4,6,6,3,0,0,1,6,6,6,6,6,6,5,5,6,6,3,0,0,0,3,6,6,6,6,6,6,6,6,6,1,0,0,0,0,5,6,6,6,5,2,3,6,6,6,4,0,0,0,0,4,6,6,4,0,0,0,1,6,6,6,4,0,0,0,3,6,6,3,0,0,0,0,3,6,6,6,2,0,0,1,6,6,5,0,0,0,0,0,6,6,6,3,0,0,0,6,6,6,3,0,0,0,3,6,6,6,0,0,0,0,5,6,6,4,0,0,3,6,6,6,5,0,0,0,0,3,6,6,6,5,5,6,6,6,5,0,0,0,0,0,1,4,4,4,4,4,4,4,4,1,0,0,0,9,"mfeat-pixel","att60",0.9
0,0,0,3,4,4,4,4,4,4,4,4,1,0,0,0,0,2,6,6,6,4,4,4,4,5,6,6,3,0,0,0,5,6,6,1,0,0,0,0,0,3,6,6,2,0,0,6,6,6,2,0,0,0,0,0,0,4,6,5.37,0,0,1,6,6,6,3,0,0,0,0,0,3,6,3,0,0,1,6,6,6,6,5,1,0,0,0,3,6,3,0,1,6,6,6,6,6,6,6,3,1,1,5,6,3,0,3,6,6,6,3,0,3,6,6,6,6,6,6,3,0,5,6,6,3,0,0,0,3,6,6,6,6,6,1,3,6,6,1,0,0,0,0,1,5,6,6,6,3,0,3,6,6,0,0,0,0,0,0,1,6,6,6,1,0,3,6,6,3,0,0,0,0,0,0,6,6,6,1,0,2,6,6,3,0,0,0,0,0,0,6,6,6,3,0,0,4,6,6,3,0,0,0,2,5,6,6,6,3,0,0,3,6,6,6,6,4,6,6,6,6,6,6,2,0,0,1,4,4,4,4,4,4,4,4,4,4,1,0,0,9,"mfeat-pixel","att60",0.9
0,0,0,0,0,0,4,3,3,3,0,0,0,0,0,0,0,0,2,2,5,6,6,6,6,6,4,3,0,0,0,0,5,6,6,3,0,2,2,5,6,6,6,5,0,0,0,6,6,4,0,0,0,0,0,4,6,6,6,3.74,0,1,6,6,1,0,0,0,0,0,0,5,6,6,1,0,2,6,6,6,4,1,0,0,0,0,3,6,6,3,0,0,3,6,6,6,6,5,2,2,3,6,6,6,3,0,0,2,6,6,6,6,6,6,6,6,6,6,5,1,0,2,6,6,6,5,2,4,6,6,6,6,6,0,0,0,6,6,6,3,0,0,0,0,3,6,6,6,4,0,2,6,6,5,0,0,0,0,0,0,2,6,6,6,2,3,6,6,3,0,0,0,0,0,0,0,6,6,6,3,1,6,6,5,1,0,0,0,0,0,1,6,6,6,3,0,6,6,6,6,3,2,2,2,3,6,6,6,6,1,0,6,6,6,6,6,6,6,6,6,6,6,4,3,0,0,3,3,3,4,4,4,4,4,3,2,0,0,0,0,9,"mfeat-pixel","att60",0.9
0,1,4,4,4,4,4,4,4,3,2,0,0,0,0,0,2,6,6,6,6,6,6,6,6,6,6,3,0,0,0,0,6,6,6,6,6,6,6,6,6,6,6,0,0,0,0,5,6,6,6,6,6,6,6,6,6,6,3,1.19,0,0,1,6,6,6,6,6,6,6,6,6,6,1,0,0,0,0,6,6,6,6,6,6,6,6,6,6,0,0,0,0,2,6,6,6,6,6,6,6,6,6,6,0,0,0,0,6,6,6,6,6,6,6,6,6,6,6,0,0,0,2,6,6,6,6,6,5,2,5,6,6,6,4,0,0,6,6,6,6,6,6,0,0,0,6,6,6,6,1,0,6,6,6,6,6,2,0,0,0,2,6,6,6,3,0,6,6,6,6,6,0,0,0,0,2,6,6,6,3,0,6,6,6,6,6,3,0,0,0,4,6,6,6,2,0,6,6,6,6,6,6,5,4,5,6,6,6,5,0,0,5,6,6,6,6,6,6,6,6,6,6,6,1,0,0,0,2,3,4,3,3,3,2,2,3,3,2,0,0,9,"mfeat-pixel","att60",0.9
0,0,0,0,3,4,4,4,2,2,0,0,0,0,0,0,1,4,6,6,6,6,4,6,6,6,3,1,0,0,2,6,6,6,3,0,0,0,0,3,6,6,6,2,0,3,6,6,6,0,0,0,0,0,0,5,6,6,3,-1.93,2,6,6,6,1,0,0,0,0,0,4,6,6,3,0,0,4,6,6,5,1,0,0,0,0,6,6,6,2,0,0,2,6,6,6,6,4,1,0,3,6,6,4,0,0,0,1,6,6,6,6,6,6,6,6,6,6,3,0,0,0,3,6,6,6,4,5,6,6,6,6,6,1,0,0,0,4,6,6,1,0,0,1,4,6,6,6,4,0,0,2,6,6,6,0,0,0,0,0,1,6,6,6,5,0,3,6,6,6,1,0,0,0,0,0,4,6,6,6,3,3,6,6,6,5,1,0,0,0,0,4,6,6,6,2,1,6,6,6,6,6,3,2,3,5,6,6,6,3,0,0,2,6,6,6,6,6,6,6,6,6,5,1,0,0,0,0,1,2,3,4,4,2,2,2,2,0,0,0,0,9,"mfeat-pixel","att60",0.9
0,0,0,0,1,2,1,0,0,1,2,0,0,0,0,0,0,2,6,6,6,6,6,6,6,6,5,1,0,0,0,0,3,6,6,6,5,3,3,5,6,6,6,2,0,0,1,6,6,6,6,0,0,0,0,4,6,6,4,-0.48,0,5,6,6,6,6,4,0,0,0,4,6,6,6,0,0,5,6,6,6,6,6,4,0,0,6,6,6,3,0,0,0,6,6,6,6,6,6,3,3,6,6,6,3,0,0,1,6,6,6,6,6,6,6,6,6,6,6,3,0,3,6,6,6,6,5,4,5,6,6,6,6,6,1,0,6,6,6,6,5,0,0,0,3,6,6,6,6,3,0,6,6,6,6,3,0,0,0,0,2,6,6,6,6,4,6,6,6,6,3,0,0,0,0,0,4,6,6,6,6,3,6,6,6,1,0,0,0,0,0,1,6,6,6,1,3,6,6,6,1,0,0,0,0,0,1,6,6,3,0,1,6,6,6,6,4,5,6,6,6,6,6,6,2,0,0,1,4,4,4,4,4,4,4,4,4,2,0,0,0,9,"mfeat-pixel","att60",0.9
0,0,0,3,6,6,6,6,6,5,4,3,0,0,0,0,0,2,6,6,6,4,4,6,6,6,6,5,1,0,0,0,6,6,6,3,0,0,1,5,6,6,6,6,3,0,0,6,6,6,4,0,0,0,0,3,6,6,6,8.43,0,0,6,6,6,6,3,0,0,0,0,6,6,5,0,0,0,6,6,6,6,6,6,4,2,3,6,6,5,0,0,0,3,6,6,6,6,6,6,6,6,6,6,5,0,0,0,5,6,6,6,6,6,6,6,6,6,6,1,0,0,3,6,6,5,4,2,0,0,2,5,6,6,0,0,3,6,6,6,0,0,0,0,0,0,0,6,6,2,0,4,6,6,6,0,0,0,0,0,1,5,6,6,6,0,6,6,6,6,1,0,0,0,0,3,6,6,6,2,0,6,6,6,6,6,2,0,0,0,3,6,6,6,0,0,3,6,6,6,6,3,0,0,1,6,6,5,3,0,0,0,2,6,6,6,6,4,4,6,6,6,0,0,0,0,0,0,1,4,4,4,4,4,4,4,3,0,0,0,0,9,"mfeat-pixel","att60",0.9
1,5,5,4,4,4,6,5,4,3,1,0,0,0,0,5,6,6,6,6,6,6,6,6,6,6,2,0,0,0,3,6,6,6,3,2,2,5,6,6,6,6,0,0,0,1,6,6,6,2,0,0,0,3,6,6,6,2,0,1.24,0,3,6,6,6,1,0,0,0,6,6,6,3,0,0,0,2,6,6,6,3,0,0,0,6,6,6,3,0,0,0,0,4,6,6,5,1,0,1,6,6,6,3,0,0,0,0,2,6,6,6,4,0,4,6,6,6,0,0,0,0,0,3,6,6,6,6,6,6,6,6,6,0,0,0,0,2,6,6,6,6,6,6,6,6,6,6,1,0,0,1,6,6,6,5,1,1,5,6,6,6,6,6,6,5,3,6,6,5,0,0,0,1,5,6,6,6,6,4,3,5,6,6,0,0,0,0,0,0,6,6,6,3,0,0,6,6,6,3,2,2,0,0,3,6,6,6,3,0,0,5,6,6,6,6,6,6,6,6,6,6,6,2,0,0,1,4,4,4,4,4,4,4,4,4,3,1,0,0,0,9,"mfeat-pixel","att60",0.9
0,0,2,4,5,6,6,5,4,2,0,0,0,0,0,1,5,6,6,6,6,6,6,6,6,5,1,0,0,0,3,6,6,6,4,0,1,5,6,6,6,6,1,0,0,3,6,6,6,4,0,0,0,4,6,6,6,3,0,0.95,3,6,6,6,6,5,2,2,5,6,6,6,3,0,0,0,5,6,6,6,6,6,6,6,6,6,6,6,2,0,0,0,6,6,6,6,6,6,6,6,6,6,6,1,0,0,1,6,6,6,6,6,4,6,6,6,6,6,1,0,0,3,6,6,6,6,1,0,0,3,6,6,6,5,0,0,1,6,6,6,3,0,0,0,0,5,6,6,6,3,0,0,3,6,6,6,0,0,0,0,1,6,6,6,3,0,0,3,6,6,6,0,0,0,0,0,6,6,6,3,0,0,2,6,6,6,5,0,0,0,0,4,6,6,3,0,0,0,3,6,6,6,5,2,2,5,6,6,6,2,0,0,0,0,3,6,6,6,6,6,6,6,6,3,0,0,0,0,0,0,0,2,4,4,4,4,2,0,0,0,9,"mfeat-pixel","att60",0.9
1,2,2,2,2,3,4,2,4,3,2,0,0,0,0,3,6,6,6,6,6,6,6,6,6,6,6,2,0,0,3,6,6,6,3,0,0,0,3,6,6,6,4,0,0,2,6,6,6,0,0,0,0,0,1,6,6,6,2,0.03,0,4,6,6,1,0,0,0,0,0,6,6,6,6,0,0,2,6,6,5,0,0,0,0,0,6,6,6,4,0,0,1,6,6,6,5,1,0,0,1,6,6,6,0,0,0,3,6,6,6,6,6,5,4,6,6,6,6,0,0,0,4,6,6,6,6,6,6,6,6,6,6,6,0,0,0,6,6,6,6,4,4,5,6,6,6,6,6,0,0,2,6,6,6,1,0,0,0,3,6,6,6,6,3,0,3,6,6,6,0,0,0,0,0,1,5,6,6,5,0,3,6,6,6,0,0,0,0,0,0,0,6,6,6,3,3,6,6,6,3,0,0,0,0,0,3,6,6,6,2,2,6,6,6,6,5,4,4,4,5,6,6,6,2,0,0,1,4,4,3,2,2,4,2,3,3,2,1,0,0,9,"mfeat-pixel","att60",0.9
0,0,3,6,6,6,6,6,3,0,0,0,0,0,0,2,6,6,6,6,6,6,6,6,2,0,0,0,0,0,5,6,6,6,5,2,5,6,6,6,3,0,0,0,0,3,6,6,6,0,0,0,4,6,6,6,0,0,0,2.85,3,6,6,6,3,0,0,0,6,6,6,0,0,0,0,0,5,6,6,6,5,2,3,6,6,6,1,0,0,0,0,1,6,6,6,6,6,6,6,6,6,5,0,0,0,0,0,4,6,6,6,6,6,6,6,6,6,3,0,0,0,2,6,6,5,4,5,6,6,6,6,6,6,6,2,1,6,6,6,0,0,0,1,2,5,6,6,6,6,5,3,6,6,6,1,0,0,0,0,0,4,6,6,6,6,3,6,6,6,3,0,0,0,0,0,3,6,6,6,1,2,6,6,6,6,4,2,0,2,4,6,6,6,2,0,0,2,6,6,6,6,6,6,6,6,6,6,4,0,0,0,0,1,5,6,6,6,6,6,6,6,3,0,0,0,0,0,0,0,3,4,4,4,4,4,1,0,0,0,0,9,"mfeat-pixel","att60",0.9
0,0,3,6,6,6,6,6,5,2,0,0,0,0,0,0,5,6,6,6,6,6,6,6,6,6,3,0,0,0,5,6,6,1,0,0,0,0,3,6,6,6,2,0,0,6,6,6,0,0,0,0,0,0,3,6,6,6,2,1.68,6,6,6,2,0,0,0,0,0,0,1,6,6,1,0,6,6,6,6,0,0,0,0,0,0,0,6,6,2,0,2,6,6,6,5,4,4,4,3,2,3,6,6,2,0,2,6,6,6,6,6,6,6,6,6,6,6,6,0,0,6,6,6,6,5,3,2,2,3,6,6,6,6,3,0,6,6,6,4,0,0,0,0,0,0,2,5,6,6,3,6,6,6,4,0,0,0,0,0,0,0,0,6,6,4,5,6,6,5,0,0,0,0,0,0,0,3,6,6,6,4,6,4,0,0,0,0,0,0,0,1,5,6,6,5,5,6,6,4,4,2,0,2,4,5,6,6,6,3,0,0,3,6,6,6,6,6,6,6,6,6,6,3,0,0,0,0,1,3,4,4,4,4,4,2,0,0,0,0,0,9,"mfeat-pixel","att60",0.9
0,0,1,2,2,2,4,3,2,2,2,3,4,1,0,0,0,3,6,6,6,6,6,6,6,6,6,6,6,1,0,0,3,6,6,6,6,3,0,1,5,6,6,6,3,0,0,0,4,6,6,6,0,0,0,2,6,6,6,5.89,0,0,1,5,6,6,6,0,0,0,0,3,6,6,2,0,0,3,6,6,6,6,1,0,0,3,6,6,4,0,0,0,4,6,6,6,6,6,4,5,6,6,6,6,0,0,2,6,6,6,6,6,6,6,6,6,6,6,5,0,0,4,6,6,6,6,3,3,5,6,6,6,6,3,0,2,6,6,6,6,1,0,0,0,4,6,6,6,1,0,3,6,6,6,3,0,0,0,0,1,6,6,6,0,0,3,6,6,5,1,0,0,0,0,0,6,6,6,3,0,3,6,6,1,0,0,0,0,0,0,4,6,6,3,0,3,6,6,6,3,0,0,0,0,1,5,6,6,3,0,2,6,6,6,6,5,4,4,4,6,6,6,6,2,0,0,1,2,3,4,4,4,4,4,4,4,4,3,0,0,9,"mfeat-pixel","att60",0.9
0,0,3,4,4,4,4,6,4,4,3,1,0,0,0,0,0,6,6,6,6,6,6,6,6,6,6,3,0,0,0,2,6,6,6,5,4,4,5,6,6,6,6,3,0,1,6,6,6,6,0,0,0,0,4,6,6,6,3,0.46,3,6,6,6,6,0,0,0,0,0,6,6,6,6,0,0,6,6,6,6,0,0,0,0,0,6,6,6,6,0,0,4,6,6,6,3,0,1,2,5,6,6,6,4,0,0,0,6,6,6,6,6,6,6,6,6,6,6,0,0,0,0,6,6,6,6,6,6,6,6,6,6,6,3,0,0,0,6,6,6,6,6,4,5,6,6,6,6,3,0,0,0,6,6,6,6,2,0,0,3,6,6,6,6,0,0,1,6,6,6,6,0,0,0,0,2,6,6,6,1,0,2,6,6,6,6,0,0,0,0,0,6,6,6,2,0,0,6,6,6,6,1,0,0,1,5,6,6,6,0,0,0,4,6,6,6,6,6,6,6,6,6,6,6,0,0,0,0,3,4,4,4,4,4,4,4,4,4,3,0,9,"mfeat-pixel","att60",0.9
0,0,0,1,4,5,6,6,6,6,6,5,3,0,0,0,0,1,5,6,6,6,4,4,6,6,6,6,2,0,0,1,6,6,6,3,0,0,0,1,6,6,6,6,2,0,5,6,6,4,0,0,0,0,0,6,6,6,6,4.06,0,6,6,6,5,0,0,0,0,0,6,6,6,6,2,0,5,6,6,6,4,0,0,0,1,6,6,6,6,0,0,1,6,6,6,6,6,5,2,5,6,6,6,6,0,0,0,6,6,6,6,6,6,6,6,6,6,6,2,0,0,2,6,6,6,5,4,4,4,6,6,6,6,2,0,0,6,6,6,4,0,0,0,0,1,6,6,6,6,0,2,6,6,6,1,0,0,0,0,0,3,6,6,6,0,6,6,6,6,0,0,0,0,0,0,3,6,6,6,0,5,6,6,6,1,0,0,0,0,0,4,6,6,6,3,1,5,6,6,6,3,0,1,3,5,6,6,6,6,2,0,1,5,6,6,6,6,6,6,6,6,6,5,1,0,0,0,0,0,3,4,4,4,4,4,2,0,0,0,0,9,"mfeat-pixel","att60",0.9
0,1,4,4,6,6,5,3,2,0,0,0,0,0,0,1,6,6,6,6,6,6,6,6,5,2,0,0,0,0,5,6,6,5,2,2,4,6,6,6,6,5,0,0,0,6,6,6,5,0,0,0,3,6,6,6,6,0,0,0.55,6,6,6,6,3,0,0,0,5,6,6,6,0,0,0,1,6,6,6,6,4,0,0,2,6,6,6,3,0,0,0,1,5,6,6,6,2,0,0,6,6,6,5,0,0,0,0,4,6,6,6,6,4,5,6,6,6,6,0,0,0,2,6,6,5,4,5,6,6,6,6,6,6,1,0,0,6,6,6,0,0,0,3,6,6,6,6,6,3,0,0,6,6,6,5,0,0,0,1,5,6,6,6,0,0,0,6,6,6,4,0,0,0,0,1,5,6,6,4,0,0,6,6,6,6,2,0,0,0,0,3,6,6,6,2,0,2,6,6,6,4,0,0,0,3,6,6,6,6,2,0,0,6,6,6,6,5,5,6,6,6,6,5,1,0,0,0,1,4,4,4,4,4,4,4,4,3,0,0,0,9,"mfeat-pixel","att60",0.9
0,0,1,2,3,5,6,6,4,4,3,0,0,0,0,1,3,6,6,6,6,6,6,6,6,6,5,1,0,0,6,6,6,6,5,2,3,5,6,6,6,6,6,0,0,4,6,6,6,5,0,0,0,5,6,6,6,6,2,0.42,2,6,6,6,6,3,0,0,1,5,6,6,6,6,0,0,5,6,6,6,6,3,0,0,0,6,6,6,6,0,0,1,5,6,6,6,6,6,3,3,6,6,6,6,0,0,0,1,6,6,6,6,6,6,6,6,6,6,6,0,0,1,6,6,6,3,3,6,6,6,6,6,6,4,0,0,3,6,6,6,0,0,1,5,6,6,6,6,4,0,0,3,6,6,6,0,0,0,0,3,6,6,6,6,1,0,3,6,6,6,0,0,0,0,0,4,6,6,6,5,0,6,6,6,6,1,0,0,0,0,4,6,6,6,5,0,6,6,6,6,5,2,2,2,5,6,6,6,6,1,0,1,4,6,6,6,6,6,6,6,6,6,4,1,0,0,0,0,1,4,4,4,4,4,4,3,0,0,0,0,9,"mfeat-pixel","att60",0.9
0,1,4,4,4,4,4,3,2,0,0,0,0,0,0,2,6,6,6,6,6,6,6,6,6,3,0,0,0,0,3,6,6,6,6,3,0,3,6,6,6,3,0,0,0,3,6,6,6,6,1,0,0,6,6,6,3,0,0,-1.22,0,4,6,6,6,6,3,5,6,6,6,3,0,0,0,0,0,4,6,6,6,6,6,6,6,6,3,0,0,0,0,0,3,6,6,6,6,6,6,6,6,4,0,0,0,0,0,4,6,6,6,6,6,6,6,6,6,2,0,0,0,0,6,6,6,6,6,6,6,6,6,6,3,0,0,0,4,6,6,6,3,0,1,5,6,6,6,3,0,0,2,6,6,6,5,0,0,0,0,4,6,6,6,1,0,0,6,6,6,0,0,0,0,0,0,6,6,6,5,0,0,6,6,6,4,0,0,0,0,4,6,6,6,3,0,0,4,6,6,6,5,2,2,5,6,6,6,2,0,0,0,1,4,5,6,6,6,6,6,6,4,1,0,0,0,0,0,0,0,1,2,3,3,2,0,0,0,0,0,0,9,"mfeat-pixel","att60",0.9
0,0,2,2,3,4,4,4,4,2,2,2,2,0,0,0,1,6,6,6,5,4,4,4,4,6,6,6,2,0,0,3,6,6,3,0,0,0,0,0,1,5,6,6,1,0,5,6,6,0,0,0,0,0,0,0,0,6,6,0.57,0,6,6,6,2,0,0,0,0,0,0,0,4,6,3,0,2,6,6,6,1,0,0,0,0,0,0,4,6,3,0,0,2,6,6,6,3,0,0,0,0,1,6,6,3,0,0,1,6,6,6,6,5,4,4,4,6,6,6,1,0,3,6,6,6,6,6,6,6,6,6,6,6,3,0,3,6,6,6,5,4,4,5,6,6,6,6,3,0,0,1,6,6,4,0,0,0,0,1,3,6,6,6,0,0,3,6,6,0,0,0,0,0,0,0,3,6,6,0,0,3,6,6,0,0,0,0,0,0,0,1,6,6,0,0,3,6,6,5,2,2,1,0,1,2,5,6,6,3,0,3,6,6,6,6,6,6,6,6,6,6,6,6,1,0,0,2,2,2,2,2,2,2,4,4,3,2,2,0,0,9,"mfeat-pixel","att60",0.9
0,0,0,0,0,0,0,1,3,6,6,5,1,0,0,0,0,0,0,0,1,5,6,6,6,6,6,6,3,0,0,0,0,0,3,6,6,6,6,6,6,6,6,6,3,0,0,0,4,6,6,6,6,5,5,6,6,6,6,2.97,0,0,0,5,6,6,6,3,0,0,6,6,6,6,3,0,0,0,3,6,6,6,1,0,0,6,6,6,6,5,0,0,1,5,6,6,6,6,3,0,4,6,6,6,3,0,1,5,6,6,6,6,6,6,6,6,6,6,5,0,0,3,6,6,6,6,6,6,6,6,6,6,6,3,0,0,6,6,6,6,4,6,6,6,6,6,6,6,3,0,0,6,6,6,3,0,0,3,6,6,6,6,6,3,0,4,6,6,6,4,0,0,0,0,1,6,6,6,3,0,6,6,6,6,6,5,1,0,0,1,6,6,6,3,0,5,6,6,6,6,6,6,6,6,6,6,6,6,3,0,0,5,6,6,6,6,6,6,6,6,6,5,2,0,0,0,1,4,4,4,4,4,4,4,4,1,0,0,0,0,9,"mfeat-pixel","att60",0.9
5,5,5,6,6,6,6,6,6,6,6,6,5,1,0,6,6,6,6,6,6,6,6,6,6,6,6,6,5,0,5,6,6,6,3,2,2,2,2,2,2,5,6,6,3,3,6,6,6,2,0,0,0,0,0,0,4,6,6,3.78,1,6,6,6,5,2,1,0,0,0,0,4,6,6,6,0,1,6,6,6,6,6,5,3,2,0,4,6,6,6,0,0,3,6,6,6,6,6,6,6,6,6,6,6,6,0,1,6,6,5,2,4,4,6,6,6,6,6,6,4,0,3,6,6,1,0,0,0,1,6,6,6,6,6,3,0,3,6,6,3,0,0,0,0,1,6,6,6,6,1,0,3,6,6,1,0,0,0,0,0,3,6,6,3,0,0,2,6,6,3,0,0,0,0,0,3,6,6,6,1,0,0,4,6,5,0,0,0,0,0,0,6,6,6,3,0,0,3,6,6,5,2,2,4,3,3,6,6,5,0,0,0,1,6,6,6,6,6,6,6,6,6,5,0,0,0,0,0,3,4,4,4,4,4,4,4,4,1,0,0,9,"mfeat-pixel","att60",0.9
0,0,0,0,2,4,4,4,4,4,4,3,2,1,0,0,0,0,6,6,6,6,6,4,5,6,6,6,5,0,0,0,0,4,6,6,5,1,0,0,4,6,6,6,0,0,0,3,6,6,6,1,0,0,0,3,6,6,6,1.05,0,0,3,6,6,6,6,0,0,0,3,6,6,6,0,0,0,0,4,6,6,6,5,1,1,5,6,6,6,0,0,0,2,6,6,6,6,6,6,6,6,6,6,6,0,0,1,6,6,6,6,6,6,6,6,6,6,6,6,1,0,3,6,6,6,5,2,5,6,6,6,6,6,6,1,0,3,6,6,4,0,0,0,5,6,6,6,6,3,0,0,5,6,6,3,0,0,0,0,3,6,6,6,3,0,0,6,6,6,4,0,0,0,0,0,6,6,6,6,1,0,6,6,6,6,3,0,0,0,0,3,6,6,6,3,0,4,6,6,6,4,0,0,0,3,6,6,6,6,3,0,3,6,6,6,6,5,4,5,6,6,6,6,5,2,0,1,4,4,4,4,4,4,4,4,4,3,1,0,0,9,"mfeat-pixel","att60",0.9
0,0,0,3,4,4,5,6,6,6,6,3,0,0,0,0,0,2,6,6,6,6,6,6,6,6,6,2,0,0,0,1,6,6,6,6,4,6,6,6,6,6,6,0,0,0,5,6,6,5,1,0,0,0,2,5,6,6,2,-0.3,1,6,6,6,0,0,0,0,0,0,0,6,6,3,0,5,6,6,6,0,0,0,0,0,0,0,6,6,5,0,2,6,6,6,5,2,0,0,0,1,5,6,6,2,0,0,4,6,6,6,6,6,6,4,6,6,6,6,0,0,0,0,6,6,6,6,6,6,6,6,6,6,6,4,0,0,0,6,6,6,6,6,6,6,4,5,6,6,6,2,0,4,6,6,5,4,4,2,0,0,0,5,6,6,3,0,6,6,6,0,0,0,0,0,0,0,3,6,6,3,0,6,6,6,0,0,0,0,0,0,1,6,6,6,0,0,6,6,6,3,2,2,2,4,6,6,6,6,4,0,0,5,6,6,6,6,6,6,6,6,6,6,5,0,0,0,0,1,3,4,4,4,4,4,4,4,3,0,0,0,9,"mfeat-pixel","att60",0.9
0,0,1,4,4,4,4,4,4,3,0,0,0,0,0,0,3,6,6,6,6,6,6,6,6,4,0,0,0,0,3,6,6,6,6,6,6,5,5,6,6,5,0,0,0,3,6,6,6,5,2,1,0,0,4,6,6,3,0,-0.91,3,6,6,6,0,0,0,0,1,6,6,6,3,0,0,2,6,6,6,5,1,1,3,6,6,6,6,4,0,0,0,4,6,6,6,6,6,6,6,6,6,6,6,2,0,0,4,6,6,6,6,6,6,6,6,6,6,6,6,0,0,6,6,6,6,6,5,2,1,0,4,6,6,4,0,0,3,6,6,6,4,0,0,0,0,3,6,6,3,0,0,3,6,6,6,5,0,0,0,0,3,6,6,3,0,0,1,6,6,6,6,3,0,0,0,3,6,6,3,0,0,0,3,6,6,6,6,3,2,3,6,6,6,3,0,0,0,3,6,6,6,6,6,6,6,6,6,6,2,0,0,0,0,1,4,6,6,6,6,6,6,4,1,0,0,0,0,0,0,0,1,2,2,4,2,1,0,0,0,0,9,"mfeat-pixel","att60",0.9
0,0,0,0,1,3,4,4,6,4,4,2,0,0,0,0,0,3,5,6,6,6,6,6,6,6,6,5,1,0,1,5,6,6,4,2,2,2,2,4,6,6,6,6,1,4,6,6,2,0,0,0,0,0,0,2,6,6,6,2.71,6,6,6,0,0,0,0,0,0,0,0,4,6,6,6,6,6,6,2,0,0,0,0,0,0,0,3,6,6,6,6,6,6,6,3,1,0,0,0,0,0,3,6,6,6,1,5,6,6,6,6,4,2,2,4,4,6,6,6,5,0,0,3,5,6,6,6,6,6,6,6,6,6,4,0,0,0,0,0,2,4,4,6,6,6,6,6,4,0,0,0,0,0,0,0,0,0,0,1,6,6,6,3,0,0,0,0,0,0,0,0,0,0,5,6,6,6,2,0,0,0,0,0,0,0,0,0,5,6,6,5,1,0,0,0,0,0,0,0,0,1,5,6,6,5,1,0,0,0,0,0,0,0,0,1,6,6,6,5,0,0,0,0,0,0,0,0,0,0,2,4,4,3,0,0,0,0,0,0,0,10,"mfeat-pixel","att60",0.9
0,0,0,0,0,0,1,3,4,5,5,4,3,0,0,0,0,0,3,6,6,6,6,6,6,6,6,6,5,0,2,6,6,6,5,2,2,0,0,0,4,6,6,6,4,4,6,6,6,2,0,0,0,0,0,3,6,6,6,5.45,6,6,6,6,0,0,0,0,0,0,3,6,6,6,6,2,6,6,6,3,0,0,1,4,4,6,6,6,6,4,0,6,6,6,6,4,5,6,6,6,6,6,6,6,4,0,1,2,3,6,6,6,6,6,6,6,6,6,6,4,0,0,0,0,0,2,2,3,6,6,6,6,6,6,0,0,0,0,0,0,0,0,0,6,6,6,6,6,2,0,0,0,0,0,0,0,0,2,6,6,6,6,6,0,0,0,0,0,0,0,0,0,6,6,6,6,6,2,0,0,0,0,0,0,0,1,3,6,6,6,6,3,0,0,0,0,0,0,0,0,6,6,6,6,6,2,0,0,0,0,0,0,0,0,2,6,6,6,6,3,0,0,0,0,0,0,0,0,0,2,4,4,4,4,1,0,0,0,0,0,10,"mfeat-pixel","att60",0.9
0,0,0,1,3,4,4,6,6,6,6,6,6,3,0,0,3,6,6,6,6,6,6,6,6,6,6,6,6,4,1,6,6,6,6,6,5,3,2,3,6,6,6,6,6,3,6,6,6,6,1,0,0,0,0,1,6,6,6,4.6,5,6,6,6,6,3,0,0,1,2,5,6,6,6,6,2,6,6,6,6,6,5,5,6,6,6,6,6,6,6,0,1,5,6,6,6,6,6,5,5,6,6,6,6,6,0,0,0,1,2,2,2,1,0,0,6,6,6,6,6,0,0,0,0,0,0,0,0,0,0,6,6,6,6,6,0,0,0,0,0,0,0,0,0,0,6,6,6,6,2,0,0,0,0,0,0,0,0,0,0,4,6,6,6,2,0,0,0,0,0,0,0,0,0,0,0,6,6,6,6,0,0,0,0,0,2,0,0,0,0,2,6,6,6,5,0,0,0,1,5,6,5,3,2,3,6,6,6,5,1,0,0,0,2,6,6,6,6,6,6,6,6,3,0,0,0,0,0,0,1,3,4,4,4,4,3,1,0,0,0,10,"mfeat-pixel","att60",0.9
0,0,0,0,1,3,4,4,6,4,4,4,1,0,0,0,0,0,3,6,6,6,6,6,6,6,6,6,3,0,0,0,5,6,6,6,3,2,2,4,6,6,6,6,3,0,4,6,6,5,1,0,0,0,0,3,6,6,6,7.03,2,6,6,6,3,0,0,0,0,0,3,6,6,6,6,3,6,6,6,4,0,0,0,0,0,3,6,6,6,4,1,5,6,6,6,3,2,0,0,2,5,6,6,6,3,0,0,3,6,6,6,6,6,6,6,6,6,6,6,3,0,0,0,0,1,2,2,2,3,6,6,6,6,5,0,0,0,0,0,0,0,0,0,2,6,6,6,6,1,0,0,0,0,0,0,0,0,2,6,6,6,6,1,0,0,0,0,0,0,0,0,1,6,6,6,6,2,0,0,0,0,0,0,0,0,0,5,6,6,6,4,0,0,0,0,0,0,0,0,0,2,6,6,6,6,1,0,0,0,0,0,0,0,0,0,6,6,6,6,5,0,0,0,0,0,0,0,0,0,0,4,4,4,3,0,0,0,0,0,0,10,"mfeat-pixel","att60",0.9
0,0,0,1,4,4,5,6,6,6,6,5,4,1,0,0,0,3,6,6,6,6,6,6,6,6,6,6,6,2,2,6,6,6,6,4,4,4,6,6,6,6,6,6,3,4,6,6,4,1,0,0,1,6,3,3,6,6,6,0.32,6,6,4,0,0,0,3,6,4,0,0,3,6,6,3,6,6,6,6,6,6,6,6,1,0,1,5,6,6,3,3,4,6,6,6,6,5,1,0,1,5,6,6,5,0,0,0,0,2,2,2,0,0,0,5,6,6,6,1,0,0,0,0,0,0,0,0,0,3,6,6,6,3,0,0,0,0,0,0,0,0,0,1,6,6,6,5,0,0,0,0,0,0,0,0,0,0,3,6,6,6,2,0,0,0,0,0,0,0,0,0,2,6,6,6,4,0,0,0,0,0,0,0,0,0,2,6,6,6,4,0,0,0,0,0,0,0,0,0,2,6,6,6,3,0,0,0,0,0,0,0,0,0,3,6,6,6,4,0,0,0,0,0,0,0,0,0,0,4,4,4,4,1,0,0,0,0,0,0,0,10,"mfeat-pixel","att60",0.9
0,0,0,0,0,1,4,4,6,6,6,6,4,1,0,0,0,0,0,0,4,6,6,6,6,6,6,6,5,1,0,0,0,0,5,6,6,5,4,4,5,6,6,6,6,0,0,0,2,6,6,5,0,0,0,0,4,6,6,5.6,0,0,0,6,6,6,3,0,0,0,0,4,6,6,6,0,0,0,6,6,6,3,0,0,0,0,6,6,6,6,0,0,0,6,6,6,6,3,2,2,5,6,6,6,1,0,0,0,4,6,6,6,6,6,6,6,6,6,1,0,0,0,0,0,4,6,6,6,6,6,6,6,3,0,0,0,0,0,0,0,6,6,6,6,6,6,3,0,0,0,0,0,0,0,3,6,6,6,6,4,1,0,0,0,0,0,0,0,2,6,6,6,6,3,0,0,0,0,0,0,0,0,3,6,6,6,5,2,0,0,0,0,0,0,0,1,5,6,6,6,4,0,0,0,0,0,0,0,0,0,5,6,6,6,4,0,0,0,0,0,0,0,0,0,0,1,4,4,4,0,0,0,0,0,0,0,0,0,0,0,10,"mfeat-pixel","att60",0.9
0,0,0,0,3,4,6,4,4,4,6,4,4,3,0,0,0,1,5,6,6,6,6,6,6,6,6,6,6,3,0,1,5,6,6,6,5,4,4,4,5,6,6,6,1,0,5,6,6,6,4,0,0,0,0,1,6,6,6,-2.8,0,6,6,6,5,0,0,0,0,0,3,6,6,6,0,2,6,6,6,3,0,0,0,0,0,5,6,6,4,0,6,6,6,6,2,0,0,0,0,4,6,6,6,2,0,6,6,6,6,0,0,0,0,3,6,6,6,3,0,0,1,5,6,6,5,4,4,5,6,6,6,3,0,0,0,0,0,1,4,5,6,6,6,5,4,4,1,0,0,0,0,0,0,0,1,6,6,6,0,0,0,0,0,0,0,0,0,0,3,6,6,6,6,0,0,0,0,0,0,0,0,0,1,6,6,6,6,1,0,0,0,0,0,0,0,0,5,6,6,6,6,1,0,0,0,0,0,0,0,0,0,5,6,6,6,4,0,0,0,0,0,0,0,0,0,0,1,4,4,3,0,0,0,0,0,0,0,0,0,0,10,"mfeat-pixel","att60",0.9
0,0,0,1,3,4,4,4,4,5,6,4,4,3,0,0,2,4,6,6,6,6,6,6,6,6,6,6,6,2,5,6,6,6,6,6,6,4,4,6,6,6,6,6,6,6,6,6,6,6,4,0,0,0,1,5,6,6,6,5.55,6,6,6,6,6,0,0,0,0,0,0,6,6,6,6,2,6,6,6,6,4,0,0,0,0,1,6,6,6,6,0,1,5,6,6,6,6,6,6,6,6,6,6,6,6,0,0,0,2,2,4,6,6,6,6,6,6,6,6,6,0,0,0,0,0,0,0,0,0,3,6,6,6,6,6,0,0,0,0,0,0,0,0,0,0,3,6,6,6,6,0,0,0,0,0,0,0,0,0,2,6,6,6,6,6,0,0,0,0,0,0,0,0,0,3,6,6,6,6,6,0,0,0,0,0,0,0,0,0,0,3,6,6,6,5,0,0,0,0,0,0,0,0,0,0,0,6,6,6,1,0,0,0,0,0,0,0,0,0,0,0,6,6,6,0,0,0,0,0,0,0,0,0,0,0,0,4,4,4,0,10,"mfeat-pixel","att60",0.9
0,0,0,2,5,6,6,3,1,0,0,0,0,0,0,0,3,6,6,6,6,6,6,6,5,5,5,3,0,0,0,6,6,6,6,6,6,6,6,6,6,6,6,5,1,0,6,6,6,6,3,0,1,3,5,6,6,6,6,8.55,2,6,6,6,6,0,0,0,0,0,4,6,6,6,3,1,6,6,6,6,3,0,0,0,0,3,6,6,6,6,0,6,6,6,6,6,4,4,4,4,6,6,6,6,2,0,2,6,6,6,6,6,6,6,6,6,6,6,6,0,0,0,1,2,5,6,6,6,6,6,6,6,6,4,0,0,0,0,0,0,2,2,1,0,4,6,6,6,0,0,0,0,0,0,0,0,0,0,2,6,6,6,5,0,0,0,0,0,0,0,0,0,0,4,6,6,6,3,0,0,0,0,0,0,0,0,0,1,6,6,6,4,0,0,0,0,0,0,0,0,0,0,5,6,6,6,3,0,0,0,0,0,0,0,0,0,0,6,6,6,6,1,0,0,0,0,0,0,0,0,0,0,3,4,4,1,0,0,0,0,10,"mfeat-pixel","att60",0.9
0,0,1,4,4,6,6,6,6,6,6,3,0,0,0,0,0,4,6,6,6,6,6,6,6,6,6,5,0,0,0,4,6,6,6,6,5,3,3,6,6,6,6,0,0,1,6,6,6,6,4,0,0,0,6,6,6,6,0,-0.77,3,6,6,6,6,3,0,0,0,3,6,6,6,4,0,1,6,6,6,6,3,0,0,1,5,6,6,6,6,0,0,6,6,6,6,6,4,4,6,6,6,6,6,6,1,0,5,6,6,6,6,6,6,6,6,6,6,6,6,5,0,0,3,6,6,6,6,6,6,4,6,6,6,6,5,0,0,0,0,1,3,4,3,1,0,3,6,6,6,1,0,0,0,0,0,0,0,0,0,0,6,6,6,6,2,0,0,0,0,0,0,0,0,0,0,6,6,6,6,1,0,0,0,0,0,0,0,0,0,1,6,6,6,6,0,0,0,0,0,0,0,0,0,0,5,6,6,6,6,0,0,0,0,0,0,0,0,0,0,6,6,6,6,4,0,0,0,0,0,0,0,0,0,0,4,4,4,3,0,0,10,"mfeat-pixel","att60",0.9
0,1,5,6,6,6,6,6,6,6,2,0,0,0,0,3,6,6,6,6,6,6,6,6,6,6,4,4,1,0,6,6,6,6,6,6,3,2,2,3,6,6,6,4,0,6,6,6,6,5,1,0,0,0,0,3,6,6,6,1.11,4,6,6,6,3,0,0,0,0,0,3,6,6,6,3,1,6,6,6,5,0,0,0,0,0,6,6,6,6,0,0,1,6,6,6,5,2,2,2,5,6,6,6,6,0,0,0,1,5,6,6,6,6,6,6,6,6,6,3,0,0,0,0,0,0,2,2,0,1,6,6,6,6,2,0,0,0,0,0,0,0,0,0,4,6,6,6,2,0,0,0,0,0,0,0,0,0,2,6,6,6,2,0,0,0,0,0,0,0,0,0,1,6,6,6,4,0,0,0,0,0,0,0,0,0,3,6,6,6,6,1,0,0,0,0,0,0,0,0,2,6,6,6,6,6,0,0,0,0,0,0,0,0,0,5,6,6,6,6,5,0,0,0,0,0,0,0,0,0,0,3,4,4,3,0,0,0,0,0,0,10,"mfeat-pixel","att60",0.9
0,1,5,6,6,6,6,6,6,6,6,6,6,3,0,3,6,6,6,6,6,6,6,6,6,6,6,6,6,2,6,6,6,6,6,3,2,3,6,6,6,6,6,3,0,5,6,6,6,6,0,0,0,5,6,6,6,6,2,-1.32,1,6,6,6,6,0,0,0,0,4,6,6,5,0,0,3,6,6,6,6,5,4,4,4,6,6,6,4,0,0,1,5,6,6,6,6,6,6,6,6,6,6,6,0,0,0,0,2,5,6,6,6,6,6,6,6,6,5,0,0,0,0,0,0,1,2,2,5,6,6,6,6,0,0,0,0,0,0,0,0,0,0,3,6,6,6,4,0,0,0,0,0,0,0,0,0,0,5,6,6,6,1,0,0,0,0,0,0,0,0,0,0,6,6,6,3,0,0,0,0,0,0,0,0,0,0,0,6,6,6,3,0,0,0,0,0,0,0,0,0,1,3,6,6,6,2,0,0,0,0,0,0,0,0,2,6,6,6,6,4,0,0,0,0,0,0,0,0,0,1,4,4,4,4,1,0,0,0,0,0,10,"mfeat-pixel","att60",0.9
0,0,0,0,1,3,4,5,6,4,4,2,0,0,0,0,0,0,3,6,6,6,6,6,6,6,6,6,3,0,0,1,5,6,6,6,5,2,2,5,6,6,6,6,0,0,6,6,6,6,4,0,0,0,0,6,6,6,6,2.94,0,6,6,6,3,0,0,0,0,0,6,6,6,6,3,0,6,6,6,1,0,0,0,0,0,6,6,6,6,5,0,4,6,6,6,5,4,4,4,5,6,6,6,6,3,0,0,3,4,4,5,6,6,6,6,6,6,6,6,2,0,0,0,0,0,0,1,2,3,6,6,6,6,6,0,0,0,0,0,0,0,0,0,3,6,6,6,4,1,0,0,0,0,0,0,0,0,4,6,6,6,3,0,0,0,0,0,0,0,0,1,5,6,6,6,3,0,0,0,0,0,0,0,0,0,5,6,6,6,2,0,0,0,0,0,0,0,0,2,5,6,6,6,5,0,0,0,0,0,0,5,6,6,6,6,6,4,2,0,0,0,0,0,0,0,3,4,4,2,0,0,0,0,0,0,0,0,0,0,0,10,"mfeat-pixel","att60",0.9
0,0,3,5,6,6,6,6,6,4,4,2,0,0,0,0,4,6,6,6,6,6,6,6,6,6,6,5,1,0,4,6,6,6,5,1,0,1,3,6,6,6,6,5,0,6,6,6,6,3,0,0,0,0,6,6,6,6,6,-0.03,3,6,6,4,0,0,0,0,1,6,6,6,6,6,3,3,6,6,4,0,0,0,2,6,6,6,6,6,6,1,1,6,6,6,6,4,4,6,6,6,6,6,6,6,0,0,1,2,4,6,6,6,6,6,6,6,6,6,6,0,0,0,0,0,0,1,3,6,6,6,6,6,6,4,0,0,0,0,0,0,0,0,4,6,6,6,6,6,0,0,0,0,0,0,0,0,3,6,6,6,6,6,3,0,0,0,0,0,0,0,0,3,6,6,6,6,3,0,0,0,0,0,0,0,0,0,5,6,6,6,6,2,0,0,0,0,0,0,0,0,2,6,6,6,5,1,0,0,0,0,0,0,0,0,3,6,6,6,6,3,0,0,0,0,0,0,0,0,0,3,4,4,4,3,0,0,0,0,0,0,10,"mfeat-pixel","att60",0.9
0,0,0,0,1,5,6,6,6,6,5,3,1,0,0,0,0,0,2,6,6,6,6,6,6,6,6,6,2,0,0,0,1,6,6,6,6,4,4,6,6,6,6,5,0,0,0,3,6,6,6,1,0,0,2,6,6,6,6,3.3,0,0,2,6,6,6,3,0,0,0,1,6,6,6,6,0,0,0,6,6,6,6,5,4,4,5,6,6,6,3,0,0,0,1,5,6,6,6,6,6,6,6,6,6,3,0,0,0,0,0,2,3,5,6,6,6,6,6,5,0,0,0,0,0,0,0,0,0,4,6,6,6,6,1,0,0,0,0,0,0,0,0,0,4,6,6,6,2,0,0,0,0,0,0,0,0,0,0,6,6,6,6,0,0,0,0,0,0,0,0,0,0,4,6,6,6,2,0,0,0,0,0,0,0,0,1,5,6,6,6,3,0,0,0,0,3,3,1,0,3,6,6,6,6,3,0,0,0,0,0,6,6,6,6,6,6,6,5,1,0,0,0,0,0,0,3,4,4,4,4,4,2,0,0,0,0,0,0,0,0,10,"mfeat-pixel","att60",0.9
0,0,3,5,6,6,4,4,4,4,4,4,3,1,0,0,5,6,6,6,6,6,6,6,6,6,6,6,6,3,0,6,6,6,6,5,1,0,0,1,5,6,6,6,5,1,6,6,6,6,0,0,0,0,0,1,6,6,6,1.53,3,6,6,6,6,1,0,0,0,1,6,6,6,6,5,1,6,6,6,6,6,3,2,3,6,6,6,6,6,4,0,4,6,6,6,6,6,6,6,6,6,6,6,6,3,0,0,3,4,4,4,4,4,4,5,6,6,6,6,3,0,0,0,0,0,0,0,0,0,0,6,6,6,6,0,0,0,0,0,0,0,0,0,0,0,6,6,6,6,0,0,0,0,0,0,0,0,0,0,0,6,6,6,6,0,0,0,0,0,0,0,0,0,0,1,6,6,6,3,0,0,0,0,0,0,0,0,0,0,5,6,6,6,3,0,0,0,0,0,0,0,0,0,0,6,6,6,6,2,0,0,0,0,0,0,0,0,0,3,6,6,6,3,0,0,0,0,0,0,0,0,0,0,3,4,4,1,0,0,0,10,"mfeat-pixel","att60",0.9
0,0,0,1,3,4,4,4,6,4,4,3,0,0,0,0,1,5,6,6,6,6,6,6,6,6,6,5,1,0,1,6,6,6,6,6,6,4,5,6,6,6,6,5,1,6,6,6,6,4,0,0,0,0,4,6,6,6,6,6.84,6,6,6,6,6,3,0,0,0,1,6,6,6,6,6,3,5,6,6,6,6,6,6,6,6,6,6,6,6,6,0,0,3,6,6,6,6,6,6,6,6,6,6,6,6,0,0,0,1,2,2,2,2,2,3,6,6,6,6,6,0,0,0,0,0,0,0,0,0,0,4,6,6,6,6,0,0,0,0,0,0,0,0,0,2,6,6,6,6,3,0,0,0,0,0,0,0,0,0,1,6,6,6,6,5,0,0,0,0,0,0,0,0,0,5,6,6,6,6,1,0,0,0,0,0,0,0,0,0,3,6,6,6,6,0,0,0,0,0,0,0,3,4,4,6,6,6,6,3,0,0,0,0,0,1,5,6,6,6,6,6,6,6,2,0,0,0,0,0,1,4,4,4,4,4,4,3,1,0,0,10,"mfeat-pixel","att60",0.9
0,0,0,1,5,6,6,6,6,6,6,6,5,3,0,0,1,4,6,6,6,6,6,6,6,6,6,6,6,5,1,6,6,6,6,6,6,6,6,6,6,6,6,6,6,5,6,6,6,6,6,6,5,1,0,1,6,6,6,5.65,6,6,6,6,6,6,6,0,0,0,0,6,6,6,6,6,6,6,6,6,6,6,0,0,0,3,6,6,6,6,1,5,6,6,6,6,6,5,4,6,6,6,6,6,5,0,0,4,6,6,6,6,6,6,6,6,6,6,6,1,0,0,0,2,2,2,2,3,6,6,6,6,6,6,0,0,0,0,0,0,0,0,2,6,6,6,6,6,3,0,0,0,0,0,0,0,0,6,6,6,6,6,3,0,0,0,0,0,0,0,0,0,6,6,6,6,5,1,0,0,0,0,0,0,0,0,0,6,6,6,6,0,0,0,0,0,0,0,0,0,0,3,6,6,6,6,3,0,0,0,0,0,0,0,0,3,6,6,6,6,5,3,0,0,0,0,0,0,0,0,2,4,4,4,3,0,0,0,0,0,10,"mfeat-pixel","att60",0.9
0,0,1,3,5,6,6,4,2,2,1,0,0,0,0,0,1,6,6,6,6,6,6,6,6,6,3,0,0,0,5,6,6,6,6,6,6,6,6,6,6,6,2,0,0,6,6,6,6,6,5,2,5,6,6,6,6,6,0,-1.47,6,6,6,6,6,3,0,0,4,6,6,6,6,2,0,2,6,6,6,6,6,1,0,3,6,6,6,6,2,0,0,6,6,6,6,6,5,2,5,6,6,6,6,2,0,0,2,6,6,6,6,6,6,6,6,6,6,6,6,0,0,0,3,4,4,6,6,6,6,6,6,6,6,6,0,0,0,0,0,0,0,2,2,2,4,6,6,6,6,4,0,0,0,0,0,0,0,0,0,0,1,6,6,6,6,0,0,0,0,0,0,0,0,0,0,0,6,6,6,6,0,0,0,0,0,0,0,2,0,0,3,6,6,6,4,0,0,0,0,0,0,5,6,6,6,6,6,6,6,0,0,0,0,0,0,0,4,6,6,6,6,6,6,3,0,0,0,0,0,0,0,0,3,4,4,4,4,1,0,0,10,"mfeat-pixel","att60",0.9
0,2,2,3,4,4,6,4,4,3,1,0,0,0,0,1,6,6,6,6,6,6,6,6,6,6,5,1,0,0,0,3,6,6,6,6,6,6,6,6,6,6,6,1,0,0,5,6,6,6,6,5,1,1,5,6,6,6,5,-2.2,0,2,6,6,6,6,1,0,0,0,5,6,6,6,1,0,0,2,6,6,6,5,1,0,0,4,6,6,6,5,0,0,0,4,6,6,6,6,6,6,6,6,6,6,6,0,0,0,0,5,6,6,6,6,6,6,6,6,6,5,0,0,0,0,0,3,4,5,6,6,6,6,6,6,1,0,0,0,0,0,0,0,0,0,1,6,6,6,6,3,0,0,0,0,0,0,0,0,0,0,6,6,6,6,1,0,0,0,0,0,0,0,0,0,0,6,6,6,4,0,0,0,0,0,0,0,0,0,0,0,6,6,6,0,0,0,0,0,0,0,0,0,0,0,0,6,6,6,0,0,0,0,0,0,0,0,0,0,0,0,6,6,6,0,0,0,0,0,0,0,0,0,0,0,0,4,4,4,0,0,10,"mfeat-pixel","att60",0.9
0,0,0,0,2,4,4,4,4,5,6,3,0,0,0,1,5,6,6,6,6,6,6,6,6,6,6,5,0,0,6,6,6,6,4,4,3,2,3,5,6,6,6,0,0,6,6,6,3,0,0,0,0,0,0,6,6,6,0,1.15,6,6,6,3,0,0,0,0,0,3,6,6,6,0,0,6,6,6,3,0,0,0,0,0,3,6,6,5,0,0,3,6,6,6,3,0,0,0,0,3,6,4,0,0,0,2,6,6,6,6,5,3,1,0,4,6,3,0,0,0,0,0,0,4,6,6,6,6,6,6,6,3,0,0,0,0,0,0,1,5,6,6,6,6,6,6,4,0,0,0,0,0,0,0,0,0,0,0,0,4,6,6,5,0,0,0,0,0,0,0,0,0,0,0,3,6,6,6,0,0,0,0,0,0,0,0,0,0,0,3,6,6,6,0,0,0,0,0,0,0,0,0,0,0,3,6,6,6,1,0,0,0,0,0,0,0,0,0,0,2,6,6,6,5,1,0,0,0,0,0,0,0,0,0,0,1,4,4,4,2,10,"mfeat-pixel","att60",0.9
0,3,4,4,6,6,6,6,6,6,4,4,3,0,0,2,6,6,6,6,6,4,4,4,4,6,6,6,3,0,6,6,6,1,0,0,0,0,0,0,1,6,6,6,5,6,6,6,0,0,0,0,0,0,0,0,3,6,6,5.14,6,6,6,1,0,0,0,0,0,0,0,4,6,6,6,5,6,6,5,1,0,1,2,2,3,5,6,6,6,6,1,5,6,6,6,6,6,6,6,6,6,6,6,6,6,0,0,1,3,4,4,4,4,3,2,5,6,6,6,4,0,0,0,0,0,0,0,0,0,0,4,6,6,5,0,0,0,0,0,0,0,0,0,0,4,6,6,5,1,0,0,0,0,0,0,0,0,0,2,6,6,5,1,0,0,0,0,0,0,0,0,0,2,6,6,6,1,0,0,0,0,0,0,0,0,0,3,6,6,6,2,0,0,0,0,0,0,0,0,1,5,6,6,5,1,0,0,0,0,0,0,0,1,5,6,6,6,3,0,0,0,0,0,0,0,0,0,2,4,4,4,3,0,0,0,0,0,0,0,0,10,"mfeat-pixel","att60",0.9
0,0,0,2,5,6,6,4,4,4,2,0,0,0,0,0,0,3,6,6,6,6,6,6,6,6,5,3,0,0,0,1,5,6,5,1,0,1,4,6,6,6,6,1,0,0,6,6,6,1,0,0,0,0,2,6,6,6,5,-1.85,1,6,6,6,0,0,0,0,0,0,4,6,6,6,0,5,6,6,6,2,0,0,0,0,0,3,6,6,6,0,6,6,6,5,0,0,0,0,0,0,4,6,6,6,0,4,6,6,5,1,0,0,0,0,2,6,6,6,6,2,0,5,6,6,6,5,4,4,4,6,6,6,6,6,2,0,0,2,3,6,6,6,6,6,6,6,6,6,4,0,0,0,0,0,0,2,2,5,6,6,6,6,6,3,0,0,0,0,0,0,0,0,0,6,6,6,6,6,2,0,0,0,0,0,0,0,0,1,6,6,6,4,0,0,0,0,0,0,0,0,0,3,6,6,6,6,5,1,0,0,0,0,0,0,0,0,3,6,6,6,6,5,1,0,0,0,0,0,0,0,0,0,4,4,4,3,0,0,0,0,10,"mfeat-pixel","att60",0.9
0,0,0,0,1,3,4,6,4,3,2,3,3,1,0,0,1,5,6,6,6,6,6,6,6,6,6,6,6,3,2,6,6,6,6,6,5,4,4,5,6,6,6,6,6,3,6,6,6,6,3,0,0,0,0,4,6,6,6,6.2,2,6,6,6,6,1,0,0,0,0,3,6,6,6,6,0,5,6,6,6,5,1,0,0,0,1,6,6,6,6,0,1,6,6,6,6,6,5,3,2,3,6,6,6,6,0,0,3,6,6,6,6,6,6,6,6,6,6,6,4,0,0,0,0,0,2,3,5,6,6,6,6,6,6,0,0,0,0,0,0,0,0,0,1,6,6,6,6,5,0,0,0,0,0,0,0,0,0,0,3,6,6,6,1,0,0,0,0,0,0,0,0,0,1,6,6,6,6,0,0,0,0,0,0,0,0,0,0,6,6,6,6,6,0,0,0,0,0,0,0,0,0,0,6,6,6,6,6,0,0,0,0,0,0,0,0,0,4,6,6,6,6,4,0,0,0,0,0,0,0,0,0,3,4,4,4,3,0,0,0,10,"mfeat-pixel","att60",0.9
0,0,3,4,4,6,4,4,4,6,4,6,6,3,0,0,4,6,6,6,6,6,6,6,6,6,6,6,6,0,0,6,6,6,6,6,3,2,3,6,6,6,6,6,3,4,6,6,6,5,1,0,0,0,1,6,6,6,6,-0.23,6,6,6,6,3,0,0,0,0,0,6,6,6,6,0,5,6,6,6,3,0,0,0,0,0,6,6,6,6,0,1,5,6,6,5,0,0,0,0,0,6,6,6,6,0,0,3,6,6,6,5,1,0,0,1,6,6,6,2,0,0,0,3,6,6,6,6,4,5,6,6,6,6,0,0,0,0,0,1,5,6,6,6,6,6,6,6,6,0,0,0,0,0,0,0,0,0,1,5,6,6,6,5,0,0,0,0,0,0,0,0,0,0,0,6,6,6,3,0,0,0,0,0,0,0,0,0,0,1,6,6,6,3,0,0,0,0,0,0,0,0,0,1,5,6,6,6,3,0,0,0,0,0,0,0,0,0,3,6,6,6,6,0,0,0,0,0,0,0,0,0,0,0,3,4,4,3,0,0,0,10,"mfeat-pixel","att60",0.9
0,0,0,0,1,3,6,6,6,6,6,6,2,0,0,0,0,1,4,6,6,6,6,6,6,6,6,5,1,0,0,2,6,6,6,5,4,1,0,3,6,6,6,6,3,2,6,6,6,6,0,0,0,0,0,6,6,6,6,5.52,6,6,6,6,6,0,0,0,0,1,6,6,6,6,6,2,6,6,6,6,5,2,2,3,6,6,6,6,6,6,0,3,6,6,6,6,6,6,6,6,6,6,6,6,6,0,0,1,3,6,6,6,6,6,6,6,6,6,6,4,0,0,0,0,0,0,0,0,0,1,6,6,6,6,3,0,0,0,0,0,0,0,0,0,0,6,6,6,6,4,0,0,0,0,0,0,0,0,0,1,6,6,6,6,5,0,0,0,0,0,0,0,0,0,5,6,6,6,6,1,0,0,0,0,0,0,0,0,1,6,6,6,6,2,0,0,5,6,6,6,4,4,4,6,6,6,6,6,0,0,0,1,4,6,6,6,6,6,6,6,4,4,1,0,0,0,0,0,0,1,3,4,4,3,1,0,0,0,0,0,10,"mfeat-pixel","att60",0.9
3,6,6,4,4,6,6,6,6,6,4,4,6,6,3,6,6,6,6,6,6,6,4,6,6,6,6,6,6,6,6,6,6,6,6,6,2,0,4,6,6,6,6,6,5,6,6,6,6,6,6,6,6,6,6,6,6,6,6,1.45,5,6,6,6,6,6,6,6,6,6,6,6,6,6,6,0,0,1,3,5,6,6,6,6,6,6,6,6,6,6,0,0,0,0,0,1,2,2,5,6,6,6,6,6,6,0,0,0,0,0,0,0,0,3,6,6,6,6,6,4,0,0,0,0,0,0,0,0,3,6,6,6,6,6,3,0,0,0,0,0,0,0,0,3,6,6,6,6,6,1,0,0,0,0,0,0,1,4,6,6,6,6,6,6,0,0,0,0,0,0,0,3,6,6,6,6,6,6,6,0,0,0,0,0,0,0,0,4,6,6,6,6,6,1,0,0,0,0,0,0,0,2,6,6,6,6,6,5,0,0,0,0,0,0,0,0,4,6,6,6,6,6,0,0,0,0,0,0,0,0,0,4,4,4,4,4,3,0,0,0,10,"mfeat-pixel","att60",0.9
0,4,4,4,4,4,4,4,4,2,0,0,0,0,0,0,4,6,6,6,6,6,6,6,6,5,3,1,0,0,0,4,6,6,6,6,6,6,6,6,6,6,6,1,0,0,6,6,6,6,6,3,0,1,5,6,6,6,5,-0.05,0,6,6,6,6,6,0,0,0,3,6,6,6,6,0,0,2,6,6,6,6,3,0,0,0,6,6,6,6,1,0,0,6,6,6,6,6,4,4,5,6,6,6,6,2,0,0,3,5,6,6,6,6,6,6,6,6,6,6,0,0,0,0,0,1,4,6,6,6,6,6,6,6,5,0,0,0,0,0,0,0,0,4,6,6,6,6,6,1,0,0,0,0,0,0,0,0,1,6,6,6,6,4,0,0,0,0,0,0,0,0,0,4,6,6,6,5,0,0,0,0,0,0,0,0,0,0,6,6,6,5,1,0,0,0,0,0,0,0,0,0,3,6,6,6,1,0,0,0,0,0,0,0,0,0,0,4,6,6,5,1,0,0,0,0,0,0,0,0,0,0,4,4,4,2,0,0,0,0,0,10,"mfeat-pixel","att60",0.9
0,0,0,0,1,5,6,6,6,5,4,4,4,2,0,0,0,0,3,6,6,6,6,6,6,6,6,6,6,5,0,0,3,6,6,6,6,3,2,4,4,5,6,6,6,0,2,6,6,6,6,1,0,0,0,0,0,6,6,9.1,0,3,6,6,6,4,0,0,0,0,0,5,6,6,3,0,1,5,6,6,6,5,1,0,2,5,6,6,6,3,0,0,1,5,6,6,6,6,6,6,6,6,6,5,0,0,0,0,0,2,2,2,2,5,6,6,6,6,3,0,0,0,0,0,0,0,0,0,5,6,6,5,2,0,0,0,0,0,0,0,0,1,5,6,6,5,1,0,0,0,0,0,0,0,0,1,5,6,6,5,1,0,0,0,0,0,0,0,0,0,4,6,6,5,0,0,0,0,0,0,0,0,0,2,6,6,6,4,0,0,0,0,0,0,0,0,0,3,6,6,6,4,0,0,0,0,0,0,0,0,1,5,6,6,6,5,1,0,0,0,0,0,0,0,0,4,4,4,2,0,0,0,0,0,0,0,0,0,0,0,10,"mfeat-pixel","att60",0.9
0,0,0,2,4,4,4,6,6,5,2,0,0,0,0,0,3,6,6,6,6,6,6,6,6,6,6,5,1,0,1,6,6,6,6,3,0,0,2,5,6,6,6,5,1,3,6,6,6,1,0,0,0,0,0,3,6,6,6,4.81,5,6,6,6,2,0,0,0,0,0,0,4,6,6,6,4,6,6,6,3,0,0,0,0,0,0,3,6,6,6,0,6,6,6,5,0,0,0,0,0,1,6,6,6,6,0,3,6,6,6,5,2,2,2,2,5,6,6,6,6,0,0,1,3,6,6,6,6,6,6,6,6,6,6,6,0,0,0,0,0,2,2,2,4,5,6,6,6,6,4,0,0,0,0,0,0,0,0,0,1,6,6,6,6,0,0,0,0,0,0,0,0,0,0,4,6,6,6,5,0,0,0,0,0,0,0,0,0,5,6,6,6,6,3,0,0,0,0,0,0,0,0,0,6,6,6,6,6,1,0,0,0,0,0,0,0,0,2,6,6,6,6,5,0,0,0,0,0,0,0,0,0,1,4,4,4,2,0,0,0,10,"mfeat-pixel","att60",0.9
0,0,0,2,4,4,6,6,6,6,4,2,0,0,0,0,1,5,6,6,6,6,6,6,6,6,6,5,1,0,1,5,6,6,6,6,4,4,4,6,6,6,6,6,2,6,6,6,6,6,1,0,0,0,4,6,6,6,6,5.44,6,6,6,6,6,3,3,5,6,6,6,6,6,6,6,1,5,6,6,6,6,6,6,6,6,6,6,6,6,3,0,0,2,3,5,6,5,4,4,2,5,6,6,6,3,0,0,0,0,0,0,0,0,0,0,3,6,6,6,3,0,0,0,0,0,0,0,0,0,0,3,6,6,6,3,0,0,0,0,0,0,0,0,0,0,5,6,6,6,3,0,0,0,0,0,0,0,0,0,0,6,6,6,6,3,0,0,0,0,0,0,0,0,0,0,6,6,6,6,3,0,0,0,0,0,0,0,0,0,0,6,6,6,6,2,0,0,0,0,0,0,0,0,0,4,6,6,6,3,0,0,0,0,0,0,5,6,3,3,6,6,6,2,0,0,0,0,0,0,0,3,4,4,4,4,4,1,0,0,0,10,"mfeat-pixel","att60",0.9
0,0,1,3,6,6,6,4,6,4,4,4,3,0,0,0,5,6,6,6,6,6,6,6,6,6,6,6,5,1,2,6,6,6,6,4,4,4,5,6,6,6,6,6,3,6,6,6,6,1,0,0,0,0,6,6,6,6,6,2.38,6,6,6,6,3,0,0,2,3,6,6,6,6,6,0,6,6,6,6,6,6,6,6,6,6,6,6,6,6,0,1,5,6,6,6,6,6,6,6,6,6,6,6,2,0,0,0,3,6,6,6,6,6,6,6,6,6,2,0,0,0,0,0,1,2,2,5,6,6,6,6,6,0,0,0,0,0,0,0,0,0,3,6,6,6,6,6,0,0,0,0,0,0,0,0,0,6,6,6,6,6,5,0,0,0,0,0,0,0,0,3,6,6,6,6,6,1,0,0,0,0,0,0,0,0,4,6,6,6,6,2,0,0,0,0,0,0,0,0,4,6,6,6,6,6,0,0,0,0,0,0,0,0,0,6,6,6,6,6,5,0,0,0,0,0,0,0,0,0,3,4,4,4,3,0,0,0,0,0,0,10,"mfeat-pixel","att60",0.9
0,0,1,4,6,6,6,6,6,6,4,2,1,0,0,0,3,6,6,6,6,6,6,6,6,6,6,6,3,0,0,6,6,6,6,6,6,6,6,6,6,6,6,6,0,1,6,6,6,6,4,0,1,2,5,6,6,6,6,2.25,3,6,6,6,6,1,0,0,0,1,6,6,6,6,6,3,6,6,6,6,1,0,0,0,1,6,6,6,6,6,5,6,6,6,6,6,4,4,4,6,6,6,6,6,6,0,3,4,6,6,6,6,6,6,6,6,6,6,6,4,0,0,0,1,3,6,6,6,6,6,6,6,6,6,4,0,0,0,0,0,0,0,0,0,0,4,6,6,6,6,0,0,0,0,0,0,0,0,0,0,0,6,6,6,6,0,0,3,4,4,1,0,0,0,0,1,6,6,6,5,0,3,6,6,6,5,1,0,0,0,3,6,6,6,1,0,0,6,6,6,6,6,1,0,3,6,6,6,5,0,0,0,3,6,6,6,6,6,6,6,6,4,3,0,0,0,0,0,0,2,4,4,4,4,4,2,0,0,0,0,10,"mfeat-pixel","att60",0.9
0,0,3,5,6,6,4,5,6,6,4,4,4,3,0,0,1,6,6,6,6,6,5,4,6,6,6,6,6,3,0,5,6,6,6,4,0,0,0,0,1,6,6,6,5,0,6,6,6,6,5,0,0,0,0,0,4,6,6,10.38,0,6,6,6,6,6,0,0,0,0,0,6,6,6,6,3,6,6,6,6,5,0,0,0,0,0,4,6,6,6,0,4,6,6,6,4,0,0,0,0,5,6,6,6,2,0,2,6,6,6,6,5,4,4,5,6,6,6,6,0,0,0,3,5,6,6,6,6,6,6,6,6,6,6,0,0,0,0,0,1,3,4,4,5,6,6,6,6,4,0,0,0,0,0,0,0,0,0,0,6,6,6,6,0,0,0,0,0,0,0,0,0,0,0,6,6,6,6,0,0,0,0,0,0,0,0,0,1,5,6,6,6,6,0,0,0,0,0,0,0,0,0,3,6,6,6,6,6,0,0,0,0,0,0,0,0,3,6,6,6,4,2,1,0,0,0,0,0,0,0,0,3,4,4,4,2,0,0,0,0,10,"mfeat-pixel","att60",0.9
0,0,0,3,4,5,6,5,4,4,4,3,0,0,0,0,1,5,6,6,6,6,6,6,6,6,6,4,0,0,0,3,6,6,6,6,6,4,5,6,6,6,6,4,0,1,5,6,6,6,5,1,0,0,3,6,6,6,6,3.67,5,6,6,6,6,3,0,0,0,0,4,6,6,6,6,6,6,6,6,6,3,0,0,1,5,6,6,6,6,6,4,6,6,6,6,6,4,4,6,6,6,6,6,6,3,0,3,5,6,6,6,6,6,6,6,6,6,6,6,3,0,0,0,1,2,3,3,2,5,6,6,6,6,6,3,0,0,0,0,0,0,0,0,3,6,6,6,6,4,0,0,0,0,0,0,0,0,0,6,6,6,6,6,0,0,0,0,0,0,0,0,0,0,6,6,6,6,5,0,0,0,0,0,0,0,0,0,5,6,6,6,6,3,0,0,0,0,0,0,0,0,0,6,6,6,6,6,1,0,0,0,0,0,0,0,0,0,4,6,6,6,6,0,0,0,0,0,0,0,0,0,0,2,4,4,4,4,0,0,0,10,"mfeat-pixel","att60",0.9
0,0,0,2,4,5,6,6,6,5,5,6,6,6,3,0,1,5,6,6,6,6,6,6,6,6,6,6,6,5,0,5,6,6,6,5,2,0,2,5,6,6,6,6,4,1,6,6,6,6,2,0,0,0,3,6,6,6,6,10.26,3,6,6,6,6,0,0,0,0,3,6,6,6,6,3,3,6,6,6,6,0,0,1,2,5,6,6,6,6,4,0,4,6,6,6,5,5,6,6,6,6,6,6,6,4,0,0,3,6,6,6,6,6,6,6,6,6,6,6,0,0,0,0,0,2,2,2,2,4,6,6,6,6,6,0,0,0,0,0,0,0,0,0,0,3,6,6,6,6,0,0,0,0,0,0,0,0,0,1,5,6,6,6,3,0,0,0,0,0,0,0,0,0,2,6,6,6,6,2,0,0,0,0,0,0,0,0,0,1,6,6,6,6,0,0,0,0,0,0,0,0,0,0,6,6,6,6,6,0,0,0,0,0,0,0,0,0,0,6,6,6,6,6,0,0,0,0,0,0,0,0,0,0,3,4,4,4,3,0,0,10,"mfeat-pixel","att60",0.9
0,0,3,4,4,5,6,5,4,4,3,1,0,0,0,0,5,6,6,6,6,4,6,6,6,6,6,5,1,0,4,6,6,6,3,0,0,0,2,4,6,6,6,6,0,6,6,6,6,0,0,0,0,0,0,4,6,6,6,0,6,6,6,6,1,0,0,0,3,5,6,6,6,6,4,6,6,6,6,6,6,6,6,6,6,6,6,6,6,6,1,5,6,6,6,6,6,6,6,4,5,6,6,6,6,0,0,0,0,0,0,0,0,0,0,0,6,6,6,6,0,0,0,0,0,0,0,0,0,1,5,6,6,6,5,0,0,0,0,0,0,0,0,0,3,6,6,6,6,1,0,0,0,0,0,0,0,0,3,6,6,6,6,5,0,0,0,0,0,0,0,1,4,6,6,6,6,3,0,0,0,0,0,0,0,3,6,6,6,5,2,1,0,0,0,0,0,0,0,5,6,6,6,5,1,0,0,0,0,0,0,0,3,5,6,6,6,5,0,0,0,0,0,0,0,0,0,3,4,4,4,3,0,0,0,0,0,0,0,0,10,"mfeat-pixel","att60",0.9
0,0,0,2,4,4,6,5,3,0,0,0,0,0,0,0,1,5,6,6,6,6,6,6,6,6,6,5,0,0,0,5,6,6,6,6,3,2,3,6,6,6,6,5,0,1,6,6,6,6,2,0,0,0,2,6,6,6,6,5.62,5,6,6,6,6,0,0,0,0,0,6,6,6,6,5,6,6,6,6,6,0,0,0,0,0,6,6,6,6,1,2,6,6,6,6,1,0,0,0,1,6,6,6,5,0,0,6,6,6,6,6,4,4,4,6,6,6,6,1,0,0,3,4,5,6,6,6,6,6,6,6,6,5,0,0,0,0,0,0,1,5,6,6,6,6,6,4,0,0,0,0,0,0,0,0,3,6,6,6,6,6,2,0,0,0,0,0,0,1,3,6,6,4,0,0,0,0,0,0,0,0,0,5,6,6,6,6,2,0,0,0,0,0,0,0,0,2,6,6,6,6,1,0,0,0,0,0,0,0,0,2,6,6,6,6,5,0,0,0,0,0,0,0,0,0,2,4,4,2,0,0,0,0,0,0,0,0,0,0,0,10,"mfeat-pixel","att60",0.9
0,0,0,1,3,4,4,6,4,6,4,3,0,0,0,0,1,5,6,6,6,6,6,6,6,6,6,5,0,0,2,6,6,6,6,6,6,6,6,6,6,6,6,0,0,3,6,6,6,6,3,0,0,4,6,6,6,6,1,-1.68,5,6,6,6,3,0,0,0,5,6,6,6,6,3,0,6,6,6,6,6,0,0,0,4,6,6,6,6,2,0,3,6,6,6,6,3,2,5,6,6,6,6,6,2,0,0,3,6,6,6,6,6,6,6,6,6,6,6,6,0,0,0,1,2,5,6,6,6,6,6,6,6,6,6,0,0,0,0,0,0,3,4,4,2,3,6,6,6,6,0,0,0,0,0,0,0,0,0,0,0,6,6,6,6,0,0,0,0,0,0,0,0,0,0,0,4,6,6,6,3,0,0,0,0,0,0,0,0,0,0,3,6,6,6,5,0,0,0,0,0,0,0,0,0,3,6,6,6,6,5,0,0,1,5,6,6,6,6,6,6,6,6,6,6,3,0,0,2,4,4,4,4,4,4,4,4,4,4,4,4,10,"mfeat-pixel","att60",0.9
0,0,3,5,6,6,6,5,4,6,6,6,4,4,1,0,4,6,6,6,6,6,6,6,6,6,6,6,6,3,2,6,6,6,4,4,4,4,4,4,4,6,6,6,3,4,6,6,2,0,0,0,0,0,0,0,3,6,6,4.57,5,6,6,1,0,0,0,0,0,0,1,5,6,6,5,5,6,6,3,0,0,0,0,0,0,6,6,6,6,4,4,6,6,4,0,0,0,2,4,5,6,6,6,6,3,3,6,6,6,6,6,6,6,6,6,6,6,6,6,3,1,4,6,6,6,6,6,6,6,5,1,3,6,6,3,0,0,1,3,4,4,4,4,3,0,0,4,6,6,2,0,0,0,0,0,0,0,0,0,0,2,6,6,4,0,0,0,0,0,0,0,0,0,0,0,5,6,6,6,0,0,0,0,0,0,0,0,0,0,1,6,6,6,3,0,0,0,0,0,0,0,0,0,0,5,6,6,3,0,0,0,0,0,0,0,0,0,0,2,6,6,6,0,0,0,0,0,0,0,0,0,0,0,0,3,4,1,0,0,0,10,"mfeat-pixel","att60",0.9
0,0,0,0,0,3,4,6,3,1,0,0,0,0,0,0,0,0,1,5,6,6,6,6,6,6,6,6,3,0,0,0,3,6,6,6,6,6,6,6,6,6,6,6,1,0,4,6,6,6,5,1,0,2,0,3,6,6,6,3.76,2,6,6,6,4,0,0,0,0,0,0,6,6,6,6,2,6,6,6,0,0,0,0,0,0,0,6,6,6,6,0,6,6,6,3,1,0,0,0,0,0,6,6,6,6,0,2,6,6,6,6,5,4,4,4,5,6,6,6,4,0,0,1,4,4,5,6,5,4,5,6,6,6,6,0,0,0,0,0,0,0,0,0,0,0,6,6,6,3,0,0,0,0,0,0,0,0,0,1,5,6,6,3,0,0,0,0,0,0,0,0,0,3,6,6,5,1,0,0,0,0,0,0,0,1,5,6,6,6,5,1,0,0,0,0,0,0,0,1,6,6,6,6,4,0,0,0,0,0,0,0,0,3,6,6,6,6,3,0,0,0,0,0,0,0,0,2,4,4,3,1,0,0,0,0,0,0,0,0,0,10,"mfeat-pixel","att60",0.9
0,0,0,0,1,3,4,4,4,4,4,2,0,0,0,0,0,0,3,6,6,6,6,6,6,6,6,6,3,1,0,1,5,6,6,6,5,4,4,4,6,6,6,6,6,2,6,6,6,5,1,0,0,0,0,3,6,6,6,5.43,3,6,6,6,0,0,0,0,0,0,2,6,6,6,6,5,6,6,6,0,0,0,0,0,0,0,6,6,6,6,4,6,6,6,2,0,0,0,0,0,0,6,6,6,6,3,6,6,6,5,1,0,0,0,3,5,6,6,6,6,0,4,6,6,6,6,4,2,5,6,6,6,6,6,3,0,0,3,6,6,6,6,6,6,6,6,6,6,1,0,0,0,0,0,2,2,2,6,6,6,6,6,1,0,0,0,0,0,0,0,0,0,6,6,6,6,2,0,0,0,0,0,0,0,0,1,5,6,6,6,5,0,0,0,0,0,0,0,5,6,6,6,6,6,3,0,0,0,0,0,0,0,5,6,6,6,6,5,1,0,0,0,0,0,0,0,0,3,4,4,4,3,0,0,0,0,0,0,0,0,10,"mfeat-pixel","att60",0.9
0,0,0,2,4,5,6,4,4,4,4,4,3,0,0,0,0,5,6,6,6,6,6,6,6,6,6,6,5,1,0,2,6,6,6,6,6,5,2,5,6,6,6,6,6,2,6,6,6,6,6,6,0,0,3,6,6,6,6,5.73,3,6,6,6,6,5,1,0,0,3,6,6,6,6,6,1,6,6,6,6,3,0,0,2,5,6,6,6,6,6,0,5,6,6,6,6,4,5,6,6,6,6,6,6,5,0,1,6,6,6,6,6,6,6,6,6,6,6,6,1,0,0,1,4,6,6,6,6,6,6,6,6,6,5,0,0,0,0,0,0,0,0,1,6,6,6,6,6,3,0,0,0,0,0,0,0,0,0,6,6,6,6,6,1,0,0,0,0,0,0,0,0,0,6,6,6,6,6,0,0,0,0,0,0,0,0,0,2,6,6,6,6,6,0,0,0,0,0,0,0,0,0,3,6,6,6,6,6,3,0,0,0,0,0,0,0,0,3,6,6,6,6,5,0,0,0,0,0,0,0,0,0,0,3,4,4,3,0,0,0,10,"mfeat-pixel","att60",0.9
0,0,1,3,4,5,6,6,5,4,3,1,0,0,0,0,3,6,6,6,6,6,6,6,6,6,6,4,3,0,1,6,6,6,6,6,4,4,5,6,6,6,6,6,1,5,6,6,6,6,1,0,0,0,4,6,6,6,6,2.02,6,6,6,6,6,3,0,0,0,4,6,6,6,6,6,2,6,6,6,6,6,6,6,6,6,6,6,6,6,2,0,1,5,6,6,6,6,6,6,6,6,6,6,6,0,0,0,0,0,0,0,0,1,6,6,6,6,6,2,0,0,0,0,0,0,0,0,1,6,6,6,6,6,0,0,0,0,0,0,0,0,0,5,6,6,6,6,3,0,0,0,0,0,0,0,0,1,6,6,6,6,1,0,0,0,0,0,0,0,0,0,6,6,6,6,5,0,0,0,0,0,0,0,0,0,2,6,6,6,4,0,0,0,0,0,0,0,0,0,3,6,6,6,3,0,0,0,0,0,0,0,0,1,5,6,6,6,3,0,0,0,0,0,0,0,0,0,4,4,4,4,4,1,0,0,0,0,0,0,0,10,"mfeat-pixel","att60",0.9
0,3,6,6,6,6,6,6,6,6,6,6,6,4,1,5,6,6,6,6,6,6,6,6,6,6,6,6,6,3,6,6,6,6,1,0,0,0,1,6,6,6,6,6,3,6,6,6,6,0,0,0,0,0,6,6,6,6,6,2.72,6,6,6,6,4,0,0,0,0,3,6,6,6,6,2,4,6,6,6,6,0,0,0,0,6,6,6,6,6,0,3,6,6,6,6,0,0,1,3,6,6,6,6,4,0,2,6,6,6,6,5,5,6,6,6,6,6,6,3,0,0,1,4,5,6,6,6,6,6,6,6,6,6,0,0,0,0,0,0,1,2,2,3,6,6,6,6,4,0,0,0,0,0,0,0,0,0,0,6,6,6,6,0,0,0,0,0,0,0,0,0,0,2,6,6,6,6,0,0,0,0,0,0,0,0,0,0,6,6,6,6,6,0,0,0,0,0,0,0,0,0,0,4,6,6,6,6,2,0,0,0,0,0,0,0,0,0,5,6,6,6,6,6,2,0,0,0,0,0,0,0,0,3,4,4,4,4,4,1,0,10,"mfeat-pixel","att60",0.9
0,0,1,4,6,6,6,6,6,6,6,6,6,5,1,0,0,6,6,6,6,6,6,6,6,6,6,6,6,6,0,2,6,6,6,1,0,0,0,0,0,4,6,6,6,0,6,6,6,6,0,0,0,0,0,0,3,6,6,3.74,2,6,6,6,6,0,0,0,0,0,0,3,6,6,4,6,6,6,6,6,0,0,0,0,0,0,3,6,6,4,4,6,6,6,6,2,0,0,0,0,1,5,6,6,6,0,5,6,6,6,6,1,0,0,1,6,6,6,6,2,0,1,6,6,6,6,6,4,4,6,6,6,6,6,0,0,0,1,5,6,6,6,6,6,6,6,6,5,1,0,0,0,0,1,4,5,6,6,6,6,6,4,0,0,0,0,0,0,0,0,0,1,5,6,6,6,3,0,0,0,0,0,0,0,0,0,0,3,6,6,5,1,0,0,0,0,0,0,0,0,0,3,6,6,6,0,0,0,0,0,0,0,0,0,0,5,6,6,6,6,0,0,0,0,0,0,0,0,0,0,4,4,4,2,1,0,0,0,0,0,10,"mfeat-pixel","att60",0.9
0,0,1,3,4,4,4,6,6,6,6,6,6,5,1,0,3,6,6,6,6,6,6,6,6,6,6,6,6,1,3,6,6,6,6,5,5,6,6,6,6,6,5,1,0,0,6,6,6,5,0,0,6,6,6,6,6,1,0,-1.48,1,6,6,6,0,0,1,6,6,6,6,6,0,0,0,3,6,6,6,3,3,6,6,6,6,6,6,0,0,0,0,4,6,6,6,6,6,6,6,6,6,6,0,0,0,0,0,6,6,6,6,6,6,6,6,6,4,0,0,0,0,0,3,6,6,6,5,5,6,6,6,3,0,0,0,0,0,0,1,2,1,0,3,6,6,6,0,0,0,0,0,0,0,0,0,0,0,5,6,6,6,0,0,0,0,0,0,0,0,0,0,0,3,6,6,6,0,0,0,0,0,0,0,0,0,0,0,5,6,6,2,0,0,0,0,0,3,4,3,2,3,5,6,6,6,0,0,0,0,0,5,6,6,6,6,6,6,6,6,6,0,0,0,0,0,3,4,4,4,4,4,4,4,4,4,0,0,0,0,0,10,"mfeat-pixel","att60",0.9
0,0,0,3,6,6,6,6,6,6,6,5,3,0,0,3,6,6,6,6,6,3,3,5,6,6,6,6,5,0,6,6,6,6,6,2,0,0,0,4,6,6,6,6,0,6,6,6,6,6,0,0,0,0,0,6,6,6,6,1.24,5,6,6,6,6,0,0,0,0,2,6,6,6,6,0,3,6,6,6,6,0,0,0,0,6,6,6,6,6,0,1,5,6,6,6,3,2,2,3,6,6,6,6,4,0,0,0,3,5,6,6,6,6,6,6,6,6,6,0,0,0,0,0,0,0,0,0,4,6,6,6,6,6,0,0,0,0,0,0,0,0,2,6,6,6,6,6,5,0,0,0,0,0,0,0,0,1,6,6,6,6,4,0,0,0,0,0,0,0,0,0,3,6,6,6,3,0,0,0,0,0,0,0,0,0,2,6,6,6,4,0,0,0,0,0,0,0,0,0,0,6,6,6,6,0,0,0,0,0,0,0,0,0,0,3,6,6,6,6,2,0,0,0,0,0,0,0,0,0,0,4,4,3,0,0,0,0,0,0,0,10,"mfeat-pixel","att60",0.9
0,0,2,5,6,6,6,6,6,6,6,6,3,0,0,1,5,6,6,6,6,6,6,6,6,6,6,6,3,0,6,6,6,6,5,2,2,0,1,5,6,6,6,6,2,6,6,6,6,5,0,0,0,0,1,6,6,6,6,1.92,1,5,6,6,6,1,0,0,0,1,6,6,6,6,3,0,0,3,6,6,6,6,4,4,6,6,6,6,6,5,0,0,0,1,4,6,6,6,6,6,6,6,6,6,6,0,0,0,0,0,0,0,0,0,1,6,6,6,6,6,0,0,0,0,0,0,0,0,0,0,6,6,6,6,6,0,0,0,0,0,0,0,0,0,0,6,6,6,6,3,0,0,0,0,0,0,0,0,0,0,6,6,6,6,3,0,0,0,0,0,0,0,0,0,1,6,6,6,6,2,0,0,0,0,0,0,0,0,3,6,6,6,6,3,0,0,0,0,0,0,0,3,5,6,6,6,5,1,0,0,0,0,0,0,1,5,6,6,6,6,3,0,0,0,0,0,0,0,0,2,4,4,4,4,3,0,0,0,0,0,10,"mfeat-pixel","att60",0.9
0,0,0,0,0,0,2,4,5,6,6,6,5,1,0,0,1,2,4,6,6,6,6,6,6,6,6,6,6,2,2,6,6,6,6,6,5,4,4,4,6,6,6,6,4,6,6,6,4,0,0,0,0,0,0,3,6,6,6,7.8,5,6,6,5,1,0,0,0,3,4,6,6,6,6,6,3,6,6,6,6,4,4,6,6,6,6,6,6,6,6,0,3,6,6,6,6,6,6,6,4,2,5,6,6,6,0,0,1,2,2,2,2,1,0,0,0,3,6,6,6,0,0,0,0,0,0,0,0,0,0,0,3,6,6,6,0,0,0,0,0,0,0,0,0,0,0,4,6,6,6,0,0,0,0,0,0,0,0,0,0,2,6,6,6,6,0,0,0,0,0,0,0,0,0,0,3,6,6,6,6,0,0,0,0,0,0,0,0,0,0,3,6,6,6,6,0,0,0,0,0,0,0,0,0,0,3,6,6,6,6,0,0,0,0,2,6,6,5,4,4,6,6,6,5,1,0,0,0,0,1,4,4,4,4,4,4,4,4,1,0,10,"mfeat-pixel","att60",0.9
0,0,0,1,4,5,6,5,4,4,4,2,1,0,0,0,3,5,6,6,6,6,6,6,6,6,6,6,2,0,0,6,6,6,6,6,6,6,6,6,6,6,6,6,2,4,6,6,6,6,3,2,2,2,2,3,6,6,6,3.88,6,6,6,6,1,0,0,0,0,0,0,6,6,6,6,3,6,6,6,5,2,0,0,1,2,3,6,6,6,5,0,3,6,6,6,6,6,6,6,6,6,6,6,6,3,0,0,1,5,6,6,6,6,6,6,6,6,6,6,2,0,0,0,0,1,2,3,6,6,6,6,6,6,4,0,0,0,0,0,0,0,0,6,6,6,6,6,5,0,0,0,0,0,0,0,0,5,6,6,6,6,6,2,0,0,0,0,0,0,0,4,6,6,6,6,6,3,0,0,0,0,0,0,0,2,6,6,6,6,6,6,0,0,0,0,0,0,0,0,3,6,6,6,6,6,5,0,0,0,0,0,0,0,0,6,6,6,6,6,4,0,0,0,0,0,0,0,0,0,3,4,4,4,3,0,0,0,0,0,0,10,"mfeat-pixel","att60",0.9
0,0,0,1,4,5,6,6,6,6,6,5,4,1,0,0,0,3,6,6,6,6,6,6,6,6,6,6,5,0,0,2,6,6,6,6,6,6,6,6,6,6,6,6,4,3,6,6,6,6,6,1,0,2,3,6,6,6,6,6.96,4,6,6,6,6,2,0,0,0,0,3,6,6,6,6,3,6,6,6,6,0,0,0,0,0,4,6,6,6,6,2,6,6,6,6,3,1,0,1,5,6,6,6,6,6,0,4,6,6,6,6,6,6,6,6,6,6,6,6,3,0,2,6,6,6,6,6,6,6,6,6,6,6,6,3,0,0,1,2,2,2,2,4,4,6,6,6,6,5,0,0,0,0,0,0,0,0,0,0,3,6,6,6,5,0,0,0,0,0,0,0,0,0,0,5,6,6,6,4,0,0,0,0,0,0,0,0,0,0,6,6,6,5,0,0,0,0,0,0,0,0,2,0,0,6,6,4,0,0,0,0,0,0,0,0,2,6,5,5,6,3,0,0,0,0,0,0,0,0,0,0,3,4,4,3,0,0,0,0,0,10,"mfeat-pixel","att60",0.9
0,0,3,4,6,6,6,6,6,6,6,6,5,0,0,0,5,6,6,6,6,6,6,6,6,6,6,6,1,0,2,6,6,6,5,2,0,0,0,4,6,6,6,5,0,6,6,6,6,0,0,0,0,0,1,5,6,6,6,1.1,6,6,6,6,0,0,0,0,0,0,3,6,6,6,0,2,6,6,6,1,0,0,0,0,0,0,5,6,6,0,0,6,6,6,6,2,0,0,0,0,0,4,6,6,3,0,2,6,6,6,6,3,0,2,4,5,6,6,6,2,0,0,3,6,6,6,6,6,6,6,6,6,6,6,0,0,0,0,1,5,6,6,5,4,4,5,6,6,6,0,0,0,0,0,0,0,0,0,0,0,0,6,6,6,0,0,0,0,0,0,0,0,0,0,0,0,6,6,6,0,0,0,0,0,0,0,0,0,0,0,0,6,6,6,0,0,0,0,0,0,2,4,4,4,4,5,6,6,6,0,0,0,0,3,6,6,6,6,6,6,6,6,6,2,0,0,0,2,4,4,4,4,4,4,4,4,4,3,0,0,10,"mfeat-pixel","att60",0.9
0,0,0,1,4,4,6,6,6,6,4,4,3,0,0,0,0,3,6,6,6,6,6,6,6,6,6,6,5,0,0,5,6,6,6,5,3,1,0,3,6,6,6,6,5,4,6,6,6,3,0,0,0,0,0,1,6,6,6,3.7,6,6,6,6,0,1,0,0,0,0,5,6,6,6,6,6,6,6,6,1,0,0,0,0,0,6,6,6,6,2,2,6,6,6,6,5,4,4,4,5,6,6,6,6,0,0,1,4,4,5,6,6,6,6,6,6,6,6,6,0,0,0,0,0,0,1,3,6,6,6,6,6,4,1,0,0,0,0,0,0,0,3,6,6,6,6,3,0,0,0,0,0,0,0,0,2,6,6,6,6,3,0,0,0,0,0,0,0,0,1,6,6,6,6,5,0,0,0,0,0,0,0,0,2,6,6,6,6,6,1,0,0,0,0,0,0,0,0,4,6,6,6,6,6,0,0,0,0,0,0,0,1,5,6,6,6,6,6,5,0,0,0,0,0,0,0,1,4,4,4,4,4,2,0,0,0,0,0,0,0,10,"mfeat-pixel","att60",0.9
0,0,0,3,6,6,6,6,6,5,4,3,0,0,0,0,1,5,6,6,6,6,6,6,6,6,6,5,0,0,2,6,6,6,6,6,3,2,3,6,6,6,6,4,0,6,6,6,6,3,0,0,0,0,3,6,6,6,6,3.73,6,6,6,6,0,0,0,0,0,3,6,6,6,6,6,6,6,6,6,3,2,0,0,2,6,6,6,6,6,6,5,6,6,6,6,6,6,4,6,6,6,6,6,6,5,0,3,6,6,6,6,6,6,6,6,6,6,6,6,3,0,0,0,3,4,4,4,5,6,6,6,6,6,5,1,0,0,0,0,0,0,0,0,6,6,6,6,6,3,0,0,0,0,0,0,0,0,4,6,6,6,6,6,5,0,0,0,0,0,0,0,3,6,6,6,6,6,1,0,0,0,0,0,0,0,2,6,6,6,6,6,4,0,0,0,0,0,0,0,3,6,6,6,6,4,3,0,0,0,0,0,0,0,4,6,6,6,6,2,0,0,0,0,0,0,0,0,0,3,4,4,4,3,0,0,0,0,0,0,0,10,"mfeat-pixel","att60",0.9
0,0,0,2,4,4,4,6,6,6,5,2,0,0,0,0,1,5,6,6,6,6,6,6,6,6,6,6,5,1,0,5,6,6,6,6,4,3,2,5,6,6,6,6,5,0,6,6,6,5,1,0,0,0,0,6,6,6,6,4.71,0,6,6,6,1,0,0,0,0,1,6,6,6,6,6,0,6,6,6,0,0,0,0,3,6,6,6,6,6,5,1,6,6,6,5,2,3,6,6,6,6,6,6,5,1,3,6,6,6,6,6,6,6,6,6,6,6,6,1,0,0,5,6,6,6,6,6,6,6,6,6,6,5,0,0,0,0,0,0,1,6,6,6,6,6,6,3,0,0,0,0,0,0,0,3,6,6,6,6,6,3,0,0,0,0,0,0,0,2,6,6,6,6,5,1,0,0,0,0,0,0,1,4,6,6,6,6,4,0,0,0,0,0,0,0,1,6,6,6,6,6,5,0,0,0,0,0,0,0,0,5,6,6,6,5,1,0,0,0,0,0,0,0,0,0,4,4,4,4,1,0,0,0,0,0,0,0,0,0,0,10,"mfeat-pixel","att60",0.9
0,0,0,0,0,0,2,4,5,5,0,0,0,0,0,0,0,3,6,6,6,6,6,5,1,0,5,6,6,3,0,4,6,6,5,4,3,2,0,1,5,6,6,6,6,0,6,6,6,0,0,0,0,0,4,6,6,6,6,5.1,3,6,6,3,0,0,0,0,2,6,6,6,6,6,2,4,6,6,5,0,0,0,0,3,6,6,6,6,3,0,4,6,6,6,3,1,0,1,5,6,6,6,6,3,0,0,5,6,6,6,6,6,6,6,6,6,6,6,0,0,0,0,2,3,5,6,6,6,6,6,6,6,6,0,0,0,0,0,0,0,0,0,1,6,6,6,6,3,0,0,0,0,0,0,0,0,0,2,6,6,6,6,3,0,0,0,0,0,0,0,0,0,6,6,6,6,4,0,0,0,0,0,0,0,0,0,2,6,6,6,6,2,0,0,0,0,0,0,0,0,0,3,6,6,6,6,0,0,0,0,0,0,0,0,0,0,6,6,6,6,6,0,0,0,0,0,0,0,0,0,0,1,4,4,4,3,0,0,0,0,10,"mfeat-pixel","att60",0.9
0,0,0,0,3,5,6,6,6,6,6,6,5,1,0,0,3,4,6,6,6,6,6,6,6,6,6,6,6,2,0,6,6,6,6,6,5,4,4,5,6,6,6,6,3,4,6,6,6,6,5,0,0,0,0,1,6,6,6,3,4,6,6,6,6,3,0,0,0,0,5,6,6,6,4,0,6,6,6,6,6,0,0,0,0,6,6,6,6,0,0,6,6,6,6,6,0,0,0,3,6,6,6,4,0,0,6,6,6,6,6,3,2,5,6,6,6,6,0,0,0,4,6,6,6,6,6,6,6,6,6,6,3,0,0,0,0,5,6,6,6,6,6,6,6,6,3,0,0,0,0,0,0,2,5,6,6,6,6,6,6,3,0,0,0,0,0,0,0,0,6,6,6,6,6,3,0,0,0,0,0,0,0,0,3,6,6,6,6,6,0,0,0,0,0,0,0,0,3,6,6,6,6,5,1,0,0,0,0,0,0,0,0,3,6,6,6,4,0,0,0,0,0,0,0,0,0,0,2,4,4,3,0,0,0,0,0,0,0,0,10,"mfeat-pixel","att60",0.9
0,0,3,4,6,6,6,6,6,6,6,6,6,3,0,1,5,6,6,6,6,6,6,6,6,6,6,6,6,2,6,6,6,6,6,3,2,2,2,3,6,6,6,6,6,6,6,6,6,3,0,0,0,0,1,6,6,6,6,0.02,6,6,6,6,3,0,0,0,0,4,6,6,6,6,0,3,6,6,6,6,5,2,2,5,6,6,6,6,6,0,0,3,6,6,6,6,6,6,6,6,6,6,6,6,0,0,0,1,3,5,6,4,2,3,6,6,6,6,6,0,0,0,0,0,0,0,0,0,0,6,6,6,6,4,0,0,0,0,0,0,0,0,0,2,6,6,6,6,0,0,0,0,0,0,0,0,0,0,3,6,6,6,2,0,0,0,0,0,0,0,0,0,1,6,6,6,5,0,0,0,0,0,0,0,0,0,0,3,6,6,6,1,0,0,0,0,0,0,0,0,0,1,6,6,6,3,0,0,0,0,0,0,0,0,0,0,3,6,6,3,0,0,0,0,0,0,0,0,0,0,0,2,4,4,2,0,0,0,0,0,10,"mfeat-pixel","att60",0.9
0,0,1,3,4,4,4,5,5,2,0,0,0,0,0,5,6,6,6,6,6,6,6,6,6,6,4,3,0,0,6,6,6,6,5,4,4,6,6,6,6,6,6,2,0,6,6,6,6,1,0,0,2,6,6,6,6,6,6,-1.6,4,6,6,6,6,3,0,0,6,6,6,6,6,6,2,0,3,6,6,6,6,5,5,6,6,6,6,6,6,1,0,0,1,4,4,6,6,6,6,6,6,6,6,6,0,0,0,0,0,0,0,3,4,6,6,6,6,6,6,0,0,0,0,0,0,0,0,0,1,6,6,6,6,6,0,0,0,0,0,0,0,0,0,1,6,6,6,6,2,0,0,0,0,0,0,0,0,0,6,6,6,6,5,0,0,0,0,0,0,0,0,0,0,6,6,6,6,1,0,0,0,0,0,0,0,0,1,5,6,6,6,6,0,0,0,0,0,0,0,0,0,6,6,6,6,6,2,0,0,0,0,0,0,0,0,4,6,6,6,6,5,0,0,0,0,0,0,0,0,0,3,4,4,2,0,0,0,0,0,0,10,"mfeat-pixel","att60",0.9
0,0,1,3,6,4,4,4,6,4,4,4,3,0,0,0,3,6,6,6,6,6,6,6,6,6,6,6,5,0,3,6,6,6,6,6,6,6,6,6,6,6,6,6,1,3,6,6,6,6,3,0,0,0,1,6,6,6,6,3.25,3,6,6,6,6,2,0,0,0,0,6,6,6,6,0,0,6,6,6,6,6,3,0,0,2,6,6,6,6,4,0,4,6,6,6,6,6,5,4,6,6,6,6,6,6,0,0,6,6,6,6,6,6,6,6,6,6,6,6,6,0,0,1,5,6,6,6,6,6,6,6,6,6,6,6,0,0,0,0,1,4,4,4,4,5,6,6,6,6,6,0,0,0,0,0,0,0,0,0,0,3,6,6,6,6,0,0,0,0,0,0,0,0,0,0,0,6,6,6,4,0,0,0,0,0,0,0,0,0,0,2,6,6,6,5,0,0,0,0,0,0,0,0,0,0,6,6,6,6,6,0,0,0,0,0,0,0,0,0,0,6,6,6,6,4,0,0,0,0,0,0,0,0,0,0,3,4,4,4,0,10,"mfeat-pixel","att60",0.9
0,0,0,1,5,6,6,6,6,6,5,4,3,0,0,0,1,2,5,6,6,6,6,6,6,6,6,6,2,0,0,6,6,6,6,5,4,5,6,6,6,6,6,6,0,4,6,6,6,6,1,0,0,1,5,6,6,6,6,2.41,6,6,6,6,6,2,0,0,0,0,6,6,6,6,4,6,6,6,6,4,0,0,0,0,3,6,6,6,6,0,6,6,6,6,3,0,0,0,0,3,6,6,6,6,0,5,6,6,6,6,3,0,1,3,6,6,6,5,1,0,1,6,6,6,6,6,6,6,6,6,6,4,0,0,0,0,3,6,6,6,6,6,6,6,6,6,1,0,0,0,0,0,1,2,2,5,6,6,6,6,2,0,0,0,0,0,0,0,0,0,3,6,6,6,4,0,0,0,0,0,0,0,0,0,0,3,6,6,5,1,0,0,0,0,0,0,0,0,0,1,6,6,4,0,0,0,0,0,0,0,0,0,0,1,6,6,6,0,0,0,0,0,0,0,0,0,0,0,1,4,4,3,0,0,0,0,0,0,0,0,10,"mfeat-pixel","att60",0.9
0,0,0,1,3,4,5,5,5,5,4,3,1,0,0,0,0,3,6,6,6,6,6,6,6,6,6,6,3,0,0,5,6,6,6,6,4,2,2,2,3,6,6,6,5,3,6,6,6,5,1,0,0,0,0,0,2,6,6,3.72,1,6,6,6,5,2,0,2,4,4,3,3,6,6,6,0,5,6,6,6,6,6,6,6,6,6,6,6,6,6,0,0,3,5,6,6,6,6,6,6,6,6,6,6,6,0,0,0,0,0,1,2,2,1,0,1,6,6,6,6,0,0,0,0,0,0,0,0,0,0,0,6,6,6,4,0,0,0,0,0,0,0,0,0,0,3,6,6,5,0,0,0,0,0,0,0,0,0,0,5,6,6,6,1,0,0,0,0,0,0,0,0,0,3,6,6,6,5,0,0,0,0,0,0,0,0,0,1,5,6,6,6,1,0,0,0,0,0,0,0,2,6,6,6,6,6,4,0,0,0,0,0,0,0,1,5,6,6,6,5,3,0,0,0,0,0,0,0,0,1,4,4,4,3,0,0,0,0,0,0,10,"mfeat-pixel","att60",0.9
0,0,0,0,0,3,4,6,6,4,3,0,0,0,0,0,0,0,3,6,6,6,6,6,6,6,5,1,0,0,0,1,5,6,6,5,1,0,1,5,6,6,6,2,0,0,5,6,6,6,0,0,0,0,0,3,6,6,6,-1.71,4,6,6,6,2,0,0,0,0,0,0,4,6,6,6,6,6,6,6,0,0,0,0,0,0,1,5,6,6,6,5,6,6,6,5,1,1,3,4,4,6,6,6,6,1,0,3,6,6,6,6,6,6,6,6,6,6,6,1,0,0,0,3,6,6,6,6,6,6,6,6,6,3,0,0,0,0,0,0,0,0,0,4,6,6,6,1,0,0,0,0,0,0,0,0,0,0,6,6,6,4,0,0,0,0,0,0,0,0,0,1,5,6,6,6,0,0,0,0,0,0,0,0,0,0,6,6,6,6,1,0,0,0,0,0,0,0,0,0,0,6,6,6,1,0,0,0,0,0,0,0,0,0,0,3,6,6,6,3,0,0,0,0,0,0,0,0,0,0,1,4,4,4,1,0,0,0,0,0,0,10,"mfeat-pixel","att60",0.9
0,0,0,3,6,6,6,6,6,6,5,1,0,0,0,0,1,5,6,6,6,6,6,6,6,6,6,1,0,0,0,5,6,6,6,5,1,1,5,6,6,6,6,0,0,0,6,6,6,6,0,0,0,0,6,6,6,6,0,-1.44,0,6,6,6,6,1,0,1,5,6,6,6,6,0,0,4,6,6,6,6,6,6,6,6,6,6,6,6,0,0,4,6,6,6,6,6,6,6,6,6,6,6,6,1,0,0,3,6,6,6,5,4,5,6,6,6,6,6,5,0,0,0,1,2,1,0,0,0,3,6,6,6,6,3,0,0,0,0,0,0,0,0,0,0,2,6,6,6,5,0,0,0,0,0,0,0,0,0,0,0,5,6,6,6,1,0,0,0,0,0,0,0,0,0,0,1,6,6,6,5,0,0,0,0,0,0,0,0,0,0,3,6,6,6,6,0,0,0,0,0,0,1,3,4,5,6,6,6,6,6,0,0,0,0,3,6,6,6,6,6,6,6,6,6,1,0,0,0,0,3,4,4,4,4,4,4,4,4,1,0,10,"mfeat-pixel","att60",0.9
0,0,3,4,4,6,6,6,6,6,6,5,3,0,0,0,4,6,6,6,5,2,3,4,5,6,6,6,4,0,0,6,6,6,6,0,0,0,0,0,6,6,6,6,4,0,6,6,6,6,0,0,0,0,0,3,6,6,6,3.93,0,6,6,6,4,0,0,0,0,0,0,3,6,6,6,2,6,6,6,2,0,0,0,0,0,1,5,6,6,4,6,6,6,3,0,0,0,0,0,0,6,6,6,6,5,6,6,6,4,0,0,0,0,0,3,6,6,6,6,5,2,6,6,6,6,6,6,6,6,6,6,6,6,5,1,0,1,2,2,3,5,6,6,6,6,6,6,6,1,0,0,0,0,0,0,0,0,4,6,6,6,6,5,0,0,0,0,0,0,0,0,1,5,6,6,6,4,0,0,0,0,0,0,0,0,0,6,6,6,6,3,0,0,0,0,0,0,0,0,0,2,6,6,6,6,0,0,0,0,0,0,0,0,0,0,6,6,6,6,4,0,0,0,0,0,0,0,0,0,0,3,4,4,4,0,0,0,0,0,0,10,"mfeat-pixel","att60",0.9
0,0,0,2,4,4,4,4,4,5,6,5,4,3,0,0,1,5,6,6,6,6,6,6,6,6,6,6,6,2,0,6,6,6,6,4,5,6,6,6,6,6,6,6,6,0,6,6,6,1,0,0,0,0,1,6,6,6,6,5.75,2,6,6,6,2,0,0,0,0,2,6,6,6,6,6,3,6,6,6,3,0,0,0,0,3,6,6,6,6,3,0,6,6,6,4,0,0,0,0,3,6,6,6,3,0,0,6,6,6,6,2,0,0,0,3,6,6,6,0,0,0,5,6,6,6,5,2,2,2,5,6,6,3,0,0,0,1,6,6,6,6,6,6,6,6,6,3,0,0,0,0,0,5,6,6,6,6,6,6,6,6,3,0,0,0,0,0,0,1,5,6,6,6,6,6,5,0,0,0,0,0,0,0,0,0,4,6,6,6,6,3,0,0,0,0,0,0,0,0,1,6,6,6,6,6,1,0,0,0,0,0,0,0,0,3,6,6,6,6,2,0,0,0,0,0,0,0,0,0,2,4,4,3,1,0,0,0,0,0,0,10,"mfeat-pixel","att60",0.9
0,0,0,1,3,4,4,6,4,4,3,0,0,0,0,0,0,2,6,6,6,6,6,6,6,6,5,1,0,0,0,3,6,6,6,5,2,2,4,6,6,6,5,1,0,0,6,6,6,6,5,0,0,0,3,6,6,6,6,-0.42,3,6,6,6,6,3,0,0,0,3,6,6,6,6,2,5,6,6,6,6,5,1,0,0,3,6,6,6,6,6,4,6,6,6,6,6,6,3,2,5,6,6,6,6,6,0,3,5,6,6,6,6,6,6,6,6,6,6,6,4,0,0,0,0,2,4,6,5,3,2,5,6,6,6,0,0,0,0,0,0,0,0,0,0,0,5,6,6,6,0,0,0,0,0,0,0,0,0,0,0,4,6,6,1,0,0,0,0,0,0,0,0,0,0,2,6,6,5,0,0,0,0,0,0,0,0,0,0,0,3,6,6,3,0,0,0,0,0,0,0,0,0,1,4,6,6,6,3,0,0,0,0,0,0,0,0,0,6,6,6,6,3,0,0,0,0,0,0,0,0,0,0,4,4,4,3,0,0,0,0,10,"mfeat-pixel","att60",0.9
0,0,0,3,6,6,6,6,6,6,6,4,3,0,0,0,1,5,6,6,6,6,6,6,6,6,6,6,4,0,1,5,6,6,6,6,5,4,4,6,6,6,6,6,0,5,6,6,6,5,2,0,0,0,3,6,6,6,6,-0.57,4,6,6,6,5,1,0,0,0,3,6,6,6,6,1,0,6,6,6,6,6,2,0,0,3,6,6,6,6,3,0,6,6,6,6,6,6,4,4,6,6,6,6,6,0,0,3,6,6,6,6,6,6,6,6,6,6,6,6,0,0,0,1,5,6,6,4,4,4,6,6,6,6,6,0,0,0,0,0,0,0,0,0,0,0,3,6,6,6,2,0,0,0,0,0,0,0,0,0,0,0,6,6,6,2,0,0,0,0,0,0,0,0,0,0,1,6,6,6,0,0,0,0,0,0,0,0,0,0,2,6,6,6,5,0,0,0,0,0,0,0,0,0,0,6,6,6,6,1,0,0,0,0,0,0,0,0,0,0,6,6,6,5,0,0,0,0,0,0,0,0,0,0,2,4,4,4,1,0,0,10,"mfeat-pixel","att60",0.9
0,0,0,1,3,5,6,6,6,6,6,6,5,1,0,0,3,6,6,6,6,3,2,3,6,6,6,6,5,0,2,6,6,6,3,0,0,0,0,1,5,6,6,6,2,6,6,6,6,0,0,0,0,0,0,5,6,6,6,2.78,5,6,6,6,1,0,0,0,0,0,3,6,6,6,4,3,6,6,6,6,2,0,0,0,0,0,6,6,6,6,1,6,6,6,6,4,0,0,1,2,3,6,6,6,4,0,3,6,6,6,6,5,4,6,6,6,6,6,6,0,0,0,1,3,4,4,2,4,5,6,6,6,6,6,0,0,0,0,0,0,0,0,0,1,6,6,6,6,5,0,0,0,0,0,0,0,0,0,3,6,6,6,6,1,0,0,0,0,0,0,0,0,1,6,6,6,6,2,0,0,0,0,0,0,0,0,1,5,6,6,4,3,0,0,0,0,0,0,0,0,1,5,6,6,3,0,0,0,0,0,0,0,0,0,3,6,6,6,5,0,0,0,0,0,0,0,0,0,0,4,4,4,4,1,0,0,0,0,0,0,10,"mfeat-pixel","att60",0.9
0,3,6,6,6,6,6,6,6,4,6,6,6,6,3,1,6,6,6,6,6,6,6,6,6,6,6,6,6,6,5,6,6,6,3,2,2,0,0,4,6,6,6,6,1,6,6,6,6,0,0,0,0,0,4,6,6,6,4,1.46,6,6,6,6,0,0,0,0,1,6,6,6,6,5,0,1,5,6,6,5,4,4,4,6,6,6,6,6,1,0,0,0,3,5,6,6,6,6,6,6,6,6,6,0,0,0,0,0,0,2,3,5,6,6,6,6,6,6,0,0,0,0,0,0,0,0,0,0,1,5,6,6,6,0,0,0,0,0,0,0,0,0,0,0,3,6,6,6,2,0,0,0,0,0,0,0,0,0,0,5,6,6,6,3,0,0,0,0,2,0,0,0,0,0,1,6,6,6,3,0,0,2,6,6,5,1,0,0,0,0,6,6,6,1,0,0,0,6,6,6,5,1,0,0,1,6,6,6,1,0,0,0,6,6,6,6,6,6,6,6,6,6,6,3,0,0,0,3,4,4,4,4,4,4,4,4,4,4,0,0,10,"mfeat-pixel","att60",0.9
0,0,3,4,4,5,6,6,6,6,6,6,6,3,0,0,4,6,6,6,6,6,5,4,5,6,6,6,6,5,0,6,6,6,6,3,1,0,0,0,6,6,6,6,6,4,6,6,6,3,0,0,0,0,0,6,6,6,6,6.32,6,6,6,6,3,0,0,0,0,0,6,6,6,6,4,5,6,6,6,5,1,0,0,0,3,6,6,6,6,5,1,5,6,6,6,6,5,3,2,5,6,6,6,6,6,0,0,3,5,6,6,6,6,6,6,6,6,6,6,5,0,0,0,0,0,0,0,0,0,4,6,6,6,6,1,0,0,0,0,0,0,0,0,0,3,6,6,6,6,0,0,0,0,0,0,0,0,0,0,3,6,6,6,6,0,0,0,0,0,0,0,0,0,3,6,6,6,6,3,0,0,0,0,0,0,0,0,0,6,6,6,6,6,3,0,0,0,0,0,0,0,0,4,6,6,6,6,6,0,0,0,0,0,0,0,0,0,4,6,6,6,6,6,2,0,0,0,0,0,0,0,0,0,3,4,4,4,3,0,0,10,"mfeat-pixel","att60",0.9
0,0,0,1,3,4,4,5,6,5,4,3,0,0,0,1,2,4,6,6,6,6,6,6,6,6,6,3,0,0,6,6,6,6,6,6,4,6,6,6,6,6,3,0,0,6,6,6,6,5,1,0,3,6,6,6,6,3,0,0.51,6,6,6,6,0,0,0,4,6,6,6,6,3,0,0,5,6,6,6,5,1,3,6,6,6,6,6,6,0,0,1,6,6,6,6,6,6,6,6,6,6,6,6,0,0,0,4,6,6,6,6,6,6,6,6,6,6,4,0,0,0,0,3,6,6,6,6,6,6,6,6,6,4,0,0,0,0,0,1,3,4,4,4,6,6,6,6,6,1,0,0,0,0,0,0,0,0,0,1,6,6,6,6,5,0,0,0,0,0,0,0,0,0,0,3,6,6,6,6,0,0,0,0,0,0,0,0,0,0,4,6,6,6,6,3,0,0,3,4,4,4,4,4,5,6,6,6,6,6,4,0,3,6,6,6,6,6,6,6,6,6,6,6,6,5,0,1,4,4,4,4,4,4,4,4,4,4,3,1,0,10,"mfeat-pixel","att60",0.9
0,0,0,1,3,4,5,6,6,6,6,3,1,0,0,0,0,3,6,6,6,6,6,6,6,6,6,6,5,0,1,5,6,6,6,6,5,2,2,5,6,6,6,6,0,5,6,6,6,6,3,0,0,0,4,6,6,6,6,3.15,6,6,6,6,1,0,0,0,2,6,6,6,6,6,2,6,6,6,6,5,1,0,1,5,6,6,6,6,6,0,4,6,6,6,6,6,4,6,6,6,6,6,6,4,0,0,3,6,6,6,6,6,6,6,6,6,6,6,0,0,0,0,1,4,4,6,6,6,6,6,6,6,3,0,0,0,0,0,0,0,1,5,6,6,6,6,3,0,0,0,0,0,0,0,0,0,3,6,6,6,6,0,0,0,0,0,0,0,0,0,2,6,6,6,6,3,0,0,0,0,0,0,0,0,0,3,6,6,6,3,0,0,0,0,0,0,0,0,1,2,5,6,6,6,1,0,0,0,0,0,0,0,0,6,6,6,6,5,1,0,0,0,0,0,0,0,0,0,4,4,4,3,0,0,0,0,0,0,0,0,10,"mfeat-pixel","att60",0.9
3,4,4,4,5,6,6,6,6,6,6,6,6,6,2,6,6,6,6,6,6,6,6,6,6,6,6,6,6,1,6,6,6,6,1,0,0,0,0,1,5,6,6,6,3,6,6,6,5,0,0,0,0,0,0,3,6,6,6,-0.06,6,6,6,5,0,0,0,0,1,3,6,6,6,6,1,4,6,6,6,3,0,0,0,6,6,6,6,6,6,0,0,6,6,6,6,4,4,5,6,6,6,6,6,6,0,0,3,4,6,6,6,6,6,6,6,6,6,6,6,0,0,0,0,0,3,3,2,2,2,2,5,6,6,6,3,0,0,0,0,0,0,0,0,0,0,5,6,6,6,0,0,0,0,0,0,0,0,0,0,0,6,6,6,3,0,0,0,0,0,0,0,0,0,0,0,6,6,6,6,0,0,0,0,0,0,0,0,0,0,0,6,6,6,6,2,0,0,0,0,0,0,0,0,0,0,6,6,6,6,3,0,0,0,0,0,0,0,0,0,3,6,6,6,6,5,0,0,0,0,0,0,0,0,0,1,4,4,4,4,1,10,"mfeat-pixel","att60",0.9
0,0,0,3,4,5,6,5,4,4,4,1,0,0,0,0,0,4,6,6,6,5,4,5,6,6,6,3,0,0,0,4,6,6,3,1,0,0,0,0,4,6,6,1,0,0,6,6,6,0,0,0,0,0,2,6,6,6,5,2.26,1,6,6,6,0,0,0,0,0,0,4,6,6,6,0,2,6,6,6,0,0,0,0,0,1,5,6,6,6,3,0,4,6,6,3,1,0,1,5,6,6,6,6,6,1,0,0,3,6,6,6,6,6,6,6,6,6,6,6,0,0,0,0,0,2,2,2,2,5,6,6,6,6,5,0,0,0,0,0,0,0,0,0,0,6,6,6,6,1,0,0,0,0,0,0,0,0,0,4,6,6,6,6,0,0,0,0,0,0,0,0,0,2,6,6,6,6,3,0,0,0,0,0,0,0,0,1,6,6,6,6,6,3,0,0,0,0,0,0,0,0,3,6,6,6,6,5,0,0,0,0,0,0,0,0,0,3,6,6,5,2,0,0,0,0,0,0,0,0,0,0,4,4,3,0,0,0,0,0,0,10,"mfeat-pixel","att60",0.9
0,0,0,0,1,3,6,6,6,6,6,6,3,1,0,0,1,3,4,6,6,6,6,6,6,6,6,6,6,3,3,6,6,6,6,3,2,2,0,2,3,6,6,6,6,6,6,6,6,6,1,0,0,0,0,1,6,6,6,7.86,6,6,6,6,6,6,4,4,4,6,6,6,6,6,6,1,3,5,6,6,6,6,6,6,6,6,6,6,6,6,0,0,0,2,2,2,2,2,0,2,3,6,6,6,6,0,0,0,0,0,0,0,0,0,0,0,6,6,6,6,0,0,0,0,0,0,0,0,0,0,0,6,6,6,6,0,0,0,0,0,0,0,0,0,0,2,6,6,6,6,0,0,0,0,0,0,0,0,0,0,5,6,6,6,5,0,0,0,0,0,0,0,0,0,0,3,6,6,6,1,0,0,0,0,0,0,0,0,0,0,6,6,6,6,0,0,0,0,0,1,2,2,2,0,1,6,6,6,3,0,0,0,0,0,5,6,6,6,6,6,6,5,1,0,0,0,0,0,0,0,3,4,4,4,4,3,0,0,0,0,10,"mfeat-pixel","att60",0.9
0,0,0,3,4,4,6,4,6,6,6,6,3,0,0,0,3,5,6,6,6,6,6,6,6,6,6,6,5,0,3,6,6,6,6,6,5,3,3,6,6,6,6,6,0,1,6,6,6,6,1,0,0,0,3,6,6,6,6,-2.93,0,6,6,6,6,0,0,0,0,1,6,6,6,6,0,0,6,6,6,6,0,0,0,0,0,6,6,6,6,0,3,6,6,6,6,0,0,0,0,1,6,6,6,6,0,2,6,6,6,6,5,4,4,4,6,6,6,6,6,3,0,1,5,6,6,6,6,6,6,6,6,6,6,6,3,0,0,0,1,3,4,6,4,4,5,6,6,6,6,1,0,0,0,0,0,0,0,0,0,0,6,6,6,6,0,0,0,0,0,0,0,0,0,0,0,6,6,6,6,0,0,0,0,0,0,0,0,0,0,0,6,6,6,6,0,0,0,0,0,0,0,0,0,0,0,6,6,6,6,0,0,0,0,0,0,0,0,0,0,2,6,6,6,6,2,0,0,0,0,0,0,0,0,0,2,4,4,4,4,1,10,"mfeat-pixel","att60",0.9
0,0,0,3,4,4,6,4,4,4,4,4,3,0,0,0,1,5,6,6,6,6,6,6,6,6,6,6,4,0,2,6,6,6,6,5,2,4,4,6,6,6,6,6,2,5,6,6,6,6,1,0,0,0,3,6,6,6,6,3.64,3,6,6,6,6,5,0,0,0,6,6,6,6,6,6,6,6,6,6,6,6,1,0,1,6,6,6,6,6,2,1,5,6,6,6,6,6,6,6,6,6,6,6,2,0,0,0,3,5,6,6,6,6,6,6,6,6,6,0,0,0,0,0,0,1,2,3,6,6,6,6,6,5,0,0,0,0,0,0,0,0,2,6,6,6,6,6,1,0,0,0,0,0,0,0,0,6,6,6,6,6,5,0,0,0,0,0,0,0,0,1,6,6,6,6,3,0,0,0,0,0,0,0,0,0,5,6,6,6,6,0,0,0,0,0,0,0,0,1,5,6,6,6,6,2,0,0,0,0,0,0,0,1,6,6,6,6,6,2,0,0,0,0,0,0,0,0,1,4,4,4,4,3,0,0,0,0,0,0,0,10,"mfeat-pixel","att60",0.9
0,0,0,2,4,4,5,5,4,5,5,4,5,5,1,1,4,6,6,6,6,6,6,6,6,6,6,6,6,6,5,6,6,6,6,6,6,5,4,5,6,6,6,6,6,3,6,6,6,4,0,0,0,0,0,0,4,6,6,1.61,3,6,6,6,3,0,0,0,0,0,0,3,6,6,4,3,6,6,6,6,1,0,0,0,0,0,4,6,6,4,3,6,6,6,6,4,0,2,4,4,5,6,6,6,5,0,5,6,6,6,6,6,6,6,6,6,6,6,6,6,0,1,4,4,5,6,6,5,5,5,5,6,6,6,5,0,0,0,0,0,0,0,0,0,0,0,6,6,6,3,0,0,0,0,0,0,0,0,0,0,0,6,6,6,3,0,0,0,0,0,0,0,0,0,0,0,6,6,6,3,0,0,0,0,0,0,0,0,0,0,0,6,6,6,3,0,0,0,0,0,0,0,0,0,0,1,6,6,6,0,0,0,0,0,0,0,0,0,0,0,4,6,6,6,0,0,0,0,0,0,0,0,0,0,0,3,4,4,3,0,10,"mfeat-pixel","att60",0.9
0,0,0,0,0,2,5,5,4,4,4,4,3,0,0,0,1,5,6,6,6,6,6,6,6,6,6,6,5,0,2,6,6,6,6,6,6,6,6,6,6,6,6,6,1,4,6,6,6,6,4,1,0,0,4,6,6,6,6,3.82,6,6,6,6,1,0,0,0,1,5,6,6,6,6,6,6,6,6,6,5,3,3,4,6,6,6,6,6,6,3,2,6,6,6,6,6,6,6,6,6,6,6,6,6,3,0,1,4,5,6,6,6,4,4,6,6,6,6,6,6,0,0,0,0,1,2,0,0,0,3,6,6,6,5,1,0,0,0,0,0,0,0,0,1,6,6,6,6,3,0,0,0,0,0,0,0,0,0,3,6,6,6,6,0,0,0,0,0,0,0,0,0,3,6,6,6,6,3,0,0,0,0,0,0,0,1,5,6,6,6,5,1,0,0,0,0,0,1,5,6,6,6,6,6,3,0,0,0,0,0,0,0,5,6,6,6,6,6,2,0,0,0,0,0,0,0,0,3,4,4,4,4,1,0,0,0,0,0,0,0,10,"mfeat-pixel","att60",0.9
0,0,2,4,4,5,6,6,6,6,6,4,4,3,0,0,5,6,6,6,6,4,4,4,6,6,6,6,6,0,3,6,6,6,3,0,0,0,0,3,6,6,6,6,4,3,6,6,6,0,0,0,0,0,3,6,6,6,6,8.39,2,6,6,6,0,0,0,0,0,4,6,6,6,6,5,0,6,6,6,5,2,0,1,5,6,6,6,6,6,4,0,3,6,6,6,6,6,6,6,6,6,6,6,6,4,0,0,0,3,6,6,6,6,6,6,6,6,6,6,0,0,0,0,0,1,2,0,0,0,4,6,6,6,6,0,0,0,0,0,0,0,0,0,0,4,6,6,6,6,0,0,0,0,0,0,0,0,0,5,6,6,6,6,3,0,0,0,0,0,0,0,0,2,6,6,6,6,3,0,0,0,0,0,0,0,0,0,2,6,6,6,6,3,0,0,0,0,0,0,0,0,0,2,6,6,6,6,3,0,0,0,0,0,0,0,0,0,6,6,5,2,2,0,0,0,0,0,0,0,0,0,0,4,4,1,0,0,0,0,0,10,"mfeat-pixel","att60",0.9
0,0,3,5,6,4,4,5,6,6,4,4,3,0,0,0,0,6,6,6,6,6,6,6,6,6,6,6,3,0,0,4,6,6,6,6,4,4,6,6,6,6,6,6,3,2,6,6,6,6,1,0,0,1,5,6,6,6,6,4.73,6,6,6,5,1,0,0,0,0,0,6,6,6,6,6,6,6,6,3,0,0,0,0,0,0,6,6,6,6,4,6,6,6,6,3,0,0,0,0,0,6,6,6,6,0,6,6,6,6,6,0,0,0,0,0,6,6,6,6,0,5,6,6,6,6,5,1,0,1,5,6,6,6,2,0,1,6,6,6,6,6,6,6,6,6,6,6,3,0,0,0,1,2,4,6,6,6,6,6,6,6,3,0,0,0,0,0,0,0,0,1,6,6,6,6,6,3,0,0,0,0,0,0,0,0,0,6,6,6,6,3,0,0,0,0,0,0,0,0,0,0,6,6,6,6,0,0,0,0,0,0,0,0,0,0,0,6,6,6,6,0,0,0,0,0,0,0,0,0,0,0,4,4,4,3,0,0,0,0,0,10,"mfeat-pixel","att60",0.9
0,1,5,6,6,6,6,6,6,6,6,6,6,3,0,0,5,6,6,6,6,6,6,6,6,6,6,6,6,3,2,6,6,6,6,5,1,0,0,1,6,6,6,6,3,3,6,6,6,6,3,0,0,0,0,6,6,6,6,5.19,1,5,6,6,6,6,3,0,0,0,6,6,6,6,6,0,0,5,6,6,6,6,4,0,0,6,6,6,6,6,0,0,0,3,6,6,6,6,5,5,6,6,6,6,5,0,0,0,0,1,6,6,6,6,6,6,6,6,6,4,0,0,0,0,0,5,6,6,6,6,6,6,6,6,4,0,0,0,0,0,0,3,5,6,6,6,6,6,6,3,0,0,0,0,0,0,0,0,1,6,6,6,6,6,3,0,0,0,0,0,0,0,0,0,6,6,6,6,6,3,0,0,0,0,0,0,0,0,0,6,6,6,6,6,0,0,0,0,0,0,0,0,0,0,6,6,6,6,2,0,0,0,0,0,0,0,0,1,5,6,6,6,6,0,0,0,0,0,0,0,0,0,1,4,4,4,4,4,0,0,10,"mfeat-pixel","att60",0.9
0,0,0,0,0,0,0,0,0,0,3,4,1,0,0,0,0,0,0,0,0,0,1,3,5,6,6,4,0,0,0,0,0,0,0,0,3,6,6,6,6,6,6,2,0,0,0,0,0,0,2,6,6,6,6,6,6,6,4,0.99,0,0,0,0,0,5,6,6,6,6,6,6,6,6,5,0,0,0,0,0,6,6,6,6,3,3,6,6,6,6,0,0,0,0,0,6,6,6,6,4,4,6,6,6,5,0,0,0,0,0,3,6,6,6,6,6,6,5,2,0,0,0,0,0,0,3,6,6,6,6,6,6,3,0,0,0,0,0,0,0,4,6,6,6,6,6,3,0,0,0,0,0,1,2,5,6,6,6,6,3,0,0,0,0,0,0,3,6,6,6,6,6,6,1,0,0,0,0,0,0,3,6,6,6,6,6,6,2,0,0,0,0,0,0,0,6,6,6,6,6,3,1,0,0,0,0,0,0,0,0,6,6,6,6,2,0,0,0,0,0,0,0,0,0,0,2,4,4,2,0,0,0,0,0,0,0,0,0,0,0,10,"mfeat-pixel","att60",0.9
0,0,1,5,6,6,6,6,6,6,6,5,4,1,0,0,2,6,6,6,6,6,6,6,6,6,6,6,3,0,0,3,6,6,6,5,2,0,1,5,6,6,6,6,1,0,3,6,6,5,0,0,0,0,3,6,6,6,6,4.24,1,6,6,6,2,0,0,0,0,3,6,6,6,6,3,5,6,6,6,0,0,0,0,0,5,6,6,6,6,1,3,6,6,6,3,0,0,0,5,6,6,6,6,3,0,2,6,6,6,6,3,2,5,6,6,6,6,6,3,0,0,1,5,6,6,6,6,6,6,6,6,6,6,3,0,0,0,0,3,6,6,6,6,6,6,6,6,6,6,1,0,0,0,0,1,2,1,0,0,4,6,6,6,6,2,0,0,0,0,0,0,0,0,0,3,6,6,6,6,1,0,0,0,0,0,0,0,0,0,0,5,6,6,6,3,0,0,0,2,2,0,0,2,2,2,5,6,6,6,3,0,0,3,6,6,6,6,6,6,6,6,6,6,6,5,0,0,1,4,4,4,4,4,4,4,4,4,4,4,1,10,"mfeat-pixel","att60",0.9
0,0,0,1,4,4,4,4,4,4,6,6,6,3,0,0,0,3,6,6,6,6,6,6,6,6,6,6,6,3,0,4,6,6,6,6,6,6,6,6,6,6,6,6,0,0,6,6,6,6,6,5,3,3,6,6,6,6,6,4.04,2,6,6,6,6,4,0,0,0,3,6,6,6,6,6,1,6,6,6,6,3,0,0,0,6,6,6,6,6,6,0,6,6,6,6,6,3,1,1,6,6,6,6,6,6,0,3,6,6,6,6,6,6,6,6,6,6,6,6,6,0,0,0,4,6,6,6,6,6,6,6,6,6,6,6,0,0,0,0,2,3,5,6,6,6,6,6,6,6,6,0,0,0,0,0,0,0,0,0,1,5,6,6,6,6,0,0,0,0,0,0,0,0,0,0,4,6,6,6,6,0,0,0,0,0,0,0,0,0,0,6,6,6,6,6,0,0,0,0,0,0,1,2,2,3,6,6,6,6,6,0,0,0,1,4,5,6,6,6,6,6,6,6,6,5,0,0,0,1,4,4,4,4,4,4,4,4,4,1,0,10,"mfeat-pixel","att60",0.9
0,0,0,2,4,5,6,6,4,4,4,4,4,3,0,0,0,5,6,6,6,6,6,6,6,6,6,6,6,0,0,4,6,6,6,6,6,6,6,6,6,6,6,6,4,2,6,6,6,6,3,0,0,0,0,0,4,6,6,4.9,5,6,6,6,3,0,0,0,0,0,1,6,6,6,6,1,6,6,6,5,2,2,1,0,0,3,6,6,6,6,0,5,6,6,6,6,6,6,5,4,6,6,6,6,6,0,0,3,6,6,6,6,6,6,6,6,6,6,6,6,0,0,0,1,3,6,6,6,6,6,6,6,6,6,2,0,0,0,0,0,0,0,0,0,4,6,6,6,6,0,0,0,0,0,0,0,0,0,0,3,6,6,6,5,0,0,0,0,0,0,0,0,0,0,3,6,6,6,1,0,0,0,0,0,0,0,0,0,3,6,6,6,6,0,0,0,0,0,0,0,0,3,6,6,6,6,6,6,0,0,0,0,0,0,0,4,6,6,6,6,6,5,1,0,0,0,0,0,0,0,4,4,4,4,4,1,0,0,0,0,10,"mfeat-pixel","att60",0.9
0,0,0,2,4,5,6,6,6,6,6,5,3,0,0,0,0,5,6,6,6,6,6,6,6,6,6,6,5,0,0,3,6,6,6,6,6,4,4,6,6,6,6,6,1,3,6,6,6,6,3,0,0,0,3,6,6,6,6,3.24,5,6,6,6,4,0,0,0,0,3,6,6,6,6,3,6,6,6,6,3,0,0,0,0,3,6,6,6,6,1,6,6,6,6,6,1,0,1,4,6,6,6,6,6,0,2,6,6,6,6,6,6,6,6,6,6,6,6,4,0,0,1,4,4,6,6,6,6,6,6,6,6,6,0,0,0,0,0,0,0,2,5,6,6,6,6,5,1,0,0,0,0,0,0,0,1,5,6,6,6,6,2,0,0,0,0,0,0,0,0,6,6,6,6,6,4,0,0,0,0,0,0,0,0,0,6,6,6,6,5,0,0,0,0,0,0,0,0,1,5,6,6,6,3,0,0,0,0,0,0,0,0,0,3,6,6,6,4,0,0,0,0,0,0,0,0,0,0,1,4,4,4,0,0,0,0,0,0,0,0,10,"mfeat-pixel","att60",0.9
0,0,0,0,3,6,4,4,4,4,2,0,0,0,0,0,0,1,5,6,6,6,6,6,6,6,5,3,2,0,0,3,6,6,6,6,3,2,2,5,6,6,6,6,5,3,6,6,6,5,1,0,0,0,0,4,6,6,6,5.25,3,6,6,6,3,0,0,0,0,0,5,6,6,6,2,3,6,6,6,4,0,0,0,0,1,6,6,6,4,0,1,6,6,6,6,3,0,0,0,5,6,6,6,3,0,0,1,5,6,6,6,6,3,3,6,6,6,6,2,0,0,0,0,1,3,5,6,6,6,6,6,6,6,1,0,0,0,0,0,0,0,2,3,6,6,6,6,6,2,0,0,0,0,0,0,0,0,0,3,6,6,6,6,0,0,0,0,0,0,0,0,0,0,3,6,6,6,6,2,0,0,0,0,0,0,0,0,0,4,6,6,6,3,0,0,0,0,0,0,0,0,1,5,6,6,6,3,0,0,0,0,0,0,0,0,5,6,6,6,6,3,0,0,0,0,0,0,0,0,0,3,4,4,3,1,0,0,0,0,0,10,"mfeat-pixel","att60",0.9
0,0,1,5,6,6,6,6,6,6,6,5,4,4,1,0,1,5,6,6,6,6,6,6,6,6,6,6,6,3,2,6,6,6,6,6,4,4,4,6,6,6,6,6,3,5,6,6,6,6,1,0,0,0,3,6,6,6,6,1.81,3,6,6,6,6,1,0,0,0,1,6,6,6,6,3,0,5,6,6,6,6,3,0,3,6,6,6,6,6,3,0,2,6,6,6,6,6,6,6,6,6,6,6,6,3,0,0,1,2,5,6,6,6,6,6,6,6,6,5,0,0,0,0,0,1,4,4,4,6,6,6,6,6,2,0,0,0,0,0,0,0,0,0,3,6,6,6,6,0,0,0,0,0,0,0,0,0,0,3,6,6,6,6,3,0,0,0,0,0,0,0,0,1,6,6,6,6,5,0,0,0,0,0,0,0,0,0,4,6,6,6,6,3,0,0,0,0,0,0,0,0,3,6,6,6,6,6,3,0,0,0,0,0,0,1,5,6,6,6,6,6,4,0,0,0,0,0,0,0,2,4,4,4,4,4,3,0,0,0,0,10,"mfeat-pixel","att60",0.9
0,0,0,2,4,4,6,5,4,6,4,5,6,3,0,0,2,6,6,6,6,6,6,6,6,6,6,6,6,3,0,4,6,6,6,6,3,1,0,4,6,6,6,6,2,3,6,6,6,6,1,0,0,0,5,6,6,6,6,-3.62,3,6,6,6,6,0,0,0,0,6,6,6,6,6,0,0,6,6,6,6,5,4,4,5,6,6,6,6,6,0,0,2,6,6,6,6,6,6,6,6,6,6,6,4,0,0,0,3,4,4,4,4,6,6,6,6,6,6,0,0,0,0,0,0,0,0,0,3,6,6,6,6,6,0,0,0,0,0,0,0,0,0,3,6,6,6,6,6,0,0,0,0,0,0,0,0,0,3,6,6,6,6,6,0,0,0,0,0,0,0,0,1,5,6,6,6,5,1,0,0,0,0,0,0,0,2,6,6,6,6,6,4,0,0,0,0,0,0,0,0,3,6,6,6,6,6,6,2,0,0,0,0,0,0,0,5,6,6,6,6,5,1,0,0,0,0,0,0,0,0,3,4,4,4,3,0,0,0,0,0,10,"mfeat-pixel","att60",0.9
0,0,1,5,6,6,6,6,6,6,6,4,3,0,0,0,3,6,6,6,5,2,4,6,6,6,6,6,5,0,3,6,6,6,3,0,0,0,0,4,6,6,6,6,0,2,6,6,6,0,0,0,0,0,3,6,6,6,6,-0.37,0,6,6,6,0,0,0,0,0,4,6,6,6,6,2,0,2,6,6,5,4,4,4,5,6,6,6,6,6,0,0,0,1,5,6,6,6,6,6,6,6,6,6,2,0,0,0,0,0,2,2,2,2,5,6,6,6,6,0,0,0,0,0,0,0,0,0,0,3,6,6,6,4,0,0,0,0,0,0,0,0,0,0,4,6,6,5,0,0,0,0,0,0,0,0,0,0,3,6,6,5,1,0,0,0,0,0,0,0,0,0,2,6,6,4,0,0,0,0,0,0,0,0,0,0,0,3,6,6,2,0,0,0,0,0,0,0,0,0,0,0,5,6,4,0,0,0,0,0,0,0,0,0,0,0,4,6,6,1,0,0,0,0,0,0,0,0,0,0,2,4,4,1,0,0,0,0,0,0,0,10,"mfeat-pixel","att60",0.9
0,0,0,2,5,6,6,6,6,6,6,6,6,6,3,1,5,6,6,6,6,6,6,6,6,6,6,6,6,6,5,6,6,6,5,2,2,0,0,0,4,6,6,6,6,5,6,6,6,3,0,0,0,0,0,0,6,6,6,7.84,3,6,6,6,3,0,0,0,0,0,2,6,6,6,3,1,5,6,6,6,4,4,3,2,3,6,6,6,6,5,0,0,2,4,6,6,6,6,6,6,6,6,6,6,2,0,0,0,0,0,1,2,2,2,5,6,6,6,6,0,0,0,0,0,0,0,0,0,0,0,6,6,6,6,0,0,0,0,0,0,0,0,0,0,4,6,6,6,5,0,0,0,0,0,0,0,0,1,5,6,6,6,3,0,0,0,0,0,0,0,0,0,5,6,6,6,2,0,0,0,0,0,0,0,0,0,3,6,6,6,4,0,0,0,0,0,0,0,0,0,4,6,6,6,6,3,0,0,0,0,0,0,0,0,5,6,6,6,6,6,2,0,0,0,0,0,0,0,0,2,4,4,4,4,1,0,0,0,0,0,10,"mfeat-pixel","att60",0.9
0,0,0,1,4,5,6,3,2,2,2,0,0,0,0,0,1,4,6,6,6,6,6,6,6,6,6,6,6,3,0,6,6,6,6,6,6,5,4,4,6,6,6,6,6,2,6,6,6,6,5,1,0,0,0,3,6,6,6,7.89,3,6,6,6,6,5,1,0,0,0,5,6,6,6,5,0,6,6,6,6,6,6,3,2,3,6,6,6,6,3,0,5,6,6,6,6,6,6,6,6,6,6,6,6,5,0,0,3,5,6,6,6,6,6,6,6,6,6,6,1,0,0,0,0,0,0,0,3,6,6,6,6,6,2,0,0,0,0,0,0,0,0,0,3,6,6,6,5,0,0,0,0,0,0,0,0,0,3,6,6,6,4,0,0,0,0,0,0,0,0,0,3,6,6,6,6,1,0,0,0,0,0,0,0,0,3,6,6,6,6,3,0,0,0,0,0,0,0,0,0,3,6,6,6,6,3,0,0,0,0,0,0,0,0,0,4,6,6,6,6,0,0,0,0,0,0,0,0,0,0,4,4,4,4,3,0,0,0,0,0,10,"mfeat-pixel","att60",0.9
0,0,0,1,4,5,6,6,6,6,5,1,0,0,0,0,1,2,5,6,6,6,6,6,6,6,5,1,0,0,2,6,6,6,5,2,2,3,6,6,6,6,6,0,0,6,6,6,6,0,0,0,0,6,6,6,6,6,0,-1.08,6,6,6,6,2,0,0,0,3,6,6,6,6,1,0,6,6,6,6,3,0,0,0,0,3,6,6,6,6,2,6,6,6,6,5,2,4,4,4,6,6,6,6,6,0,5,6,6,6,6,6,6,6,6,6,6,6,6,6,0,0,3,4,5,6,5,4,4,5,6,6,6,6,5,0,0,0,0,0,0,0,0,0,1,6,6,6,6,1,0,0,0,0,0,0,0,0,0,6,6,6,6,6,0,0,0,0,0,0,0,0,0,1,6,6,6,5,1,0,0,0,0,0,0,0,0,0,5,6,6,6,3,0,0,0,0,0,0,0,0,0,0,6,6,6,6,1,0,0,0,0,0,0,0,1,4,5,6,6,6,2,0,0,0,0,0,0,0,0,2,4,4,4,4,3,0,0,0,0,0,10,"mfeat-pixel","att60",0.9
0,0,0,0,0,2,2,3,4,6,4,2,0,0,0,0,0,2,4,5,6,6,6,6,6,6,6,6,5,1,3,6,6,6,6,6,6,6,4,5,6,6,6,6,3,6,6,6,6,5,1,0,0,0,0,5,6,6,6,2.33,6,6,6,6,0,0,0,0,0,0,4,6,6,6,3,5,6,6,6,5,1,0,1,2,3,6,6,6,6,5,0,5,6,6,6,6,6,6,6,6,6,6,6,6,3,0,0,2,3,4,4,2,2,1,0,4,6,6,6,3,0,0,0,0,0,0,0,0,0,0,5,6,6,6,3,0,0,0,0,0,0,0,0,0,0,6,6,6,6,3,0,0,0,0,0,0,0,0,0,0,6,6,6,5,0,0,0,0,0,0,0,0,0,0,0,6,6,6,3,0,0,0,0,0,0,0,0,0,0,1,6,6,6,3,0,0,0,0,0,0,0,1,3,4,6,6,6,6,2,0,0,0,0,2,6,6,6,6,6,6,6,6,3,0,0,0,0,0,1,4,4,4,4,4,4,4,1,0,0,0,10,"mfeat-pixel","att60",0.9
0,0,0,3,4,6,6,6,4,4,4,1,0,0,0,0,1,5,6,6,6,6,6,6,6,6,6,3,1,0,2,6,6,6,6,3,0,3,5,6,6,6,6,6,5,5,6,6,6,1,0,0,0,0,1,6,6,6,6,1.31,6,6,6,6,0,0,0,0,0,0,6,6,6,6,3,6,6,6,6,3,0,0,0,3,5,6,6,6,6,2,5,6,6,6,6,4,2,5,6,6,6,6,6,6,0,1,5,6,6,6,6,6,6,6,6,6,6,6,3,0,0,0,3,4,5,6,6,5,5,6,6,6,5,0,0,0,0,0,0,0,2,0,0,1,6,6,6,1,0,0,0,0,0,0,0,0,0,0,5,6,6,5,0,0,0,0,0,0,0,0,0,0,4,6,6,4,0,0,0,0,0,0,0,0,0,0,2,6,6,6,2,0,0,0,0,0,0,0,0,0,3,6,6,5,1,0,0,0,0,0,0,0,0,0,5,6,6,3,0,0,0,0,0,0,0,0,0,0,2,4,4,1,0,0,0,0,0,0,0,0,10,"mfeat-pixel","att60",0.9
0,0,0,1,4,4,4,6,4,5,5,4,3,0,0,0,0,3,6,6,6,6,6,6,6,6,6,6,5,0,0,4,6,6,6,3,2,2,2,3,6,6,6,6,0,0,6,6,6,3,0,0,0,0,0,6,6,6,6,-2.23,2,6,6,6,4,0,0,0,0,0,6,6,6,6,0,1,5,6,6,6,5,2,2,2,3,6,6,6,6,2,0,1,5,6,6,6,6,6,6,6,6,6,6,5,1,0,0,0,0,2,4,4,6,6,6,6,6,6,1,0,0,0,0,0,0,0,0,3,6,6,6,6,5,0,0,0,0,0,0,0,0,0,1,6,6,6,6,0,0,0,0,0,0,0,0,0,0,0,6,6,6,5,0,0,0,0,0,0,0,0,0,0,2,6,6,6,1,0,0,0,0,0,0,0,0,0,0,6,6,6,3,0,0,0,0,0,0,0,0,0,0,0,6,6,6,0,0,0,0,0,0,0,0,0,0,1,5,6,6,6,3,0,0,0,0,0,0,0,0,0,1,4,4,4,4,1,0,0,0,0,10,"mfeat-pixel","att60",0.9
0,0,0,1,3,4,4,4,4,4,3,1,0,0,0,0,0,3,6,6,6,6,6,6,6,6,6,5,3,0,0,5,6,6,5,4,4,4,4,5,6,6,6,6,3,5,6,6,3,0,0,0,0,0,0,3,6,6,6,4.01,6,6,6,3,0,0,0,0,0,0,2,6,6,6,4,5,6,6,6,5,3,2,2,2,3,6,6,6,6,3,0,3,6,6,6,6,6,6,6,6,6,6,6,6,6,0,0,0,0,1,3,4,4,2,5,6,6,6,6,5,0,0,0,0,0,0,0,0,0,0,6,6,6,6,3,0,0,0,0,0,0,0,0,0,1,6,6,6,6,2,0,0,0,0,0,0,0,0,0,5,6,6,6,3,0,0,0,0,0,0,0,0,0,2,6,6,6,4,0,0,0,0,0,0,0,0,0,1,6,6,6,6,1,0,0,0,0,0,0,0,0,3,6,6,6,6,2,0,0,0,0,0,0,0,0,5,6,6,6,6,1,0,0,0,0,0,0,0,0,0,3,4,4,4,1,0,0,0,0,0,10,"mfeat-pixel","att60",0.9
0,0,1,4,4,5,6,6,6,5,4,3,0,0,0,0,2,6,6,6,6,6,6,6,6,6,6,3,1,0,2,6,6,6,3,0,0,1,5,6,6,6,6,6,2,5,6,6,3,0,0,0,0,3,6,6,6,6,6,8.08,4,6,6,5,1,0,0,3,6,6,6,6,6,6,4,0,3,6,6,6,4,5,6,6,6,6,6,6,6,5,0,0,0,2,4,6,5,3,1,0,3,6,6,6,3,0,0,0,0,0,0,0,0,0,0,3,6,6,5,0,0,0,0,0,0,0,0,0,0,1,5,6,6,1,0,0,0,0,0,0,0,0,0,2,6,6,6,3,0,0,0,0,0,0,0,0,0,0,3,6,6,6,0,0,0,0,0,0,0,0,0,0,1,5,6,6,2,0,0,0,0,0,0,0,0,0,0,4,6,6,5,0,0,0,0,0,0,0,0,1,4,5,6,6,6,2,0,0,0,0,0,0,0,0,5,6,6,6,3,1,0,0,0,0,0,0,0,0,0,4,4,4,3,0,0,0,0,0,0,0,10,"mfeat-pixel","att60",0.9
0,0,0,3,4,6,6,6,6,4,6,3,0,0,0,0,0,1,6,6,6,6,6,6,6,6,6,5,0,0,0,3,6,6,6,6,3,2,3,6,6,6,6,4,0,0,6,6,6,6,1,0,0,0,2,6,6,6,6,3.48,3,6,6,6,6,0,0,0,0,0,6,6,6,6,2,0,6,6,6,6,5,2,2,4,5,6,6,6,6,0,0,2,6,6,6,6,6,6,6,6,6,6,6,6,0,0,0,1,4,5,6,5,5,6,6,6,6,6,2,0,0,0,0,0,0,0,0,0,6,6,6,6,6,0,0,0,0,0,0,0,0,0,0,6,6,6,6,4,0,0,0,0,0,0,0,0,0,3,6,6,6,6,0,0,0,0,0,0,0,0,0,1,5,6,6,6,4,0,0,0,0,0,0,0,0,1,6,6,6,6,5,0,0,0,0,0,0,0,0,0,5,6,6,6,6,1,0,0,0,0,0,0,0,0,0,6,6,6,6,6,0,0,0,0,0,0,0,0,0,0,3,4,4,4,3,0,0,0,0,0,10,"mfeat-pixel","att60",0.9
0,0,0,3,4,4,4,5,6,6,6,4,4,3,0,0,0,4,6,6,6,6,6,6,6,6,6,6,6,0,0,4,6,6,6,6,4,2,2,2,3,6,6,6,3,3,6,6,6,6,1,0,0,0,0,0,6,6,6,-0.31,1,6,6,6,6,2,0,0,0,0,0,6,6,6,0,0,6,6,6,6,6,3,0,0,2,3,6,6,6,0,0,1,5,6,6,6,6,6,6,6,6,6,6,6,0,0,0,0,1,4,4,6,6,6,6,6,6,6,4,0,0,0,0,0,0,0,0,2,5,6,6,6,6,3,0,0,0,0,0,0,0,0,0,0,6,6,6,6,0,0,0,0,0,0,0,0,0,0,1,6,6,6,3,0,0,0,0,0,0,0,0,0,0,4,6,6,6,3,0,0,0,0,0,0,0,0,0,0,6,6,6,6,0,0,0,0,0,0,0,0,0,0,2,6,6,6,6,0,0,0,0,0,0,0,0,0,0,3,6,6,6,5,0,0,0,0,0,0,0,0,0,0,2,4,4,3,0,0,0,0,10,"mfeat-pixel","att60",0.9
0,0,2,4,4,4,4,5,5,4,4,4,1,0,0,2,6,6,6,6,6,6,6,6,6,6,6,6,3,0,4,6,6,6,3,2,3,4,6,6,6,6,6,6,3,6,6,6,3,0,0,0,0,0,2,5,6,6,6,5.23,6,6,6,3,0,0,0,0,0,0,3,6,6,6,6,4,6,6,3,0,0,0,0,0,0,3,6,6,6,5,4,6,6,6,3,2,4,2,2,4,6,6,6,6,3,0,3,6,6,6,6,6,6,6,6,6,6,6,6,2,0,0,1,4,4,4,5,6,6,6,6,6,5,1,0,0,0,0,0,0,0,0,6,6,6,6,4,0,0,0,0,0,0,0,0,0,4,6,6,6,5,0,0,0,0,0,0,0,0,1,5,6,6,6,4,0,0,0,0,0,0,0,0,0,5,6,6,6,4,0,0,0,0,0,0,0,0,0,3,6,6,6,5,0,0,0,0,0,0,0,0,0,0,3,6,6,6,2,0,0,0,0,0,0,0,0,0,0,1,4,4,1,0,0,0,0,0,0,0,0,10,"mfeat-pixel","att60",0.9
0,0,1,4,4,5,5,4,4,4,4,4,1,0,0,0,2,6,6,6,6,6,6,6,6,6,6,6,1,0,2,6,6,6,6,6,4,3,3,6,6,6,6,5,0,5,6,6,6,6,1,0,0,0,1,6,6,6,6,0.19,1,6,6,6,6,3,0,0,0,0,2,6,6,6,5,3,6,6,6,6,6,3,1,0,0,1,6,6,6,6,0,4,6,6,6,6,6,6,6,6,6,6,6,6,2,0,0,3,4,4,4,5,6,6,6,6,6,6,6,0,0,0,0,0,0,0,0,1,5,6,6,6,6,4,0,0,0,0,0,0,0,0,0,5,6,6,6,6,0,0,0,0,0,0,0,0,0,5,6,6,6,6,4,0,0,0,0,0,0,0,0,4,6,6,6,6,5,0,0,0,0,0,0,0,0,2,6,6,6,6,6,1,0,0,0,0,0,0,0,0,3,6,6,6,5,1,0,0,0,0,0,0,0,0,3,6,6,6,6,1,0,0,0,0,0,0,0,0,0,3,4,4,4,4,1,0,0,0,0,0,10,"mfeat-pixel","att60",0.9
0,3,6,6,6,5,4,6,6,6,5,5,6,3,0,0,6,6,6,6,6,6,6,6,6,6,6,6,6,5,3,6,6,6,6,6,5,3,2,2,5,6,6,6,6,3,6,6,6,6,4,0,0,0,0,4,6,6,6,6.33,2,6,6,6,6,3,0,0,0,0,6,6,6,6,6,0,6,6,6,6,3,0,0,0,0,4,6,6,6,6,0,6,6,6,6,4,0,0,0,0,3,6,6,6,5,0,6,6,6,6,6,6,4,4,4,6,6,6,6,3,0,5,6,6,6,6,6,6,6,6,6,6,6,6,1,0,0,3,6,6,6,6,6,6,6,6,6,6,6,0,0,0,0,1,4,4,4,3,2,5,6,6,6,6,0,0,0,0,0,0,0,0,0,0,3,6,6,6,6,0,0,0,0,0,0,0,0,0,1,5,6,6,6,5,0,0,0,0,0,0,0,0,2,6,6,6,6,6,1,0,0,0,0,0,0,0,1,6,6,6,6,6,5,0,0,0,0,0,0,0,0,2,4,4,4,4,2,0,0,0,10,"mfeat-pixel","att60",0.9
0,0,3,5,6,6,6,6,6,6,6,6,6,5,1,0,1,6,6,6,6,6,6,6,6,6,6,6,6,5,0,5,6,6,6,6,6,4,2,3,6,6,6,6,6,0,6,6,6,6,6,1,0,0,1,6,6,6,6,5.73,3,6,6,6,6,6,1,0,0,3,6,6,6,6,6,1,5,6,6,6,6,6,3,2,5,6,6,6,6,6,0,1,5,6,6,6,6,6,6,6,6,6,6,6,6,0,0,0,0,1,5,6,6,6,6,6,6,6,6,6,0,0,0,0,0,0,0,2,5,6,6,6,6,6,5,0,0,0,0,0,0,0,0,0,6,6,6,6,6,1,0,0,0,0,0,0,0,0,0,6,6,6,6,6,0,0,0,0,0,0,0,0,0,0,6,6,6,6,6,0,0,0,0,0,0,0,0,0,1,6,6,6,6,5,0,0,0,0,0,0,0,0,2,6,6,6,6,6,3,0,0,0,0,0,0,0,1,5,6,6,6,6,6,1,0,0,0,0,0,0,0,1,4,4,4,4,4,3,0,0,10,"mfeat-pixel","att60",0.9
0,0,0,0,3,4,4,4,1,1,4,3,0,0,0,0,0,0,5,6,6,6,4,1,3,6,6,5,1,0,0,1,5,6,6,5,1,0,0,3,6,6,6,6,2,1,6,6,6,3,0,0,0,0,3,6,6,6,6,5.52,3,6,6,6,1,0,0,0,0,3,6,6,6,6,3,5,6,6,6,5,0,0,0,0,3,6,6,6,6,0,2,6,6,6,5,2,0,0,3,6,6,6,6,6,0,0,5,6,6,6,6,6,6,6,6,6,6,6,5,0,0,0,3,4,6,6,6,6,6,6,6,6,6,3,0,0,0,0,0,0,2,4,4,4,6,6,6,6,6,0,0,0,0,0,0,0,0,0,0,3,6,6,6,6,0,0,0,0,0,0,0,0,0,0,3,6,6,6,6,1,0,0,0,0,0,0,0,0,0,3,6,6,6,6,3,0,0,0,0,0,0,3,4,4,6,6,6,6,6,0,0,0,0,0,0,3,6,6,6,6,6,6,5,1,0,0,0,0,0,0,1,4,4,4,4,4,3,0,0,0,10,"mfeat-pixel","att60",0.9
0,0,0,0,1,3,4,4,4,6,4,5,5,1,0,0,0,0,2,6,6,6,6,6,6,6,6,6,6,1,0,0,3,6,6,6,6,6,6,6,6,6,6,6,6,0,5,6,6,6,3,0,0,0,1,5,6,6,6,5.58,0,6,6,6,6,0,0,0,0,0,0,4,6,6,6,3,6,6,6,6,4,0,0,0,0,2,6,6,6,6,1,5,6,6,6,6,1,0,0,1,5,6,6,6,5,0,1,6,6,6,6,6,6,6,6,6,6,6,6,1,0,0,5,6,6,6,6,6,6,6,6,6,6,5,0,0,0,0,0,1,3,6,6,6,6,6,6,5,1,0,0,0,0,0,0,0,3,6,6,6,6,4,0,0,0,0,0,0,0,0,0,1,6,6,6,6,2,0,0,0,0,0,0,0,0,1,5,6,6,6,1,0,0,0,0,0,0,0,0,0,3,6,6,6,6,3,0,0,0,0,0,0,0,0,0,6,6,6,6,6,6,3,0,0,0,0,0,0,0,0,4,4,4,4,4,4,1,0,0,0,10,"mfeat-pixel","att60",0.9
0,0,0,1,3,4,6,6,6,6,6,3,1,0,0,0,0,3,6,6,6,6,6,6,6,6,6,6,2,0,0,4,6,6,6,3,0,0,0,3,6,6,6,4,0,3,6,6,6,1,0,0,0,0,0,5,6,6,6,-0.63,2,6,6,6,0,0,0,0,0,0,0,5,6,6,4,0,6,6,6,2,0,0,0,0,0,0,0,6,6,6,0,3,6,6,6,3,0,0,0,0,0,4,6,6,6,0,0,1,5,6,6,5,4,4,4,5,6,6,6,6,0,0,0,0,3,5,6,6,5,4,5,6,6,6,6,0,0,0,0,0,0,1,1,0,0,0,6,6,6,4,0,0,0,0,0,0,0,0,0,0,0,6,6,6,0,0,0,0,0,0,0,0,0,0,0,4,6,6,2,0,0,0,0,0,0,0,0,0,0,1,6,6,6,0,0,0,0,0,0,0,0,0,0,0,5,6,6,6,0,0,0,0,0,0,0,0,0,0,0,6,6,6,4,0,0,0,0,0,0,0,0,0,0,0,4,4,4,0,0,0,10,"mfeat-pixel","att60",0.9
0,0,0,3,4,6,6,4,6,4,4,2,1,0,0,0,0,4,6,6,6,6,6,6,6,6,6,6,2,0,0,1,6,6,6,6,6,6,6,6,6,6,6,6,1,0,5,6,6,6,3,1,0,1,5,6,6,6,6,5.13,2,6,6,6,6,2,0,0,0,1,6,6,6,6,5,1,6,6,6,6,6,1,0,0,3,6,6,6,6,4,0,1,5,6,6,6,6,4,5,6,6,6,6,5,0,0,0,0,3,6,6,6,6,6,6,6,6,6,1,0,0,0,0,0,1,4,6,6,6,6,6,6,4,0,0,0,0,0,0,0,0,1,6,6,6,6,6,0,0,0,0,0,0,0,0,0,4,6,6,6,6,6,0,0,0,0,0,0,0,0,0,6,6,6,6,6,2,0,0,0,0,0,0,0,0,2,6,6,6,6,6,0,0,0,0,0,0,0,0,1,6,6,6,6,6,6,0,0,0,0,0,0,0,0,5,6,6,6,6,6,6,0,0,0,0,0,0,0,0,4,4,4,4,4,4,1,0,0,0,0,10,"mfeat-pixel","att60",0.9
0,0,3,4,4,4,4,4,4,4,4,6,5,1,0,0,4,6,6,6,6,6,6,6,6,6,6,6,5,0,4,6,6,6,5,2,2,2,2,5,6,6,6,6,3,3,6,6,6,4,0,0,0,0,4,6,6,6,6,2.98,0,4,6,6,6,3,2,2,5,6,6,6,6,4,0,0,5,6,6,6,6,6,6,6,6,6,6,6,3,0,0,0,3,6,6,6,6,6,6,6,6,6,4,0,0,0,0,0,1,3,4,3,3,6,6,6,6,3,0,0,0,0,0,0,0,0,0,0,6,6,6,6,1,0,0,0,0,0,0,0,0,0,3,6,6,6,6,0,0,0,0,0,0,0,0,0,0,4,6,6,6,5,0,0,0,0,0,0,0,0,0,0,6,6,6,6,1,0,0,0,0,0,0,0,0,0,0,6,6,6,6,0,0,0,0,0,0,0,0,0,0,2,6,6,6,2,0,0,0,0,0,0,0,0,0,0,6,6,6,6,0,0,0,0,0,0,0,0,0,0,0,3,4,4,4,0,0,0,0,0,10,"mfeat-pixel","att60",0.9
1,4,3,1,0,0,0,2,2,0,0,0,0,0,0,2,6,6,6,6,6,6,6,6,6,6,2,0,0,0,1,6,6,6,6,6,6,6,6,6,6,0,0,0,0,4,6,6,6,6,4,3,2,5,6,6,5,1,0,2.27,6,6,6,6,6,1,0,0,0,6,6,6,5,0,0,2,6,6,6,6,6,3,0,3,6,6,6,4,0,0,0,0,4,6,6,6,6,6,6,6,6,6,3,0,0,0,0,1,4,5,6,6,6,6,6,6,6,3,0,0,0,0,0,0,0,0,1,2,5,6,6,6,4,0,0,0,0,0,0,0,0,0,0,2,6,6,6,6,2,0,0,0,0,0,0,0,0,0,0,6,6,6,6,6,0,0,0,0,0,0,0,0,0,0,6,6,6,6,6,0,0,0,0,0,0,0,0,0,0,6,6,6,6,6,0,0,0,0,0,0,0,0,0,0,6,6,6,6,6,1,0,0,0,0,0,0,0,0,0,3,6,6,6,6,5,0,0,0,0,0,0,0,0,0,0,1,4,4,4,1,10,"mfeat-pixel","att60",0.9
0,0,1,3,4,6,6,5,4,4,6,6,2,0,0,1,5,6,6,6,6,6,6,6,6,6,6,6,1,0,4,6,6,6,5,1,0,0,2,4,6,6,6,5,1,6,6,6,6,0,0,0,0,0,0,1,6,6,6,6.46,6,6,6,6,1,0,0,0,0,2,3,6,6,6,6,5,6,6,6,6,3,2,4,6,6,6,6,6,6,5,0,3,6,6,6,6,6,6,6,6,6,6,6,6,3,0,0,0,2,2,4,4,4,3,3,6,6,6,5,0,0,0,0,0,0,0,0,0,0,0,6,6,6,3,0,0,0,0,0,0,0,0,0,0,2,6,6,6,3,0,0,0,0,0,0,0,0,0,0,6,6,6,6,3,0,0,0,0,0,0,0,0,0,0,6,6,6,5,0,0,0,0,0,0,0,0,0,0,0,6,6,6,3,0,0,0,0,0,0,0,0,0,0,2,6,6,6,3,0,0,0,0,0,0,0,0,0,0,4,6,6,6,3,0,0,0,0,0,0,0,0,0,0,4,4,4,3,0,0,0,10,"mfeat-pixel","att60",0.9
0,0,0,3,4,4,4,4,6,5,4,3,0,0,0,0,0,4,6,6,6,6,6,6,6,6,6,3,0,0,1,5,6,6,6,6,6,6,6,6,6,6,6,2,0,6,6,6,6,6,1,0,0,3,6,6,6,6,3,-1.99,3,6,6,6,6,1,0,0,0,1,6,6,6,6,1,0,1,5,6,6,6,3,2,2,3,6,6,6,6,3,0,0,1,4,6,6,6,6,6,6,6,6,6,6,5,0,0,0,0,0,3,6,6,6,4,6,6,6,6,4,0,0,0,0,0,0,0,2,0,0,1,6,6,6,5,0,0,0,0,0,0,0,0,0,0,0,6,6,6,6,0,0,0,0,0,0,0,0,0,0,0,6,6,6,6,0,0,0,0,0,0,0,0,0,0,0,6,6,6,5,0,0,0,0,0,0,0,0,0,0,3,6,6,6,3,0,0,0,0,0,0,0,0,1,2,5,6,6,6,1,0,0,0,0,0,0,1,5,6,6,6,6,6,2,0,0,0,0,0,0,0,1,4,4,4,4,3,1,0,0,10,"mfeat-pixel","att60",0.9
0,3,6,6,6,6,5,1,0,0,0,0,0,0,0,5,6,6,6,6,6,6,6,2,0,0,0,0,0,0,6,6,6,6,6,6,6,6,6,0,0,0,0,0,0,6,6,6,4,3,5,6,6,6,5,1,0,0,0,0.39,4,6,6,6,2,3,6,6,6,6,6,0,0,0,0,3,6,6,6,5,5,6,6,6,6,6,2,0,0,0,0,3,6,6,6,6,6,6,6,6,6,3,0,0,0,0,0,3,6,6,6,6,6,6,6,6,4,0,0,0,0,0,0,3,6,6,6,6,6,6,6,6,2,0,0,0,0,0,0,0,1,2,0,1,6,6,6,5,1,0,0,0,0,0,0,0,0,0,0,1,6,6,6,6,0,0,0,0,0,0,0,0,0,0,0,6,6,6,6,1,0,0,0,0,0,0,0,0,0,0,3,6,6,6,3,0,0,0,0,0,0,0,0,0,0,3,6,6,6,5,0,0,0,0,0,0,0,0,0,0,0,6,6,6,6,0,0,0,0,0,0,0,0,0,0,0,2,4,4,4,10,"mfeat-pixel","att60",0.9
0,3,6,6,6,6,6,6,6,6,6,5,2,0,0,3,6,6,6,6,5,4,4,4,5,6,6,6,5,1,4,6,6,6,3,0,0,0,0,0,3,6,6,6,5,4,6,6,4,0,0,0,0,0,0,0,4,6,6,7.22,6,6,6,6,1,0,0,0,0,0,2,6,6,6,6,3,6,6,6,3,0,0,0,1,4,6,6,6,6,4,0,3,6,6,6,4,4,5,6,6,6,6,6,5,0,0,1,5,6,6,6,6,6,6,6,6,6,6,2,0,0,0,0,0,0,2,0,0,1,6,6,6,4,0,0,0,0,0,0,0,0,0,0,0,6,6,6,3,0,0,0,0,0,0,0,0,0,1,5,6,6,6,1,0,0,0,0,0,0,0,0,0,6,6,6,6,1,0,0,0,0,0,0,0,0,0,0,6,6,6,3,0,0,0,0,0,0,0,0,0,0,2,6,6,6,1,0,0,0,0,0,0,0,0,0,0,6,6,6,6,0,0,0,0,0,0,0,0,0,0,0,4,4,4,3,0,0,0,0,0,10,"mfeat-pixel","att60",0.9
0,0,0,0,1,3,4,4,4,6,4,1,0,0,0,0,0,0,3,6,6,6,6,6,6,6,3,0,0,0,0,3,6,6,6,6,6,6,6,6,6,4,0,0,0,2,6,6,6,6,1,0,3,5,6,6,6,6,6,0.23,3,6,6,6,1,0,0,0,0,3,6,6,6,6,5,6,6,6,6,0,0,0,0,0,0,3,6,6,6,3,6,6,6,6,0,0,0,0,0,0,5,6,6,6,3,6,6,6,6,0,0,0,0,0,1,6,6,6,4,0,5,6,6,6,3,2,3,5,6,6,6,6,4,0,0,1,5,6,6,6,6,6,6,6,6,6,6,3,0,0,0,0,2,5,6,6,6,6,6,6,6,6,3,0,0,0,0,0,0,0,0,0,0,1,6,6,6,2,0,0,0,0,0,0,0,0,0,0,2,6,6,4,0,0,0,0,0,0,0,0,0,0,0,6,6,6,3,0,0,0,0,0,0,0,0,0,0,2,6,6,6,3,0,0,0,0,0,0,0,0,0,0,2,4,4,4,1,0,0,0,10,"mfeat-pixel","att60",0.9
0,0,3,4,4,4,4,4,4,4,4,2,1,0,0,0,0,6,6,6,6,6,6,6,6,6,6,3,0,0,0,2,6,6,6,6,5,3,6,6,6,6,3,0,0,0,5,6,6,6,4,0,0,3,6,6,6,1,0,-0.49,0,6,6,6,6,3,0,0,3,6,6,6,2,0,0,0,6,6,6,6,4,0,0,4,6,6,6,3,0,0,0,6,6,6,6,6,5,5,6,6,6,6,6,0,0,0,6,6,6,6,6,6,6,6,6,6,6,6,0,0,0,1,5,6,6,6,6,6,6,6,6,6,6,1,0,0,0,0,0,0,0,0,1,2,5,6,6,6,6,1,0,0,0,0,0,0,0,0,0,1,6,6,6,6,2,0,0,0,0,0,0,0,0,0,3,6,6,6,6,0,0,0,0,0,0,0,0,0,0,5,6,6,6,6,0,0,0,0,0,0,0,0,1,5,6,6,6,6,5,0,0,0,0,3,4,4,4,6,6,6,6,6,6,2,0,0,0,0,4,4,4,4,4,4,4,4,4,1,0,0,10,"mfeat-pixel","att60",0.9
0,0,3,6,6,6,6,6,5,0,0,0,0,0,0,1,5,6,6,6,6,6,6,6,4,0,0,0,0,0,4,6,6,6,6,6,6,6,6,6,3,0,0,0,0,6,6,6,6,4,0,4,6,6,6,5,0,0,0,-0.17,6,6,6,6,3,0,0,5,6,6,6,3,0,0,0,5,6,6,6,6,2,0,1,6,6,6,5,0,0,0,1,6,6,6,6,6,3,3,6,6,6,6,3,0,0,0,2,6,6,6,6,6,6,6,6,6,6,6,2,0,0,0,1,5,6,6,6,6,6,6,6,6,6,6,2,0,0,0,0,2,2,2,2,2,2,5,6,6,6,5,0,0,0,0,0,0,0,0,0,0,0,5,6,6,6,0,0,0,0,0,0,0,0,0,0,0,3,6,6,6,0,0,0,0,0,0,0,0,0,0,0,3,6,6,6,0,0,0,0,0,0,0,0,0,3,4,6,6,6,6,0,0,0,0,0,0,0,0,2,6,6,6,6,6,3,0,0,0,0,0,0,0,0,0,1,4,4,4,3,0,10,"mfeat-pixel","att60",0.9
0,1,4,6,6,6,5,5,6,6,6,6,4,3,0,0,3,6,6,6,6,6,6,6,6,6,6,6,4,0,0,6,6,6,1,0,0,0,0,0,1,5,6,5,0,0,6,6,6,0,0,0,0,0,0,0,3,6,6,4.59,3,6,6,6,0,0,0,0,0,0,0,3,6,6,6,1,6,6,6,5,4,4,4,4,4,4,6,6,6,2,0,3,6,6,6,6,6,6,6,6,6,6,6,6,0,0,0,0,1,2,2,0,2,4,6,6,6,6,6,0,0,0,0,0,0,0,0,0,0,0,4,6,6,6,0,0,0,0,0,0,0,0,0,0,2,6,6,6,2,0,0,0,0,0,0,0,0,0,0,5,6,6,5,0,0,0,0,0,0,0,0,0,0,3,6,6,6,1,0,0,0,0,0,0,0,0,0,0,3,6,6,4,0,0,0,0,0,0,0,0,0,0,2,6,6,6,0,0,0,0,0,0,0,0,0,0,3,6,6,4,1,0,0,0,0,0,0,0,0,0,0,4,3,0,0,0,0,0,0,0,10,"mfeat-pixel","att60",0.9
0,0,3,6,6,6,6,6,6,6,6,6,3,0,0,0,5,6,6,6,6,5,3,2,5,6,6,6,0,0,5,6,6,6,5,1,0,0,0,3,6,6,6,0,0,6,6,6,6,1,0,0,0,0,0,6,6,6,2,-0.51,6,6,6,6,1,0,0,0,0,0,5,6,6,1,0,6,6,6,6,6,5,3,2,2,2,5,6,6,2,0,4,6,6,6,6,6,6,6,6,6,6,6,6,6,0,0,6,6,6,6,6,6,6,6,6,6,6,6,6,2,0,2,6,6,6,6,6,6,6,6,6,6,6,6,6,0,0,1,2,2,2,2,2,2,3,6,6,6,6,3,0,0,0,0,0,0,0,0,0,0,5,6,6,6,4,0,0,0,0,0,0,0,0,0,0,1,6,6,6,6,0,0,0,0,0,0,0,0,0,0,0,6,6,6,6,0,0,0,0,0,0,0,0,0,0,1,6,6,6,6,0,0,0,0,0,0,1,5,6,6,6,6,6,6,4,0,0,0,0,0,0,2,4,4,4,4,4,4,3,0,10,"mfeat-pixel","att60",0.9
0,3,6,6,6,6,6,6,6,6,5,1,0,0,0,3,6,6,6,6,4,4,4,6,6,6,6,1,0,0,6,6,6,5,1,0,0,0,1,6,6,6,6,0,0,4,6,6,3,0,0,0,0,0,4,6,6,6,0,-0.17,6,6,6,3,0,0,0,0,0,6,6,6,6,3,0,3,6,6,4,0,0,0,0,1,6,6,6,4,0,0,2,6,6,6,5,4,4,4,6,6,6,6,2,0,0,0,1,3,4,6,6,6,6,6,6,6,6,0,0,0,0,0,0,0,0,2,2,2,5,6,6,6,3,0,0,0,0,0,0,0,0,0,0,4,6,6,5,1,0,0,0,0,0,0,0,0,0,4,6,6,4,0,0,0,0,0,0,0,0,0,0,4,6,6,6,2,0,0,0,0,0,0,0,0,0,3,6,6,6,3,0,0,0,0,0,0,0,0,3,5,6,6,6,2,0,0,0,0,0,0,0,1,5,6,6,6,6,1,0,0,0,0,0,0,0,0,1,4,4,4,4,1,0,0,0,0,0,0,0,0,10,"mfeat-pixel","att60",0.9
0,0,0,2,4,5,5,4,4,4,4,4,4,1,0,0,3,6,6,6,6,6,6,6,6,6,6,6,6,2,3,6,6,6,6,6,4,4,5,5,5,6,6,6,6,6,6,6,6,5,1,0,0,0,0,0,6,6,6,3.7,6,6,6,4,0,0,0,0,0,0,4,6,6,6,6,6,6,6,5,1,0,0,0,2,5,6,6,6,6,6,5,6,6,6,6,4,4,6,6,6,6,6,6,6,5,1,5,6,6,6,6,6,6,6,6,6,6,6,6,3,0,0,2,3,4,4,4,4,5,6,6,6,6,6,1,0,0,0,0,0,0,0,0,0,6,6,6,6,3,0,0,0,0,0,0,0,0,0,3,6,6,6,6,3,0,0,0,0,0,0,0,0,1,6,6,6,6,6,3,0,0,0,0,0,0,0,0,4,6,6,6,6,5,0,0,0,0,0,0,0,0,3,6,6,6,6,6,2,0,0,0,0,0,0,0,0,6,6,6,6,6,4,0,0,0,0,0,0,0,0,0,3,4,4,4,4,1,0,0,0,10,"mfeat-pixel","att60",0.9
3,6,6,6,6,6,6,6,4,5,5,4,3,0,0,6,6,6,6,6,6,6,6,6,6,6,6,6,4,0,6,6,6,6,5,2,2,2,2,2,5,6,6,6,1,6,6,6,6,3,0,0,0,0,0,2,6,6,6,0.28,5,6,6,6,6,1,0,0,0,0,0,6,6,6,5,1,6,6,6,6,4,0,0,0,2,5,6,6,6,3,0,2,6,6,6,6,6,6,6,6,6,6,6,6,5,0,0,5,6,6,6,6,6,6,6,6,6,6,6,6,0,0,0,3,6,6,6,4,6,5,5,6,6,6,6,0,0,0,0,0,0,0,0,0,0,0,4,6,6,6,0,0,0,0,0,0,0,0,0,0,0,3,6,6,6,0,0,0,0,0,0,0,0,0,0,0,3,6,6,6,0,0,0,0,0,0,0,0,0,0,0,4,6,6,6,0,0,0,0,0,0,0,0,0,0,2,6,6,6,5,0,0,0,0,0,0,0,0,0,0,4,6,6,5,1,0,0,0,0,0,0,0,0,0,0,4,4,4,2,0,10,"mfeat-pixel","att60",0.9
0,0,0,0,2,5,6,4,5,5,3,1,0,0,0,0,0,1,5,6,6,6,6,6,6,6,6,3,0,0,0,3,6,6,6,6,6,6,6,6,6,6,6,2,0,5,6,6,6,3,2,2,2,2,3,6,6,6,6,-1.02,6,6,6,6,1,0,0,0,0,1,6,6,6,6,3,4,6,6,6,6,5,3,2,3,6,6,6,6,6,5,1,4,4,6,6,6,6,6,6,5,5,6,6,6,5,0,0,0,0,2,4,4,4,2,0,1,6,6,6,3,0,0,0,0,0,0,0,0,0,0,3,6,6,6,3,0,0,0,0,0,0,0,0,0,0,3,6,6,6,3,0,0,0,0,0,0,0,0,0,0,3,6,6,6,3,0,0,0,0,0,0,0,0,0,0,3,6,6,6,3,0,0,0,0,0,0,0,0,0,2,5,6,6,5,1,0,0,0,0,0,0,0,3,6,6,6,6,5,1,0,0,0,0,0,0,0,5,6,6,6,5,3,0,0,0,0,0,0,0,0,0,3,4,4,2,0,0,0,0,0,10,"mfeat-pixel","att60",0.9
0,0,1,4,5,6,6,6,4,6,5,1,0,0,0,0,1,6,6,6,6,6,6,6,6,6,6,3,0,0,1,6,6,6,5,1,0,1,2,4,6,6,6,4,0,3,6,6,6,3,0,0,0,0,0,1,6,6,6,1.79,6,6,6,6,0,0,0,0,0,0,0,3,6,6,5,3,6,6,6,3,2,2,2,2,4,2,4,6,6,4,0,3,6,6,6,6,6,6,6,6,6,6,6,6,3,0,0,1,4,4,4,4,4,4,4,6,6,6,6,3,0,0,0,0,0,0,0,0,0,0,3,6,6,5,0,0,0,0,0,0,0,0,0,0,2,6,6,6,0,0,0,0,0,0,0,0,0,0,2,6,6,6,5,0,0,0,0,0,0,0,0,0,3,6,6,6,6,3,0,0,0,0,0,0,0,0,3,6,6,6,6,5,0,0,0,0,0,0,0,0,4,6,6,6,6,3,0,0,0,0,0,0,0,0,0,6,6,6,6,4,0,0,0,0,0,0,0,0,0,0,4,4,4,3,0,0,0,0,0,0,10,"mfeat-pixel","att60",0.9
0,0,0,0,2,5,6,6,6,5,2,0,0,0,0,0,0,5,6,6,6,6,6,6,6,6,6,5,1,0,0,4,6,6,6,6,5,4,5,6,6,6,6,6,0,3,6,6,6,6,3,0,0,0,4,6,6,6,6,-2.98,3,6,6,6,6,0,0,0,0,3,6,6,6,6,2,6,6,6,6,6,0,0,0,0,4,6,6,6,6,6,6,6,6,6,6,5,4,6,6,6,6,6,6,6,6,3,6,6,6,6,6,6,6,6,6,6,6,6,6,6,0,1,5,6,6,6,6,6,6,6,6,6,6,6,6,0,0,0,0,2,4,4,4,4,6,6,6,6,6,6,0,0,0,0,0,0,0,0,0,3,6,6,6,6,6,0,0,0,0,0,0,0,0,3,6,6,6,6,6,3,0,0,0,0,0,1,2,3,6,6,6,6,6,6,2,0,0,0,2,6,6,6,6,6,6,6,6,6,1,0,0,0,0,2,6,6,6,6,6,6,6,5,1,0,0,0,0,0,0,1,4,4,4,4,4,4,1,0,0,0,10,"mfeat-pixel","att60",0.9
0,0,0,3,6,6,6,6,6,6,3,1,0,0,0,0,1,5,6,6,4,4,6,6,6,6,6,6,6,5,2,6,6,6,1,0,0,0,1,3,6,6,6,6,6,6,6,6,6,0,0,0,0,0,0,4,6,6,6,5.91,6,6,6,6,1,0,0,0,0,0,6,6,6,6,3,3,6,6,6,5,0,0,0,3,5,6,6,6,6,1,3,6,6,6,6,3,3,6,6,6,6,6,6,5,0,0,4,6,6,6,6,6,6,6,6,6,6,6,1,0,0,0,5,6,6,6,6,6,6,6,6,6,6,1,0,0,0,0,0,0,0,0,0,0,1,6,6,6,3,0,0,0,0,0,0,0,0,0,0,0,6,6,6,3,0,0,0,0,0,0,0,0,0,0,0,6,6,6,6,0,0,0,0,0,0,0,0,0,0,0,6,6,6,6,0,0,0,0,0,3,4,4,3,1,1,6,6,6,3,0,0,0,0,3,6,6,6,6,6,6,6,6,6,2,0,0,0,0,0,3,4,4,4,4,4,4,4,3,0,0,10,"mfeat-pixel","att60",0.9
0,0,0,0,1,3,6,4,6,6,3,1,0,0,0,0,1,3,5,6,6,6,6,6,6,6,6,5,0,0,0,6,6,6,5,4,1,0,3,6,6,6,6,4,0,4,6,6,6,0,0,0,0,0,4,6,6,6,6,0.93,5,6,6,6,5,2,0,0,1,5,6,6,6,6,0,0,1,3,6,6,6,6,6,6,6,6,6,6,6,0,0,0,0,1,3,4,4,3,2,4,6,6,6,6,0,0,0,0,0,0,0,0,0,0,3,6,6,6,6,1,0,0,0,0,0,0,0,0,0,5,6,6,6,6,2,0,0,0,0,0,0,0,0,1,6,6,6,6,6,0,0,0,0,0,0,0,0,0,2,6,6,6,6,3,0,0,0,0,0,0,0,0,0,0,6,6,6,6,2,0,0,0,0,0,0,0,0,0,4,6,6,6,6,0,0,0,0,0,0,0,0,1,5,6,6,6,6,2,0,0,0,0,0,1,2,5,6,6,6,6,6,4,0,0,0,0,0,0,4,4,4,4,4,4,4,3,0,0,0,0,10,"mfeat-pixel","att60",0.9
0,0,3,4,4,5,6,6,6,5,4,3,1,0,0,1,5,6,6,6,6,6,6,6,6,6,6,6,3,0,5,6,6,6,1,0,0,0,2,2,2,5,6,6,5,6,6,6,5,0,0,0,0,0,0,0,1,6,6,10.13,6,6,6,3,0,0,0,0,0,0,0,0,6,6,6,6,6,6,5,0,0,0,0,0,0,0,0,6,6,6,4,6,6,6,3,2,0,0,0,0,2,3,6,6,6,0,3,6,6,6,6,6,4,4,6,6,6,6,6,4,0,0,1,2,4,4,4,4,4,6,6,6,6,6,0,0,0,0,0,0,0,0,0,0,3,6,6,6,2,0,0,0,0,0,0,0,0,0,0,3,6,6,5,0,0,0,0,0,0,0,0,0,0,1,6,6,6,1,0,0,0,0,0,0,0,0,0,0,3,6,6,5,0,0,0,0,0,0,0,0,0,0,1,6,6,6,1,0,0,0,0,0,0,0,0,0,0,3,6,6,6,0,0,0,0,0,0,0,0,0,0,0,2,4,4,3,0,0,0,0,10,"mfeat-pixel","att60",0.9
0,0,1,4,5,5,5,5,4,4,4,4,4,4,1,0,1,6,6,6,6,6,6,6,6,6,6,6,6,3,1,6,6,6,6,4,2,1,1,1,0,4,6,6,6,3,6,6,3,0,0,0,0,0,0,0,3,6,6,2.79,5,6,4,0,0,3,6,5,0,0,0,2,6,6,5,3,6,6,4,5,6,6,5,0,0,0,3,6,4,0,0,3,6,6,6,6,6,3,0,2,6,6,6,6,0,0,0,1,2,2,4,6,6,4,6,6,6,6,3,0,0,0,0,0,0,0,0,0,3,6,6,6,6,1,0,0,0,0,0,0,0,0,0,3,6,6,6,1,0,0,0,0,0,0,0,0,0,3,6,6,6,3,0,0,0,0,0,0,0,0,0,2,6,6,6,6,1,0,0,0,0,0,0,0,0,0,5,6,6,6,6,0,0,0,0,0,0,0,0,1,5,6,6,6,5,1,0,0,0,0,0,2,6,6,6,6,6,3,0,0,0,0,0,0,0,0,1,4,4,4,4,1,0,0,0,0,0,0,0,0,10,"mfeat-pixel","att60",0.9
0,0,1,4,4,4,4,4,4,4,2,0,0,0,0,0,2,6,6,6,6,6,6,6,6,6,6,3,0,0,0,3,6,6,6,5,2,1,0,3,6,6,6,4,0,0,4,6,6,6,2,0,0,0,0,1,5,6,6,4.38,0,6,6,6,6,0,0,0,0,0,0,4,6,6,3,0,4,6,6,6,0,0,0,0,0,0,6,6,6,2,0,1,6,6,6,5,1,0,1,2,3,6,6,6,0,0,0,1,6,6,6,6,6,6,6,6,6,6,6,0,0,0,0,3,4,6,6,6,6,6,6,6,6,5,0,0,0,0,0,0,0,2,1,0,3,6,6,6,2,0,0,0,0,0,0,0,0,0,0,6,6,6,4,0,0,0,0,0,0,0,0,0,0,4,6,6,3,0,0,0,0,0,0,0,0,0,0,3,6,6,6,0,0,0,0,0,0,0,0,0,0,1,6,6,5,1,0,0,0,0,0,0,0,0,0,1,6,6,6,5,0,0,0,0,0,0,0,0,0,0,1,4,4,3,1,0,0,0,0,0,10,"mfeat-pixel","att60",0.9
0,1,2,4,4,6,6,4,4,1,0,0,0,0,0,0,6,6,6,6,6,6,6,6,6,5,4,3,0,0,4,6,6,6,6,3,2,3,6,6,6,6,6,5,0,6,6,6,6,4,0,0,0,1,6,6,6,6,6,6.94,6,6,6,6,5,1,0,0,3,6,6,6,6,6,3,6,6,6,6,6,6,4,5,6,6,6,6,6,6,3,3,6,6,6,6,6,6,6,6,6,6,6,6,5,0,0,1,2,5,6,5,5,6,6,6,6,6,6,3,0,0,0,0,0,0,0,0,6,6,6,6,6,6,2,0,0,0,0,0,0,0,4,6,6,6,6,6,3,0,0,0,0,0,0,0,2,6,6,6,6,6,5,1,0,0,0,0,0,0,0,3,6,6,6,6,6,1,0,0,0,0,0,0,0,0,5,6,6,6,6,2,0,0,0,0,0,0,0,0,2,6,6,6,6,4,0,0,0,0,0,0,0,0,0,6,6,6,6,6,2,0,0,0,0,0,0,0,0,0,1,4,4,4,1,0,0,0,0,0,0,10,"mfeat-pixel","att60",0.9
0,0,0,0,2,5,6,6,6,6,6,5,4,3,0,0,0,3,5,6,6,6,6,4,6,6,6,6,6,0,0,4,6,6,6,6,6,3,0,1,5,6,6,6,2,2,6,6,6,6,5,2,0,0,0,0,5,6,6,6.4,2,6,6,6,6,3,0,0,0,0,0,5,6,6,6,0,6,6,6,6,3,0,0,0,0,3,6,6,6,6,0,6,6,6,6,3,0,0,0,0,4,6,6,6,6,0,5,6,6,6,4,0,0,2,5,6,6,6,6,4,0,1,5,6,6,6,6,6,6,6,6,6,6,6,0,0,0,0,1,4,6,6,6,6,6,6,6,6,6,0,0,0,0,0,0,0,0,0,0,4,6,6,6,2,0,0,0,0,0,0,0,0,0,3,6,6,6,6,0,0,0,0,0,0,0,0,0,0,6,6,6,6,6,0,0,0,0,0,0,0,0,2,5,6,6,6,5,1,0,0,0,0,0,0,0,3,6,6,6,6,5,0,0,0,0,0,0,0,0,0,2,4,4,4,4,1,0,0,0,0,10,"mfeat-pixel","att60",0.9
0,0,0,1,3,4,6,4,6,6,4,3,0,0,0,0,1,5,6,6,6,6,6,6,6,6,6,5,1,0,2,6,6,6,6,6,5,4,4,5,6,6,6,6,2,6,6,6,6,6,3,0,0,0,0,6,6,6,6,4.63,6,6,6,6,6,0,0,0,0,0,6,6,6,6,6,5,6,6,6,6,1,0,0,0,1,6,6,6,6,5,1,5,6,6,6,5,1,0,0,5,6,6,6,6,1,0,1,6,6,6,6,6,5,5,6,6,6,6,4,0,0,0,5,6,6,6,6,6,6,6,6,6,6,0,0,0,0,0,0,1,5,6,6,6,6,6,6,2,0,0,0,0,0,0,0,3,6,6,6,6,6,3,0,0,0,0,0,0,0,0,5,6,6,6,5,1,0,0,0,0,0,0,0,0,0,6,6,6,6,3,0,0,0,0,0,0,0,0,0,1,6,6,6,6,0,0,0,0,0,0,0,0,0,0,2,6,6,6,6,0,0,0,0,0,0,0,0,0,0,0,4,4,4,3,0,0,0,0,0,0,10,"mfeat-pixel","att60",0.9
0,1,5,6,6,6,6,6,6,5,1,0,0,0,0,0,4,6,6,6,6,6,6,6,6,4,0,0,0,0,2,6,6,6,5,4,6,6,6,6,6,4,0,0,0,4,6,6,6,0,0,1,6,6,6,6,6,0,0,2.2,6,6,6,6,0,0,0,3,6,6,6,4,0,0,0,5,6,6,6,2,0,0,3,6,6,6,6,2,0,0,3,6,6,6,5,1,0,3,6,6,6,6,3,0,0,3,6,6,6,6,6,4,6,6,6,6,6,3,0,0,1,5,6,6,6,6,6,6,6,6,6,6,6,1,0,0,0,3,4,3,2,2,2,3,6,6,6,6,3,0,0,0,0,0,0,0,0,0,0,3,6,6,6,3,0,0,0,0,0,0,0,0,0,0,3,6,6,6,6,0,0,0,0,0,0,0,0,0,0,3,6,6,6,6,1,0,0,0,1,4,4,4,2,2,5,6,6,6,6,3,0,0,3,6,6,6,6,6,6,6,6,6,6,6,3,0,0,3,4,4,4,4,4,4,4,4,4,4,4,2,10,"mfeat-pixel","att60",0.9
0,0,1,3,6,6,6,6,6,5,3,1,0,0,0,1,5,6,6,6,6,6,6,6,6,6,6,3,0,0,6,6,6,6,5,4,3,3,6,6,6,6,6,4,0,6,6,6,6,0,0,0,0,1,6,6,6,6,6,0.12,6,6,6,4,0,0,0,0,0,3,6,6,6,6,5,2,6,6,6,6,6,6,5,4,6,6,6,6,6,3,0,1,2,4,2,2,3,4,4,5,6,6,6,6,3,0,0,0,0,0,0,0,0,0,0,4,6,6,6,1,0,0,0,0,0,0,0,0,0,2,6,6,6,6,0,0,0,0,0,0,0,0,0,0,3,6,6,6,6,3,0,0,0,0,0,0,0,0,0,3,6,6,6,6,0,0,0,0,0,0,0,0,0,0,4,6,6,6,4,0,0,0,0,0,0,0,0,0,5,6,6,6,6,2,0,0,0,0,0,0,0,0,4,6,6,6,6,2,0,0,0,0,0,0,0,1,5,6,6,6,6,3,0,0,0,0,0,0,0,0,4,4,4,4,2,0,0,0,0,0,10,"mfeat-pixel","att60",0.9
0,0,1,3,4,4,4,4,5,6,6,6,6,3,0,0,5,6,6,6,6,6,6,6,6,6,6,6,6,0,4,6,6,6,6,6,4,2,1,1,3,6,6,6,0,6,6,6,6,1,0,0,0,0,0,0,5,6,6,1.06,2,6,6,6,1,0,0,0,0,0,0,1,6,6,6,0,3,6,6,6,2,0,0,0,0,0,0,6,6,6,0,2,6,6,6,6,4,4,4,2,2,5,6,6,6,0,0,2,6,6,6,6,6,6,6,6,6,6,6,6,0,0,0,5,6,6,5,4,4,6,6,6,6,6,4,0,0,0,0,0,0,0,0,0,3,6,6,6,6,0,0,0,0,0,0,0,0,0,0,4,6,6,6,4,0,0,0,0,0,0,0,0,0,2,6,6,6,6,0,0,0,0,0,0,0,0,0,0,3,6,6,6,6,0,0,0,0,0,0,0,0,0,1,5,6,6,6,4,0,0,0,0,0,0,0,2,6,6,6,6,6,5,0,0,0,0,0,0,0,0,1,4,4,4,2,0,0,0,0,0,10,"mfeat-pixel","att60",0.9
0,1,3,4,4,4,4,4,4,6,6,6,6,6,3,2,6,6,6,6,6,6,6,6,6,6,6,6,6,6,3,6,6,6,6,5,2,0,0,3,6,6,6,6,6,3,6,6,6,6,4,0,0,0,0,6,6,6,6,2.81,2,6,6,6,6,6,0,0,0,1,6,6,6,6,3,0,3,6,6,6,6,3,2,3,6,6,6,6,1,0,0,0,0,3,6,6,6,6,6,6,6,6,6,0,0,0,0,0,0,0,1,3,6,6,6,6,6,3,0,0,0,0,0,0,0,0,0,4,6,6,6,3,0,0,0,0,0,0,1,4,4,6,6,6,6,6,2,0,0,0,0,0,0,3,6,6,6,6,6,5,1,0,0,0,0,0,0,0,0,6,6,6,6,3,0,0,0,0,0,0,0,0,1,5,6,6,6,3,0,0,0,0,0,0,0,0,3,6,6,6,6,6,5,0,0,0,0,0,0,0,3,6,6,6,6,6,3,0,0,0,0,0,0,0,0,3,4,4,4,4,3,0,0,0,0,0,0,0,0,0,10,"mfeat-pixel","att60",0.9
0,0,3,4,4,5,6,6,6,6,6,5,4,3,0,1,5,6,6,6,6,6,6,6,6,6,6,6,6,3,5,6,6,6,5,2,0,0,0,3,6,6,6,6,1,6,6,6,6,0,0,0,0,0,0,4,6,6,6,3.64,5,6,6,6,4,0,0,0,0,0,3,6,6,6,6,1,6,6,6,6,2,0,0,0,0,3,6,6,6,6,0,4,6,6,6,6,4,1,0,1,6,6,6,6,2,0,0,3,6,6,6,6,6,6,6,6,6,6,6,0,0,0,0,0,3,6,6,6,6,6,6,6,6,6,0,0,0,0,0,0,0,2,2,2,5,6,6,6,6,3,0,0,0,0,0,0,0,0,0,3,6,6,6,6,0,0,0,0,0,0,0,0,0,0,3,6,6,6,3,0,0,0,0,0,0,0,0,0,0,3,6,6,6,5,0,0,0,0,0,0,0,0,0,3,6,6,6,6,5,0,0,0,0,0,0,0,0,0,5,6,6,6,6,1,0,0,0,0,0,0,0,0,0,0,3,4,4,3,0,0,10,"mfeat-pixel","att60",0.9
0,0,0,2,4,5,6,6,6,6,5,2,0,0,0,0,1,5,6,6,6,6,6,6,6,6,6,6,3,0,0,5,6,6,6,4,0,1,3,6,6,6,6,6,1,0,6,6,6,6,5,1,0,0,3,6,6,6,6,7.39,0,6,6,6,6,6,6,0,0,2,6,6,6,6,6,0,6,6,6,6,6,6,0,0,0,4,6,6,6,6,3,6,6,6,6,6,6,0,0,1,6,6,6,6,3,0,6,6,6,6,6,6,0,0,3,6,6,6,6,4,0,2,6,6,6,6,6,5,2,5,6,6,6,6,6,0,0,1,5,6,6,6,6,6,6,6,6,6,6,6,0,0,0,0,3,6,6,6,6,6,6,6,6,6,6,0,0,0,0,0,0,0,3,6,6,6,6,6,6,5,0,0,0,0,0,0,0,1,6,6,6,6,6,6,1,0,0,0,0,0,0,1,5,6,6,6,6,6,2,0,0,0,0,0,0,0,6,6,6,6,6,6,5,0,0,0,0,0,0,0,0,1,3,4,4,4,2,0,0,0,10,"mfeat-pixel","att60",0.9
0,1,3,5,6,4,4,4,3,2,3,4,4,3,0,3,6,6,6,6,6,6,6,6,6,6,6,6,6,4,6,6,6,6,6,5,4,4,4,4,6,6,6,6,6,6,6,6,6,4,0,0,0,0,0,3,6,6,6,6.3,6,6,6,6,5,0,0,0,0,0,4,6,6,6,6,6,6,6,6,6,5,2,2,4,5,6,6,6,6,5,5,6,6,6,6,6,6,6,6,6,6,6,6,6,1,0,0,2,4,4,3,2,2,3,6,6,6,6,6,3,0,0,0,0,0,0,0,0,0,3,6,6,6,6,1,0,0,0,0,0,0,0,0,0,5,6,6,6,4,0,0,0,0,0,0,0,0,0,1,6,6,6,6,3,0,0,0,0,0,0,0,0,2,6,6,6,6,6,0,0,0,0,0,0,0,0,1,5,6,6,6,6,3,0,0,0,0,0,0,0,2,6,6,6,6,6,3,0,0,0,0,0,0,0,0,3,6,6,6,6,6,2,0,0,0,0,0,0,0,0,0,3,4,4,4,1,0,0,0,0,10,"mfeat-pixel","att60",0.9
0,3,6,6,6,6,6,6,4,4,2,0,0,0,0,4,6,6,6,6,4,6,6,6,6,6,5,3,0,0,6,6,6,6,2,0,0,0,2,5,6,6,6,4,0,6,6,6,4,0,0,0,0,0,0,4,6,6,6,2.16,6,6,6,4,0,0,0,0,0,0,2,6,6,6,5,6,6,6,6,3,0,0,0,0,0,0,6,6,6,6,2,6,6,6,6,5,4,4,4,4,5,6,6,6,6,0,1,2,4,6,6,6,6,6,6,6,6,6,6,5,0,0,0,0,0,0,1,3,4,5,6,6,6,6,1,0,0,0,0,0,0,0,0,0,0,6,6,6,6,0,0,0,0,0,0,0,0,0,0,3,6,6,6,5,0,0,0,0,0,0,0,0,0,1,5,6,6,6,1,0,0,0,0,0,0,0,0,0,6,6,6,6,5,0,0,0,0,0,0,0,0,0,0,6,6,6,4,0,0,0,0,0,0,0,0,0,0,0,6,6,6,3,0,0,0,0,0,0,0,0,0,0,0,4,4,4,2,0,0,0,10,"mfeat-pixel","att60",0.9
0,0,0,3,4,6,6,6,6,6,6,3,1,0,0,0,0,4,6,6,6,5,4,5,6,6,6,6,5,0,1,5,6,6,3,1,0,0,0,1,3,6,6,6,0,6,6,6,6,0,0,0,0,0,0,0,4,6,6,5.31,6,6,6,6,0,0,0,0,0,0,0,4,6,6,6,6,6,6,6,3,2,2,0,0,0,1,6,6,6,4,3,6,6,6,6,6,6,6,5,4,6,6,6,6,0,0,1,3,4,4,4,6,6,6,6,6,6,6,5,0,0,0,0,0,0,0,0,4,6,6,6,6,5,1,0,0,0,0,0,0,0,1,5,6,6,6,3,0,0,0,0,0,0,0,0,0,5,6,6,6,6,0,0,0,0,0,0,0,0,0,4,6,6,6,5,1,0,0,0,0,0,0,0,0,4,6,6,6,4,0,0,0,0,0,0,0,0,0,2,6,6,6,6,0,0,0,0,0,0,0,0,0,0,6,6,6,6,5,0,0,0,0,0,0,0,0,0,0,4,4,4,3,0,0,0,0,0,0,0,0,10,"mfeat-pixel","att60",0.9
0,1,5,6,6,6,6,6,2,0,0,0,0,0,0,2,6,6,6,6,6,6,6,5,1,0,0,0,0,0,6,6,6,6,5,5,6,6,6,5,1,0,0,0,0,6,6,6,4,0,0,3,6,6,6,3,0,0,0,-0.91,5,6,6,4,0,0,0,3,6,6,6,1,0,0,0,3,6,6,6,5,5,5,2,6,6,6,5,0,0,0,2,6,6,6,6,6,6,3,3,6,6,6,3,0,0,0,2,6,6,6,6,6,3,3,6,6,6,3,0,0,0,0,3,6,6,6,3,0,2,6,6,6,6,1,0,0,0,1,4,3,1,0,0,0,4,6,6,6,3,0,0,0,0,0,0,0,0,0,0,2,6,6,6,6,1,0,0,0,0,0,0,0,0,0,0,4,6,6,6,1,0,0,0,0,0,0,0,0,0,0,3,6,6,6,1,0,0,0,0,0,0,0,0,0,0,3,6,6,6,3,0,0,0,0,0,0,0,0,0,0,3,6,6,6,6,0,0,0,0,0,0,0,0,0,0,1,4,4,4,4,10,"mfeat-pixel","att60",0.9
0,0,3,4,6,6,6,6,6,4,4,4,4,3,0,0,0,6,6,6,6,6,6,6,6,6,6,6,6,3,0,2,6,6,6,5,2,2,2,5,6,6,6,6,1,1,6,6,6,5,0,0,0,0,3,6,6,6,6,0.74,5,6,6,6,0,0,0,0,0,4,6,6,6,6,0,6,6,6,6,3,0,0,2,5,6,6,6,6,6,0,4,6,6,6,6,5,5,6,6,6,6,6,6,6,0,0,3,4,5,6,6,6,6,6,6,6,6,6,6,0,0,0,0,0,1,2,2,2,1,1,6,6,6,6,0,0,0,0,0,0,0,0,0,0,0,6,6,6,6,0,0,0,0,0,0,0,0,0,0,0,6,6,6,6,0,0,0,0,0,0,0,0,0,0,1,6,6,6,2,0,0,0,0,0,0,0,0,0,0,3,6,6,6,0,0,0,0,0,0,0,0,0,0,0,2,6,6,6,0,0,0,0,0,0,0,0,0,0,0,2,6,6,6,2,0,0,0,0,0,0,0,0,0,0,1,4,4,4,2,0,10,"mfeat-pixel","att60",0.9
0,0,3,4,5,6,6,6,6,6,5,4,4,3,0,1,5,6,6,6,6,6,6,6,6,6,6,6,6,5,5,6,6,6,6,6,4,4,4,6,6,6,6,6,6,6,6,6,6,6,2,0,0,0,1,6,6,6,6,5.73,6,6,6,6,4,0,0,0,0,0,3,6,6,6,6,6,6,6,6,3,0,0,0,0,0,3,6,6,6,4,6,6,6,6,6,1,0,0,0,1,6,6,6,6,0,2,6,6,6,6,6,4,4,4,6,6,6,6,6,0,0,1,4,6,6,6,6,6,6,6,6,6,6,6,0,0,0,0,0,3,4,5,6,6,6,6,6,6,6,0,0,0,0,0,0,0,0,0,0,4,6,6,6,6,0,0,0,0,0,0,0,0,0,0,3,6,6,6,6,0,0,0,0,0,0,0,0,0,0,3,6,6,6,6,0,0,0,0,0,0,0,0,0,0,3,6,6,6,6,0,0,0,0,0,0,0,0,0,0,3,6,6,6,6,0,0,0,0,0,0,0,0,0,0,1,4,4,4,3,0,10,"mfeat-pixel","att60",0.9
0,0,2,6,6,6,6,6,6,6,6,6,6,3,0,0,1,5,6,6,6,6,6,6,6,6,6,6,6,2,0,6,6,6,6,3,0,0,0,3,6,6,6,6,4,4,6,6,6,4,0,0,0,0,0,6,6,6,6,5.5,5,6,6,5,0,0,0,0,0,0,6,6,6,6,6,3,6,6,3,0,0,0,0,0,4,6,6,6,6,1,3,6,6,6,3,0,0,2,5,6,6,6,6,6,0,3,6,6,6,6,6,6,6,6,6,6,6,6,6,0,1,4,5,6,6,6,6,6,6,6,6,6,6,1,0,0,0,0,0,0,0,4,6,6,6,6,6,3,0,0,0,0,0,0,0,0,3,6,6,6,4,0,0,0,0,0,0,0,0,0,3,6,6,6,5,0,0,0,0,0,0,0,0,0,3,6,6,6,5,0,0,0,0,0,0,0,0,0,1,6,6,6,5,0,0,0,0,0,0,0,0,0,0,3,6,6,6,2,0,0,0,0,0,0,0,0,0,0,1,4,4,3,0,0,0,0,0,0,0,0,10,"mfeat-pixel","att60",0.9
0,0,0,0,0,2,5,6,6,6,6,6,6,6,3,0,0,1,3,6,6,6,6,6,6,6,6,6,6,6,0,3,6,6,6,6,6,6,4,6,6,6,6,6,6,0,6,6,6,6,5,2,1,0,3,6,6,6,6,6.26,4,6,6,6,6,0,0,0,0,5,6,6,6,6,6,6,6,6,6,4,0,0,1,5,6,6,6,6,6,6,6,6,6,6,6,3,3,6,6,6,6,6,6,6,6,1,5,6,6,6,6,6,6,6,6,6,6,6,6,6,0,0,3,5,6,6,6,6,6,6,6,6,6,6,2,0,0,0,0,1,2,2,2,2,5,6,6,6,6,0,0,0,0,0,0,0,0,0,0,3,6,6,6,6,0,0,0,0,0,0,0,0,0,1,6,6,6,6,2,0,0,0,0,0,0,0,0,0,3,6,6,6,6,0,0,0,0,0,0,0,0,0,0,3,6,6,6,6,0,0,0,0,0,0,0,0,0,0,3,6,6,6,6,0,0,0,0,0,0,0,0,0,0,1,4,4,4,3,0,0,10,"mfeat-pixel","att60",0.9
0,0,0,3,6,6,6,6,6,6,6,3,0,0,0,0,1,5,6,6,6,6,6,6,6,6,6,5,0,0,3,6,6,6,6,6,6,6,6,6,6,6,6,5,0,6,6,6,6,6,1,0,0,0,3,6,6,6,6,2.95,6,6,6,6,6,0,0,0,0,0,6,6,6,6,3,2,6,6,6,6,5,1,0,1,5,6,6,6,6,5,0,2,6,6,6,6,6,6,6,6,6,6,6,5,1,0,0,3,6,6,6,6,6,6,6,6,6,6,3,0,0,0,0,3,6,6,6,6,6,6,6,6,6,1,0,0,0,0,0,3,4,5,6,6,6,6,6,1,0,0,0,0,0,0,0,0,5,6,6,6,6,6,0,0,0,0,0,0,0,0,3,6,6,6,6,6,2,0,0,0,0,0,0,0,0,3,6,6,6,6,5,0,0,0,0,0,0,0,0,0,3,6,6,6,6,3,0,0,0,0,0,0,0,0,0,4,6,6,6,6,1,0,0,0,0,0,0,0,0,0,3,4,4,4,1,0,0,0,0,0,10,"mfeat-pixel","att60",0.9
0,0,0,3,4,4,4,5,5,4,4,3,0,0,0,0,0,3,6,6,6,6,6,6,6,6,6,5,1,0,0,0,6,6,6,6,4,3,3,4,6,6,6,6,0,3,5,6,6,6,3,0,0,0,0,4,6,6,6,1.22,6,6,6,6,4,1,0,0,0,3,6,6,6,6,3,6,6,6,3,0,0,0,0,0,2,6,6,6,6,5,5,6,6,6,3,0,0,0,0,0,3,6,6,6,4,1,5,6,6,6,5,0,0,0,1,6,6,6,6,3,0,0,0,3,6,6,2,2,6,6,6,6,6,6,0,0,0,0,0,1,2,0,0,3,6,6,6,6,6,0,0,0,0,0,0,0,0,0,1,6,6,6,6,5,0,0,0,0,0,0,0,0,1,5,6,6,6,6,1,0,0,0,0,0,0,0,0,5,6,6,6,6,2,0,0,0,0,0,0,1,2,3,6,6,6,6,4,0,0,0,0,0,0,2,6,6,6,6,6,5,3,0,0,0,0,0,0,0,4,4,4,4,4,2,0,0,0,0,0,0,10,"mfeat-pixel","att60",0.9
0,0,0,3,6,6,6,6,6,6,6,6,3,0,0,0,1,5,6,6,6,6,6,6,6,6,6,6,5,1,3,6,6,6,6,5,2,2,4,6,6,6,6,6,5,6,6,6,6,3,0,0,0,0,0,4,6,6,6,8.16,6,6,6,4,2,3,3,0,0,0,0,6,6,6,6,6,6,6,6,6,6,6,2,0,0,2,6,6,6,6,3,6,6,6,5,4,1,0,0,0,6,6,6,6,4,0,1,4,2,0,0,0,0,0,0,6,6,6,6,0,0,0,0,0,0,0,0,0,1,5,6,6,6,2,0,0,0,0,0,0,0,0,3,6,6,6,6,2,0,0,0,0,0,0,0,0,0,6,6,6,6,5,0,0,0,0,0,0,0,0,0,4,6,6,6,5,1,0,0,0,0,0,0,0,0,1,6,6,6,6,1,0,0,0,0,0,0,0,0,0,3,6,6,6,3,0,0,0,0,0,0,0,0,0,0,3,6,6,6,2,0,0,0,0,0,0,0,0,0,0,4,4,4,2,0,0,0,0,0,0,10,"mfeat-pixel","att60",0.9
0,0,3,4,4,4,4,4,5,6,6,6,3,0,0,0,2,6,6,6,6,6,6,6,6,6,6,6,2,0,2,6,6,6,5,2,0,0,0,2,5,6,6,3,0,6,6,6,6,0,0,0,0,0,0,0,6,6,5,0.87,6,6,6,6,0,0,0,0,0,0,0,6,6,6,0,2,6,6,6,5,1,0,0,0,0,0,6,6,6,3,0,5,6,6,6,6,1,0,0,0,1,6,5,2,0,0,1,5,6,6,6,4,0,2,5,6,6,4,0,0,0,0,1,5,6,6,6,6,6,6,6,6,6,0,0,0,0,0,0,3,5,6,6,6,6,6,6,6,0,0,0,0,0,0,0,0,0,0,4,6,6,6,4,0,0,0,0,0,0,0,0,0,0,3,6,6,6,0,0,0,0,0,0,0,0,0,0,0,3,6,6,6,0,0,0,0,0,0,0,0,0,0,0,3,6,6,6,0,0,0,0,0,0,0,0,0,0,0,3,6,6,6,1,0,0,0,0,0,0,0,0,0,0,2,4,4,4,2,0,0,10,"mfeat-pixel","att60",0.9
0,0,3,4,4,4,5,6,6,6,6,4,4,3,0,0,2,6,6,6,6,6,6,6,6,6,6,6,6,2,0,6,6,6,6,6,6,6,6,6,6,6,6,6,6,4,6,6,6,6,6,6,6,6,6,6,6,6,6,2.57,5,6,6,6,6,6,6,6,6,6,6,6,6,6,0,1,5,6,6,6,6,6,6,6,6,6,6,6,6,0,0,0,3,4,4,5,6,6,6,6,6,6,6,6,0,0,0,0,0,0,0,0,0,4,6,6,6,6,4,0,0,0,0,0,0,0,0,0,2,6,6,6,6,3,0,0,0,0,0,0,0,0,0,0,4,6,6,6,1,0,0,0,0,0,0,0,0,0,0,4,6,6,6,4,0,0,0,0,0,0,0,0,0,0,6,6,6,6,6,0,0,0,0,0,0,0,0,0,1,6,6,6,6,3,0,0,0,0,0,0,0,0,0,3,6,6,6,6,4,0,0,0,0,0,0,0,0,0,3,6,6,6,6,6,1,0,0,0,0,0,0,0,0,1,4,4,4,4,4,1,10,"mfeat-pixel","att60",0.9
0,0,0,0,3,4,5,6,6,5,4,3,1,0,0,0,0,3,5,6,6,6,6,6,6,6,6,6,4,3,0,0,6,6,6,6,5,2,2,2,5,6,6,6,5,0,5,6,6,6,5,0,0,0,0,5,6,6,6,0.33,2,6,6,6,6,5,1,0,0,0,4,6,6,4,0,0,3,6,6,6,6,6,4,4,4,6,6,6,3,0,0,0,3,6,6,6,6,6,6,6,6,6,6,3,0,0,0,0,1,2,2,2,2,5,6,6,6,6,0,0,0,0,0,0,0,0,0,0,5,6,6,6,2,0,0,0,0,0,0,0,0,0,5,6,6,6,2,0,0,0,0,0,0,0,0,0,5,6,6,6,6,0,0,0,0,0,0,0,0,0,0,6,6,6,5,1,0,0,0,0,0,0,0,0,0,3,6,6,4,0,0,0,0,0,0,0,0,0,0,0,5,6,6,3,0,0,0,0,0,0,0,0,0,0,1,6,6,6,3,0,0,0,0,0,0,0,0,0,0,1,4,4,4,1,0,0,0,0,0,0,10,"mfeat-pixel","att60",0.9
0,0,0,0,1,5,6,6,4,4,4,1,0,0,0,0,3,4,5,6,6,6,6,6,6,6,6,3,0,0,4,6,6,6,6,6,4,4,6,6,6,6,6,5,1,6,6,6,6,6,1,0,0,1,5,6,6,6,6,9.17,6,6,6,6,6,0,0,0,0,0,6,6,6,6,4,6,6,6,6,6,0,0,0,0,0,6,6,6,6,3,4,6,6,6,6,5,1,0,0,1,6,6,6,6,5,1,4,6,6,6,6,6,3,3,6,6,6,6,6,1,0,0,1,3,6,6,6,6,6,6,6,6,6,3,0,0,0,0,0,1,2,5,6,6,6,6,6,6,3,0,0,0,0,0,0,0,3,6,6,6,6,6,3,0,0,0,0,0,0,0,0,6,6,6,6,6,3,0,0,0,0,0,0,0,0,4,6,6,6,6,5,0,0,0,0,0,0,0,1,5,6,6,6,6,3,0,0,0,0,0,0,0,1,5,6,6,6,6,3,0,0,0,0,0,0,0,0,1,4,4,4,4,3,0,0,0,0,0,0,0,10,"mfeat-pixel","att60",0.9
0,0,0,3,4,4,5,5,4,4,6,4,4,4,1,0,0,4,6,6,6,6,6,6,6,6,6,6,6,6,0,4,6,6,6,6,4,4,4,4,6,6,6,6,6,4,6,6,6,6,1,0,0,0,0,1,5,6,6,6.52,4,6,6,6,3,0,0,0,0,0,0,3,6,6,6,5,6,6,6,4,0,0,0,0,0,0,6,6,6,4,2,6,6,6,6,5,4,4,4,4,5,6,6,6,6,0,3,6,6,6,6,6,6,6,6,6,6,6,6,3,0,0,1,3,4,4,4,4,5,6,6,6,6,6,1,0,0,0,0,0,0,0,0,0,4,6,6,6,6,0,0,0,0,0,0,0,0,0,0,5,6,6,6,2,0,0,0,0,0,0,0,0,0,1,6,6,6,3,0,0,0,0,0,0,0,0,0,0,3,6,6,6,1,0,0,0,0,0,0,0,0,0,0,4,6,6,5,0,0,0,0,0,0,0,0,0,0,2,6,6,6,1,0,0,0,0,0,0,0,0,0,0,2,4,4,3,0,0,0,0,10,"mfeat-pixel","att60",0.9
0,0,0,1,3,5,6,6,6,6,6,4,2,0,0,0,1,4,6,6,6,6,6,6,6,6,6,6,5,1,3,6,6,6,6,6,6,6,6,6,6,6,6,6,6,6,6,6,6,6,5,2,2,2,2,3,6,6,6,6.43,6,6,6,6,6,1,0,0,0,0,1,6,6,6,6,3,6,6,6,6,6,5,0,0,2,6,6,6,6,6,0,1,4,6,6,6,6,5,4,6,6,6,6,6,2,0,0,0,0,2,4,6,6,6,6,6,6,6,5,0,0,0,0,0,0,0,1,5,6,6,6,6,4,0,0,0,0,0,0,0,0,0,5,6,6,6,6,3,0,0,0,0,0,0,0,0,1,6,6,6,6,6,2,0,0,0,0,0,0,0,2,6,6,6,6,5,1,0,0,0,0,0,0,0,0,3,6,6,6,4,0,0,0,0,0,0,0,0,0,3,6,6,6,6,3,0,0,0,0,0,0,0,1,5,6,6,6,6,3,0,0,0,0,0,0,0,0,1,4,4,4,4,1,0,0,0,0,0,0,0,10,"mfeat-pixel","att60",0.9
0,0,0,2,5,6,6,6,6,6,6,5,1,0,0,0,2,6,6,6,6,6,6,6,6,6,6,6,2,0,1,6,6,6,6,6,6,6,6,6,6,6,6,3,0,3,6,6,6,4,0,0,0,4,6,6,6,6,5,3.29,3,6,6,6,3,0,0,0,3,6,6,6,6,6,5,5,6,6,6,5,1,0,2,5,6,6,6,6,6,3,2,6,6,6,6,6,6,6,6,6,6,6,6,6,3,0,1,5,6,6,6,6,6,6,6,6,6,6,6,3,0,0,0,3,6,6,6,6,6,6,6,6,6,6,3,0,0,0,0,0,0,0,0,0,4,6,6,6,6,1,0,0,0,0,0,0,0,0,1,6,6,6,6,3,0,0,0,0,0,0,0,0,0,3,6,6,6,6,3,0,0,0,0,0,0,0,0,3,6,6,6,6,5,0,0,0,0,0,0,2,4,6,6,6,6,6,5,1,0,0,0,3,4,6,6,6,6,6,6,6,3,0,0,0,0,0,3,4,4,4,4,4,4,4,1,0,0,0,0,0,10,"mfeat-pixel","att60",0.9
0,0,0,1,3,5,6,6,6,6,6,4,1,0,0,0,0,3,6,6,6,6,4,4,6,6,6,6,3,0,0,5,6,6,6,3,0,0,0,0,3,6,6,6,2,0,6,6,6,6,0,0,0,0,0,2,6,6,6,6.4,3,6,6,6,2,0,0,0,0,2,6,6,6,6,3,0,6,6,6,1,0,0,0,1,6,6,6,6,6,1,0,1,5,6,6,6,4,4,6,6,6,6,5,1,0,0,0,0,3,4,6,6,6,6,6,6,1,0,0,0,0,0,0,0,0,0,4,6,6,6,6,0,0,0,0,0,0,0,0,0,0,4,6,6,6,4,0,0,0,0,0,0,0,0,0,2,6,6,6,4,0,0,0,0,0,0,0,0,0,0,4,6,6,6,0,0,0,0,0,0,0,0,0,0,2,6,6,6,6,0,0,0,0,0,0,0,0,0,0,1,6,6,6,6,2,0,0,0,0,0,0,0,0,0,0,6,6,6,6,2,0,0,0,0,0,0,0,0,0,0,3,4,4,1,0,0,0,0,0,0,10,"mfeat-pixel","att60",0.9
0,0,3,4,6,6,6,6,6,6,6,6,3,0,0,0,4,6,6,6,6,6,6,6,6,6,6,6,4,0,1,6,6,6,6,6,3,0,3,6,6,6,6,6,0,5,6,6,6,6,4,0,0,0,4,6,6,6,6,1.67,5,6,6,6,6,3,0,0,0,1,6,6,6,6,6,1,6,6,6,6,3,0,0,0,2,6,6,6,6,6,0,4,6,6,6,6,1,0,0,3,6,6,6,6,6,0,0,6,6,6,6,6,3,2,5,6,6,6,6,6,0,0,1,5,6,6,6,6,6,6,6,6,6,6,6,0,0,0,0,1,3,4,6,6,6,6,6,6,6,6,0,0,0,0,0,0,0,1,6,6,6,6,6,6,2,0,0,0,0,0,0,0,1,6,6,6,6,6,2,0,0,0,0,0,0,0,1,6,6,6,6,6,5,0,0,0,0,0,0,0,1,6,6,6,6,6,5,1,0,0,0,0,0,0,0,4,6,6,6,6,5,1,0,0,0,0,0,0,0,0,4,4,4,4,2,0,0,0,0,0,10,"mfeat-pixel","att60",0.9
1,4,6,6,6,6,6,6,6,6,6,6,6,5,0,3,6,6,6,6,6,6,6,6,6,6,6,6,6,0,6,6,6,6,6,3,2,0,1,6,6,6,6,6,1,6,6,6,6,6,0,0,0,0,6,6,6,6,6,5.36,5,6,6,6,6,5,1,0,0,4,6,6,6,6,6,1,5,6,6,6,6,6,6,6,6,6,6,6,6,5,0,0,3,6,6,6,6,6,6,6,6,6,6,6,3,0,0,0,0,2,3,5,6,6,6,6,6,6,6,2,0,0,0,0,0,0,0,0,1,6,6,6,6,6,0,0,0,0,0,0,0,0,0,1,6,6,6,6,6,0,0,0,0,0,0,0,0,0,6,6,6,6,6,4,0,0,0,0,0,0,0,0,2,6,6,6,6,6,0,0,0,0,0,0,0,0,3,6,6,6,6,6,5,0,0,0,0,0,0,0,0,6,6,6,6,5,2,0,0,0,0,0,0,1,4,5,6,6,6,5,0,0,0,0,0,0,0,0,2,4,4,4,4,3,0,0,0,0,0,0,10,"mfeat-pixel","att60",0.9
0,0,0,0,3,6,6,6,6,6,6,6,6,5,0,0,0,0,4,6,6,6,6,6,6,6,6,6,6,4,0,0,4,6,6,6,6,5,3,3,6,6,6,6,6,0,0,6,6,6,6,3,0,0,0,6,6,6,6,5.14,0,0,6,6,6,6,0,0,0,0,6,6,6,6,3,0,3,6,6,6,6,3,2,2,5,6,6,6,6,6,0,5,6,6,6,6,6,6,6,6,6,6,6,6,2,0,0,1,5,6,6,6,6,6,6,6,6,6,4,0,0,0,0,0,1,3,6,6,6,6,6,6,4,0,0,0,0,0,0,0,0,0,4,6,6,6,6,0,0,0,0,0,0,0,0,0,0,6,6,6,6,6,0,0,0,0,0,0,0,0,0,0,6,6,6,6,4,0,0,0,0,0,0,0,0,0,2,6,6,6,6,0,0,0,0,0,0,0,0,0,0,6,6,6,6,5,0,0,0,0,0,0,0,0,0,0,5,6,6,6,1,0,0,0,0,0,0,0,0,0,0,0,3,4,3,0,0,0,0,0,10,"mfeat-pixel","att60",0.9
0,0,3,4,4,4,5,5,4,4,4,2,1,0,0,0,4,6,6,6,6,6,6,6,6,6,6,6,3,0,2,6,6,6,6,3,2,4,4,5,6,6,6,6,5,1,6,6,6,6,0,0,0,0,0,1,6,6,6,3.98,0,6,6,6,6,0,0,0,0,0,0,6,6,6,6,2,6,6,6,6,4,0,0,0,3,5,6,6,6,3,0,3,6,6,6,6,6,6,6,6,6,6,6,6,3,0,0,1,5,6,6,6,6,6,6,6,6,6,6,2,0,0,0,0,3,4,4,4,6,6,6,6,6,4,0,0,0,0,0,0,0,0,0,3,6,6,6,6,0,0,0,0,0,0,0,0,0,1,6,6,6,6,4,0,0,0,0,0,0,0,0,0,5,6,6,6,5,0,0,0,0,0,0,0,0,0,3,6,6,6,5,1,0,0,0,0,0,0,0,0,0,4,6,6,4,0,0,0,0,0,0,0,0,0,0,2,6,6,6,3,0,0,0,0,0,0,0,0,0,0,4,4,4,3,0,0,0,0,0,0,10,"mfeat-pixel","att60",0.9
0,0,0,0,1,3,4,5,6,4,6,5,4,3,0,0,1,5,6,6,6,6,6,6,6,6,6,6,6,2,0,5,6,6,6,6,4,4,3,3,6,6,6,6,6,2,6,6,6,6,1,0,0,0,0,6,6,6,6,4.35,6,6,6,6,3,0,0,0,0,0,3,6,6,6,3,6,6,6,6,1,0,0,0,0,0,6,6,6,6,2,5,6,6,6,5,1,0,0,0,1,6,6,6,6,0,0,1,5,6,6,6,6,6,6,6,6,6,6,2,0,0,0,0,2,4,4,6,6,6,6,6,6,6,0,0,0,0,0,0,0,0,0,4,6,6,6,6,5,0,0,0,0,0,0,0,0,1,5,6,6,6,4,0,0,0,0,0,0,0,0,0,6,6,6,6,6,3,0,0,0,0,0,0,0,0,4,6,6,6,6,3,0,0,0,0,0,0,0,0,0,6,6,6,6,1,0,0,0,0,0,0,0,0,1,5,6,6,6,5,0,0,0,0,0,0,0,0,0,2,4,4,4,2,0,0,0,0,0,0,0,10,"mfeat-pixel","att60",0.9
0,0,0,1,5,6,6,6,6,5,4,3,0,0,0,0,0,1,5,6,6,6,6,6,6,6,6,5,1,0,0,3,6,6,6,5,2,3,5,6,6,6,6,6,1,5,6,6,6,4,0,0,0,0,3,6,6,6,6,0.73,4,6,6,6,5,0,0,0,0,0,6,6,6,6,0,0,5,6,6,6,4,0,0,0,3,6,6,6,6,0,0,1,5,6,6,6,5,1,0,4,6,6,6,5,0,0,0,0,4,6,6,6,6,6,6,6,6,6,1,0,0,0,0,2,6,6,6,6,6,6,6,5,1,0,0,0,0,0,0,2,6,6,6,6,6,6,0,0,0,0,0,0,0,0,0,3,6,6,6,6,2,0,0,0,0,0,0,0,0,1,6,6,6,6,3,0,0,0,0,0,0,0,0,0,4,6,6,6,5,1,0,0,0,0,0,0,0,1,5,6,6,6,6,0,0,0,0,0,0,0,0,0,6,6,6,6,6,2,0,0,0,0,0,0,0,0,0,3,4,4,4,3,0,0,0,0,0,0,0,0,10,"mfeat-pixel","att60",0.9
0,0,0,3,6,6,5,4,4,2,0,0,0,0,0,0,2,6,6,6,6,6,6,6,6,6,4,2,0,0,1,6,6,6,6,5,2,2,5,6,6,6,6,3,0,4,6,6,6,4,0,0,0,3,6,6,6,6,5,-0.15,6,6,6,6,0,0,0,0,0,5,6,6,6,6,3,6,6,6,6,2,0,0,0,0,3,6,6,6,6,3,6,6,6,6,6,4,1,0,0,4,6,6,6,6,3,1,5,6,6,6,6,6,4,6,6,6,6,6,6,5,0,0,3,6,6,6,6,6,6,6,6,6,6,6,5,0,0,0,1,4,4,4,4,4,2,5,6,6,6,3,0,0,0,0,0,0,0,0,0,0,3,6,6,6,0,0,0,0,0,0,0,0,0,0,0,5,6,6,6,2,0,0,0,0,0,0,0,0,0,4,6,6,6,3,0,0,0,0,0,1,4,6,6,6,6,6,6,3,0,0,0,0,0,0,5,6,6,6,6,6,6,5,0,0,0,0,0,0,0,2,4,4,4,4,4,2,0,0,0,0,10,"mfeat-pixel","att60",0.9
0,0,0,3,6,6,6,6,6,6,6,6,6,3,0,0,1,5,6,6,6,6,6,6,6,6,6,6,6,2,1,5,6,6,6,6,4,2,0,4,6,6,6,6,6,3,6,6,6,6,3,0,0,0,3,6,6,6,6,4.56,0,6,6,6,6,3,0,0,0,0,6,6,6,6,4,0,6,6,6,6,6,3,0,0,4,6,6,6,6,1,0,2,6,6,6,6,6,6,6,6,6,6,6,6,2,0,0,5,6,6,6,6,6,6,6,6,6,6,6,0,0,0,0,1,5,6,6,6,6,6,6,6,6,6,0,0,0,0,0,0,0,2,4,4,6,6,6,6,6,0,0,0,0,0,0,0,0,0,0,3,6,6,6,4,0,0,0,0,0,0,0,0,0,1,6,6,6,6,0,0,0,0,0,0,0,0,0,0,3,6,6,6,6,0,0,0,0,0,0,0,0,0,1,6,6,6,6,3,0,0,0,0,0,0,0,0,0,3,6,6,6,6,3,0,0,0,0,0,0,0,0,0,1,4,4,4,3,0,0,0,10,"mfeat-pixel","att60",0.9
0,0,0,0,2,4,4,6,6,6,5,4,4,3,0,0,3,6,6,6,6,6,6,6,6,6,6,6,6,3,3,6,6,6,6,6,5,3,2,2,3,6,6,6,4,4,6,6,6,6,3,0,0,0,0,2,6,6,6,4.59,6,6,6,6,6,1,0,0,0,0,3,6,6,6,4,2,6,6,6,6,6,4,4,4,4,6,6,6,6,0,0,1,2,3,6,6,6,6,6,6,6,6,6,6,0,0,0,0,0,0,3,4,2,5,6,6,6,6,2,0,0,0,0,0,0,0,0,0,4,6,6,6,3,0,0,0,0,0,0,0,0,0,0,6,6,6,6,0,0,0,0,0,0,0,0,0,0,2,6,6,6,3,0,0,0,0,0,0,0,0,0,0,6,6,6,6,3,0,0,0,0,0,0,0,0,0,1,6,6,6,6,3,0,0,0,0,0,0,0,0,2,6,6,6,6,6,1,0,0,0,0,0,0,0,0,5,6,6,6,6,2,0,0,0,0,0,0,0,0,0,3,4,4,4,3,0,0,0,0,0,10,"mfeat-pixel","att60",0.9
0,0,3,4,5,6,6,6,6,6,5,2,0,0,0,0,4,6,6,6,3,2,5,6,6,6,6,5,0,0,2,6,6,6,1,0,0,0,1,5,6,6,6,4,0,6,6,6,3,0,0,0,0,0,0,4,6,6,6,-2.86,4,6,6,3,0,0,0,0,0,0,3,6,6,6,2,3,6,6,3,0,0,0,0,0,0,3,6,6,6,3,1,6,6,6,1,0,0,0,0,1,5,6,6,6,2,0,6,6,6,6,4,4,4,4,6,6,6,6,4,0,0,1,2,3,4,5,6,6,6,6,6,6,6,4,0,0,0,0,0,0,0,0,1,6,6,6,6,6,4,0,0,0,0,0,0,0,0,2,6,6,6,6,5,0,0,0,0,0,0,0,0,1,6,6,6,6,4,0,0,0,0,0,0,0,0,2,6,6,6,6,5,0,0,0,0,0,0,0,0,1,6,6,6,6,6,3,0,0,0,0,0,0,0,0,1,6,6,6,6,5,1,0,0,0,0,0,0,0,0,0,1,4,1,0,0,0,0,0,0,0,10,"mfeat-pixel","att60",0.9
0,0,0,0,1,3,4,6,6,6,6,4,4,3,0,0,0,1,5,6,6,6,6,6,6,6,6,6,6,2,0,3,6,6,6,6,6,6,6,5,5,6,6,6,6,2,6,6,6,6,5,1,0,0,0,0,4,6,6,10.29,6,6,6,6,3,0,0,0,0,0,0,4,6,6,6,2,6,6,6,1,0,0,0,0,0,1,6,6,6,2,0,4,6,6,6,3,2,2,2,3,6,6,6,6,0,0,0,6,6,6,6,6,6,6,6,6,6,6,5,0,0,0,3,6,6,6,6,6,6,6,6,6,6,1,0,0,0,0,1,5,6,6,6,6,6,6,6,6,0,0,0,0,0,0,0,0,1,6,6,6,6,6,4,0,0,0,0,0,0,0,0,0,6,6,6,6,4,0,0,0,0,0,0,0,0,0,4,6,6,6,5,0,0,0,0,0,0,0,0,0,2,6,6,6,6,1,0,0,0,0,0,0,0,0,0,6,6,6,6,1,0,0,0,0,0,0,0,0,0,0,3,4,4,1,0,0,0,0,0,0,10,"mfeat-pixel","att60",0.9
0,1,5,6,6,6,6,6,6,6,6,5,4,1,0,2,6,6,6,6,6,6,6,6,6,6,6,6,6,2,3,6,6,6,5,1,0,0,0,1,6,6,6,6,3,3,6,6,6,3,0,0,0,0,0,6,6,6,6,4.2,3,6,6,6,3,0,0,0,0,0,6,6,6,6,3,3,6,6,6,6,3,0,0,2,5,6,6,6,6,6,0,2,4,6,6,6,6,6,6,6,6,6,6,6,6,0,0,0,1,4,6,6,6,6,6,6,6,6,6,2,0,0,0,0,0,0,0,0,0,3,6,6,6,6,0,0,0,0,0,0,0,0,0,0,0,6,6,6,6,0,0,0,0,0,0,0,0,0,0,2,6,6,6,6,0,0,0,0,0,0,0,0,0,0,1,6,6,6,6,0,0,0,0,0,0,0,0,0,2,6,6,6,6,4,0,0,0,0,0,0,0,0,0,4,6,6,6,6,2,0,0,0,0,0,0,0,0,2,6,6,6,6,4,0,0,0,0,0,0,0,0,0,1,4,4,4,4,1,0,0,10,"mfeat-pixel","att60",0.9
0,0,0,3,4,4,6,6,6,6,3,1,0,0,0,0,1,5,6,6,6,6,6,6,6,6,6,5,0,0,1,5,6,6,6,3,2,3,6,6,6,6,6,5,0,5,6,6,6,2,0,0,0,2,6,6,6,6,6,-1.6,6,6,6,6,0,0,0,0,0,1,6,6,6,6,1,6,6,6,6,0,0,0,0,0,0,3,6,6,6,5,6,6,6,6,5,1,0,0,0,1,5,6,6,6,5,5,6,6,6,6,6,6,6,6,6,6,6,6,3,0,0,3,4,6,6,6,6,6,6,6,6,6,6,0,0,0,0,0,0,1,3,6,6,6,6,6,6,4,0,0,0,0,0,0,0,0,6,6,6,6,6,3,0,0,0,0,0,0,0,0,1,6,6,6,6,1,0,0,0,0,0,0,0,0,1,6,6,6,6,4,0,0,0,0,0,0,0,0,3,6,6,6,5,3,0,0,0,0,0,0,0,0,5,6,6,6,5,0,0,0,0,0,0,0,0,0,0,3,4,4,3,0,0,0,0,0,0,0,0,0,10,"mfeat-pixel","att60",0.9
0,0,0,2,4,5,6,6,6,6,6,6,6,3,0,0,1,5,6,6,6,6,4,4,5,6,6,6,6,2,0,5,6,6,4,0,0,0,0,0,4,6,6,6,3,2,6,6,6,3,0,0,0,0,0,3,6,6,6,-1.13,3,6,6,6,3,0,0,0,0,0,6,6,6,6,0,0,6,6,6,6,1,0,0,0,0,4,6,6,5,0,0,3,6,6,6,6,3,1,0,3,6,6,6,1,0,0,0,2,5,6,6,6,6,6,6,6,5,1,0,0,0,0,0,1,4,4,5,6,6,6,6,2,0,0,0,0,0,0,0,0,0,0,6,6,6,4,0,0,0,0,0,0,0,0,0,0,3,6,6,6,1,0,0,0,0,0,0,0,0,0,3,6,6,6,3,0,0,0,0,0,0,0,0,0,1,6,6,6,3,0,0,0,0,0,0,0,0,0,0,4,6,6,5,0,0,0,0,0,0,0,0,0,0,0,5,6,6,4,0,0,0,0,0,0,0,0,0,0,0,2,4,4,3,0,0,0,0,0,0,0,10,"mfeat-pixel","att60",0.9
3,4,6,6,6,6,6,6,6,6,6,3,0,0,0,6,6,6,6,6,6,6,6,6,6,6,6,6,3,0,6,6,6,6,5,1,0,0,2,5,6,6,6,6,4,6,6,6,6,4,0,0,0,0,3,6,6,6,6,5.18,2,6,6,6,6,2,0,0,3,6,6,6,6,6,3,0,6,6,6,6,6,4,5,6,6,6,6,6,6,6,0,6,6,6,6,6,6,6,6,6,6,6,6,6,2,0,1,4,4,4,6,6,6,6,6,6,6,6,2,0,0,0,0,0,0,0,2,3,6,6,6,6,6,0,0,0,0,0,0,0,0,0,2,6,6,6,6,3,0,0,0,0,0,0,0,0,0,3,6,6,6,6,3,0,0,0,0,0,0,0,0,0,3,6,6,6,5,1,0,0,0,0,0,0,0,0,0,5,6,6,6,0,0,0,0,0,0,0,0,0,0,1,6,6,6,6,3,0,0,0,0,0,0,0,0,0,6,6,6,6,6,3,0,0,0,0,0,0,0,0,0,1,4,4,4,4,1,0,0,0,10,"mfeat-pixel","att60",0.9
0,1,5,6,6,6,6,6,6,6,6,6,6,4,1,3,6,6,6,6,6,5,2,2,4,6,6,6,6,3,6,6,6,6,6,4,0,0,0,0,1,6,6,6,5,6,6,6,6,6,3,0,0,0,0,0,4,6,6,4.6,4,6,6,6,6,5,2,2,2,2,3,6,6,6,6,0,3,6,6,6,6,6,6,6,6,6,6,6,6,6,0,0,1,5,6,6,3,2,2,3,5,6,6,6,2,0,0,0,0,0,0,0,0,0,0,0,6,6,6,0,0,0,0,0,0,0,0,0,0,0,3,6,6,6,0,0,0,0,0,0,0,0,0,0,5,6,6,6,6,0,0,0,0,0,0,0,0,0,4,6,6,6,6,6,0,0,0,0,0,0,0,0,3,6,6,6,6,6,2,0,0,0,0,0,0,0,2,6,6,6,6,6,5,0,0,0,0,0,0,0,0,3,6,6,6,6,6,1,0,0,0,0,0,0,0,0,5,6,6,6,6,5,0,0,0,0,0,0,0,0,0,3,4,4,4,3,0,0,0,0,10,"mfeat-pixel","att60",0.9
0,0,0,3,4,5,6,6,6,6,6,6,6,5,1,0,0,3,6,6,6,6,6,6,6,6,6,6,6,5,0,3,6,6,6,6,6,5,2,2,3,6,6,6,6,0,6,6,6,6,5,2,0,0,0,0,2,6,6,5.79,1,6,6,6,6,3,0,0,0,0,0,1,6,6,6,3,6,6,6,5,1,0,0,0,0,0,5,6,6,4,0,6,6,6,1,0,0,0,0,0,1,6,6,6,0,0,2,6,6,6,6,5,4,4,5,6,6,6,1,0,0,0,3,6,6,6,6,6,6,6,6,6,1,0,0,0,0,0,1,3,4,6,6,6,6,6,4,0,0,0,0,0,0,0,0,0,4,6,6,6,5,0,0,0,0,0,0,0,0,0,3,6,6,5,1,0,0,0,0,0,0,0,0,1,5,6,6,6,3,0,0,0,0,0,0,0,0,3,6,6,6,6,5,0,0,0,0,0,0,0,0,0,6,6,6,6,4,0,0,0,0,0,0,0,0,0,0,4,4,4,3,0,0,0,0,0,0,0,0,0,10,"mfeat-pixel","att60",0.9
0,0,0,2,4,4,4,4,4,6,4,4,4,3,0,0,1,5,6,6,6,6,6,6,6,6,6,6,6,5,1,5,6,6,6,6,6,6,6,6,6,6,6,6,6,5,6,6,6,6,6,3,1,0,3,6,6,6,6,7.96,4,6,6,6,6,6,3,0,0,0,6,6,6,6,6,0,4,6,6,6,6,6,6,4,5,6,6,6,6,6,0,0,3,6,6,6,6,6,6,6,6,6,6,6,6,0,0,0,0,2,4,4,6,6,6,6,6,6,6,6,0,0,0,0,0,0,0,0,3,6,6,6,6,6,4,0,0,0,0,0,0,0,0,0,6,6,6,6,6,0,0,0,0,0,0,0,0,0,0,6,6,6,6,6,0,0,0,0,0,0,0,0,0,0,6,6,6,6,6,0,0,0,0,0,0,0,0,0,0,6,6,6,6,6,0,0,0,0,0,0,0,0,0,1,6,6,6,6,6,0,0,0,0,0,0,0,0,2,6,6,6,6,6,5,0,0,0,0,0,0,0,0,1,4,4,4,4,4,1,0,10,"mfeat-pixel","att60",0.9
0,0,3,5,6,6,6,6,6,6,6,5,3,0,0,0,0,6,6,6,6,6,6,6,6,6,6,6,5,0,0,4,6,6,6,6,6,5,2,5,6,6,6,6,0,3,6,6,6,6,6,3,0,0,0,6,6,6,6,6.26,3,6,6,6,6,3,0,0,0,0,6,6,6,6,5,3,6,6,6,6,5,0,0,0,3,6,6,6,6,1,0,5,6,6,6,6,3,2,5,6,6,6,6,2,0,0,1,5,6,6,6,6,6,6,6,6,6,5,0,0,0,0,0,3,6,6,6,6,6,6,6,3,0,0,0,0,0,0,0,1,6,6,6,6,6,5,0,0,0,0,0,0,0,0,0,6,6,6,6,3,0,0,0,0,0,0,0,0,0,1,6,6,6,6,0,0,0,0,0,0,0,0,1,4,6,6,6,6,3,0,0,0,0,0,0,0,3,6,6,6,5,2,0,0,0,0,0,0,0,0,0,6,6,6,5,0,0,0,0,0,0,0,0,0,0,0,3,4,2,0,0,0,0,0,0,0,0,0,0,0,10,"mfeat-pixel","att60",0.9
0,0,0,0,0,1,3,4,6,4,4,2,0,0,0,0,0,0,3,5,6,6,6,6,6,6,6,6,2,0,0,1,5,6,6,5,2,2,2,5,6,6,6,6,1,0,3,6,6,6,3,0,0,0,0,6,6,6,6,1.27,0,3,6,6,6,1,0,0,0,0,6,6,6,6,3,0,3,6,6,6,5,1,0,0,0,6,6,6,6,3,0,0,5,6,6,6,6,6,4,5,6,6,6,6,3,0,0,0,2,3,6,6,6,6,6,6,6,6,5,0,0,0,0,0,0,0,0,1,6,6,6,6,6,3,0,0,0,0,0,0,0,0,0,6,6,6,6,5,1,0,0,0,0,0,0,0,0,3,6,6,6,4,0,0,0,0,0,0,0,0,3,6,6,6,6,6,2,0,0,0,0,0,0,0,3,6,6,6,6,6,1,0,0,0,0,0,0,1,5,6,6,6,6,5,1,0,0,0,0,0,1,4,6,6,6,6,5,2,0,0,0,0,0,0,0,4,4,4,4,4,1,0,0,0,0,0,0,0,0,0,10,"mfeat-pixel","att60",0.9
0,0,0,0,0,3,4,6,6,4,4,4,6,4,3,0,0,0,0,1,6,6,6,6,6,6,6,6,6,6,0,0,0,5,6,6,6,5,4,6,6,6,6,6,6,0,0,4,6,6,6,3,0,0,3,6,6,6,6,2.87,0,1,6,6,6,3,0,0,3,6,6,6,6,6,0,0,3,6,6,6,3,0,1,6,6,6,6,6,6,0,0,3,6,6,6,5,2,5,6,6,6,6,6,6,0,0,5,6,6,6,6,6,6,6,6,6,6,6,5,0,0,3,6,6,6,6,6,6,6,6,6,6,6,3,0,0,0,1,3,4,6,6,4,6,6,6,6,6,3,0,0,0,0,0,0,0,0,0,3,6,6,6,5,1,0,0,0,0,0,0,0,0,1,6,6,6,6,1,0,0,0,0,0,0,0,0,1,5,6,6,6,4,0,0,0,0,0,0,2,2,3,6,6,6,6,5,0,0,0,0,1,5,6,6,6,6,6,6,3,1,0,0,0,0,0,2,4,4,4,4,3,1,0,0,0,0,0,0,0,0,10,"mfeat-pixel","att60",0.9
0,0,3,4,5,6,6,6,6,6,5,5,5,4,1,1,5,6,6,6,6,6,6,6,6,6,6,6,6,3,3,6,6,6,6,6,3,2,2,2,5,6,6,6,3,5,6,6,6,6,1,0,0,0,0,0,6,6,6,4.19,6,6,6,6,3,0,0,0,0,0,3,6,6,6,6,4,6,6,6,4,0,0,3,4,5,6,6,6,6,6,3,6,6,6,6,6,6,6,6,6,6,6,6,6,6,2,6,6,6,6,6,6,6,6,5,4,6,6,6,4,0,1,4,4,4,4,4,3,1,0,0,6,6,6,3,0,0,0,0,0,0,0,0,0,0,3,6,6,6,3,0,0,0,0,0,0,0,0,0,0,1,6,6,6,3,0,0,0,0,0,0,0,0,0,0,2,6,6,6,4,0,0,0,0,0,0,0,0,0,0,3,6,6,6,6,0,0,0,0,0,0,0,0,0,3,6,6,6,6,5,0,0,0,0,0,0,0,5,6,6,6,6,6,6,2,0,0,0,0,0,0,0,3,4,4,4,4,2,0,0,10,"mfeat-pixel","att60",0.9
0,0,1,3,4,4,6,4,4,6,4,3,0,0,0,0,3,6,6,6,6,6,6,6,6,6,6,5,1,0,0,6,6,6,6,6,6,6,4,6,6,6,6,5,1,2,6,6,6,6,0,0,0,0,1,5,6,6,6,2.09,3,6,6,6,6,0,0,0,0,1,5,6,6,6,3,0,5,6,6,6,5,4,4,5,6,6,6,6,6,3,0,1,6,6,6,6,6,6,6,6,6,6,6,6,3,0,0,1,5,6,6,6,6,6,6,6,6,6,6,3,0,0,0,0,1,2,2,4,4,5,6,6,6,4,0,0,0,0,0,0,0,0,0,0,0,6,6,6,3,0,0,0,0,0,0,0,0,0,0,2,6,6,6,1,0,0,0,0,0,0,0,0,0,0,6,6,6,2,0,0,0,0,0,0,0,0,0,0,3,6,6,6,0,0,0,0,0,0,0,0,0,0,0,3,6,6,6,0,0,0,0,0,0,0,0,0,0,1,6,6,6,5,0,0,0,0,0,0,0,0,0,0,2,4,4,4,1,0,0,0,10,"mfeat-pixel","att60",0.9
0,0,2,4,5,6,6,5,4,4,4,4,4,3,0,0,5,6,6,6,6,6,6,6,6,6,6,6,6,5,2,6,6,6,6,6,5,2,0,4,6,6,6,6,6,6,6,6,6,6,6,4,0,1,6,6,6,6,6,5.02,1,4,6,6,6,6,6,6,6,6,6,6,6,6,6,0,0,2,6,6,6,6,6,6,6,6,6,6,6,6,0,0,0,0,0,0,0,0,1,6,6,6,6,6,6,0,0,0,0,0,0,0,0,0,6,6,6,6,6,5,0,0,0,0,0,0,0,0,0,6,6,6,6,6,1,0,0,0,0,0,0,0,0,0,6,6,6,6,6,0,0,0,0,0,0,0,0,0,0,6,6,6,6,6,0,0,0,0,0,0,0,0,0,0,6,6,6,6,6,0,0,0,0,0,0,0,0,0,1,6,6,6,6,5,0,0,0,0,0,0,0,0,2,6,6,6,6,4,0,0,0,0,0,0,0,0,0,3,6,6,6,6,3,0,0,0,0,0,0,0,0,0,1,4,4,4,4,1,0,0,10,"mfeat-pixel","att60",0.9
0,0,0,3,6,6,6,6,6,6,6,6,3,0,0,0,1,5,6,6,6,4,4,4,4,5,6,6,5,1,3,6,6,6,3,0,0,0,0,0,0,6,6,6,3,6,6,6,1,0,0,0,0,0,0,0,6,6,6,5.53,6,6,6,1,0,0,0,0,0,0,0,6,6,6,5,2,6,6,5,1,0,0,0,0,0,1,6,6,6,1,0,3,6,6,6,4,2,2,2,4,6,6,6,6,0,0,0,1,3,5,6,6,6,6,6,6,6,6,5,0,0,0,0,0,0,2,4,4,4,6,6,6,6,1,0,0,0,0,0,0,0,0,0,0,4,6,6,5,0,0,0,0,0,0,0,0,0,0,4,6,6,5,1,0,0,0,0,0,0,0,0,0,5,6,6,6,1,0,0,0,0,0,0,0,0,0,4,6,6,5,1,0,0,0,0,0,0,0,0,1,5,6,6,3,0,0,0,0,0,0,0,0,0,1,6,6,6,2,0,0,0,0,0,0,0,0,0,0,2,4,4,1,0,0,0,0,0,0,0,0,10,"mfeat-pixel","att60",0.9
0,0,3,4,4,4,6,6,4,4,4,4,3,1,0,0,4,6,6,6,6,6,6,6,6,6,6,6,6,3,1,6,6,6,6,6,6,6,6,6,6,6,6,6,6,3,6,6,6,6,6,1,0,0,1,6,6,6,6,6.6,3,6,6,6,6,6,0,0,0,0,6,6,6,6,5,1,5,6,6,6,6,5,1,0,1,6,6,6,6,1,0,1,6,6,6,6,6,6,6,6,6,6,6,6,1,0,0,2,6,6,6,6,6,6,6,6,6,6,6,2,0,0,0,1,2,4,4,4,6,6,6,6,6,5,0,0,0,0,0,0,0,0,0,1,6,6,6,6,1,0,0,0,0,0,0,0,0,0,3,6,6,6,6,0,0,0,0,0,0,0,0,0,5,6,6,6,6,5,0,0,0,0,0,0,0,0,1,6,6,6,6,4,0,0,0,0,0,0,0,0,2,6,6,6,6,6,3,0,0,0,0,0,0,0,2,6,6,6,6,6,6,2,0,0,0,0,0,0,0,0,3,4,4,4,3,1,0,0,0,0,10,"mfeat-pixel","att60",0.9
0,0,3,4,4,5,6,6,6,5,5,5,3,0,0,0,4,6,6,6,6,6,6,6,6,6,6,6,5,1,0,6,6,6,6,6,4,2,2,3,6,6,6,6,6,4,6,6,6,6,1,0,0,0,0,3,6,6,6,5.31,6,6,6,6,6,5,2,2,2,2,5,6,6,6,6,4,6,6,6,6,6,6,6,6,6,6,6,6,6,5,0,3,6,6,6,6,6,6,6,6,6,6,6,6,1,0,0,0,2,4,2,0,0,0,0,6,6,6,6,0,0,0,0,0,0,0,0,0,0,0,6,6,6,5,0,0,0,0,0,0,0,0,0,0,1,6,6,6,4,0,0,0,0,0,0,0,0,0,0,3,6,6,6,5,0,0,0,0,0,0,0,0,0,1,5,6,5,2,0,0,0,0,0,0,0,0,0,0,6,6,6,3,0,0,0,0,0,0,0,0,0,0,4,6,6,6,6,0,0,0,0,0,0,0,0,0,0,6,6,6,6,2,0,0,0,0,0,0,0,0,0,0,3,4,4,1,0,0,0,0,10,"mfeat-pixel","att60",0.9
0,0,0,2,4,4,6,6,6,6,6,5,3,0,0,0,1,5,6,6,6,6,6,6,6,6,6,6,5,1,1,6,6,6,6,6,4,2,0,1,5,6,6,6,5,6,6,6,6,6,4,0,0,0,0,0,4,6,6,5.16,2,6,6,6,6,6,5,3,2,2,4,6,6,6,6,0,1,5,6,6,6,6,6,6,6,6,6,6,6,6,0,0,0,0,0,2,2,4,4,5,6,6,6,6,6,0,0,0,0,0,0,0,0,0,0,6,6,6,6,6,0,0,0,0,0,0,0,0,0,0,6,6,6,6,5,0,0,0,0,0,0,0,0,0,1,6,6,6,6,1,0,0,0,0,0,0,0,0,0,5,6,6,6,6,0,0,0,0,0,0,0,0,0,0,6,6,6,6,6,0,0,0,0,0,0,0,0,0,1,6,6,6,6,2,0,0,0,0,0,0,0,0,2,6,6,6,6,6,0,0,0,0,0,0,0,0,0,3,6,6,6,5,1,0,0,0,0,0,0,0,0,0,1,4,4,4,1,0,0,0,10,"mfeat-pixel","att60",0.9
0,0,0,3,4,4,6,6,6,6,6,4,4,3,0,0,1,5,6,6,6,6,6,6,6,6,6,6,6,2,3,6,6,6,6,6,5,5,6,6,6,6,6,6,6,6,6,6,6,6,3,0,0,3,6,6,6,6,6,4.53,6,6,6,6,6,0,0,0,0,3,6,6,6,6,6,6,6,6,6,6,3,0,0,0,6,6,6,6,6,6,1,6,6,6,6,6,5,4,5,6,6,6,6,6,2,0,1,5,6,6,6,6,6,6,6,6,6,6,5,0,0,0,0,3,4,4,4,6,6,6,6,6,6,1,0,0,0,0,0,0,0,0,3,6,6,6,6,6,0,0,0,0,0,0,0,0,1,6,6,6,6,6,2,0,0,0,0,0,0,0,1,5,6,6,6,6,1,0,0,0,0,0,0,0,2,6,6,6,6,6,1,0,0,0,0,0,0,0,1,5,6,6,6,6,3,0,0,0,0,0,0,0,0,5,6,6,6,6,2,0,0,0,0,0,0,0,0,0,0,3,4,4,1,0,0,0,0,0,0,0,10,"mfeat-pixel","att60",0.9
0,0,0,3,4,4,6,6,6,6,6,6,3,0,0,0,1,5,6,6,6,6,6,6,6,6,6,6,2,0,2,6,6,6,6,5,3,2,5,6,6,6,6,4,0,6,6,6,6,4,0,0,0,0,6,6,6,6,6,0.99,5,6,6,6,5,1,0,0,3,6,6,6,6,6,3,0,5,6,6,6,6,6,6,6,6,6,6,6,6,3,0,0,3,5,6,6,6,6,6,6,6,6,6,6,5,0,0,0,0,1,2,2,0,0,4,6,6,6,6,4,0,0,0,0,0,0,0,0,0,3,6,6,6,6,3,0,0,0,0,0,0,0,0,0,0,6,6,6,6,1,0,0,0,0,0,0,0,0,0,4,6,6,6,3,0,0,0,0,0,0,0,0,0,2,6,6,6,6,1,0,0,0,0,0,0,0,0,0,4,6,6,6,3,0,0,0,0,0,0,0,0,1,5,6,6,6,6,2,0,0,0,0,0,0,0,2,6,5,5,6,6,3,0,0,0,0,0,0,0,0,0,2,0,0,0,0,0,0,0,0,10,"mfeat-pixel","att60",0.9
0,0,0,2,5,6,6,6,4,4,2,0,0,0,0,0,0,5,6,6,6,6,6,6,6,6,6,5,1,0,0,0,6,6,6,6,6,3,2,5,6,6,6,6,2,0,3,6,6,6,5,1,0,0,0,5,6,6,6,3.56,0,3,6,6,6,3,0,0,0,0,3,6,6,6,6,0,6,6,6,6,3,0,0,0,0,4,6,6,6,5,0,6,6,6,6,3,0,0,0,1,6,6,6,6,1,0,4,6,6,6,5,1,1,5,6,6,6,6,4,0,0,0,6,6,6,6,6,6,6,6,6,6,5,0,0,0,0,5,6,6,6,6,6,6,6,6,3,0,0,0,0,0,0,3,6,6,6,6,6,4,0,0,0,0,0,0,0,0,1,6,6,6,6,3,0,0,0,0,0,0,0,1,2,5,6,6,5,1,0,0,0,0,0,0,0,2,6,6,6,6,4,0,0,0,0,0,0,0,0,0,6,6,6,6,3,0,0,0,0,0,0,0,0,0,0,3,4,4,1,0,0,0,0,0,0,0,0,0,0,0,10,"mfeat-pixel","att60",0.9
0,0,0,2,5,6,5,4,4,4,2,0,0,0,0,1,4,5,6,6,6,6,6,6,6,6,5,1,0,0,3,6,6,6,6,4,4,6,6,6,6,6,6,2,0,6,6,6,5,1,0,0,0,0,4,6,6,6,6,2.88,6,6,6,3,0,0,0,0,3,6,6,6,6,6,3,6,6,6,4,0,2,4,5,6,6,6,6,6,6,5,3,6,6,6,6,6,6,6,6,6,6,6,6,6,6,0,2,2,5,6,6,6,4,1,0,0,4,6,6,6,0,0,0,0,1,2,0,0,0,0,0,5,6,6,5,0,0,0,0,0,0,0,0,0,0,4,6,6,6,2,0,0,0,0,0,0,0,0,0,4,6,6,6,3,0,0,0,0,0,0,0,0,0,3,6,3,3,3,0,0,0,0,0,0,0,0,0,1,5,6,2,0,0,0,0,0,0,0,0,0,0,3,6,6,6,6,0,0,0,0,0,0,0,0,0,3,6,6,6,5,1,0,0,0,0,0,0,0,0,0,4,4,4,3,0,0,0,0,0,0,10,"mfeat-pixel","att60",0.9
0,0,3,4,5,5,4,6,4,4,4,2,0,0,0,0,0,6,6,6,6,6,6,6,6,6,6,6,5,0,0,4,6,6,6,5,1,0,1,5,6,6,6,6,1,0,6,6,6,6,2,0,0,0,0,4,6,6,6,1.32,0,6,6,6,4,0,0,0,0,0,3,6,6,6,5,3,6,6,6,6,0,0,0,0,0,2,6,6,6,5,1,6,6,6,6,3,0,0,0,0,3,6,6,4,0,0,1,6,6,6,6,5,4,5,6,6,6,6,6,1,0,0,1,5,6,6,6,6,6,6,6,6,6,6,3,0,0,0,0,1,5,6,6,6,6,6,6,6,6,5,0,0,0,0,0,0,0,0,0,3,6,6,6,6,6,0,0,0,0,0,0,0,0,0,0,3,6,6,6,6,0,0,0,0,0,0,0,0,0,0,4,6,6,6,6,0,0,0,0,0,2,1,0,1,5,6,6,6,6,3,0,0,3,4,6,6,6,6,6,6,6,6,5,1,0,0,0,3,4,4,4,4,4,4,4,4,3,0,0,0,10,"mfeat-pixel","att60",0.9
0,3,6,6,6,6,6,6,6,6,6,6,5,1,0,5,6,6,6,6,6,6,6,6,6,6,6,6,5,0,6,6,6,6,4,0,0,0,0,3,6,6,6,6,0,6,6,6,6,5,0,0,0,0,1,6,6,6,6,0.93,2,6,6,6,6,5,2,2,4,6,6,6,6,6,6,0,1,5,6,6,6,6,6,6,6,6,6,6,6,6,0,0,0,1,4,6,6,6,6,4,6,6,6,6,6,0,0,0,0,0,0,0,0,0,0,3,6,6,6,6,0,0,0,0,0,0,0,0,0,0,4,6,6,6,5,0,0,0,0,0,0,0,0,0,2,6,6,6,6,1,0,0,0,0,0,0,0,0,0,3,6,6,6,6,0,0,0,0,0,0,0,0,0,0,3,6,6,6,6,0,0,0,0,0,0,0,0,0,0,3,6,6,6,6,0,0,0,0,0,0,0,0,0,0,3,6,6,6,6,0,0,0,0,0,0,0,0,0,2,6,6,6,6,5,0,0,0,0,0,0,0,0,0,0,3,4,4,3,0,0,10,"mfeat-pixel","att60",0.9
0,0,0,1,3,4,5,6,4,4,2,0,0,0,0,0,0,3,6,6,6,6,6,6,6,6,6,3,0,0,0,5,6,6,6,6,4,5,6,6,6,6,6,5,0,4,6,6,6,3,0,0,0,1,3,6,6,6,6,3.19,6,6,6,6,2,0,0,0,0,1,6,6,6,6,4,2,6,6,6,5,1,0,2,4,6,6,6,6,6,6,0,4,6,6,6,6,6,6,6,6,6,6,6,6,6,0,1,4,6,6,6,6,6,6,3,1,6,6,6,3,0,0,0,0,3,6,6,5,1,0,3,6,6,6,3,0,0,0,0,0,0,0,0,0,0,3,6,6,6,3,0,0,0,0,0,0,0,0,0,0,0,6,6,6,6,0,0,0,0,0,0,0,0,0,0,3,6,6,6,3,0,0,0,0,0,0,0,0,0,0,3,6,6,6,1,0,0,0,0,0,0,0,0,0,0,3,6,6,6,0,0,0,0,0,0,1,2,2,4,4,6,6,5,1,0,0,0,0,0,0,4,4,4,4,4,4,4,0,0,0,10,"mfeat-pixel","att60",0.9
0,0,0,0,3,6,6,6,6,6,6,5,1,0,0,0,0,3,6,6,6,6,6,6,6,6,6,6,3,0,2,6,6,6,6,5,4,4,4,6,6,6,6,6,3,3,6,6,6,6,1,0,0,0,4,6,6,6,6,8.19,1,6,6,6,6,6,4,5,6,6,6,6,6,6,6,0,1,4,6,6,6,6,6,6,6,6,6,6,6,5,0,0,0,0,2,4,4,4,2,2,5,6,6,6,3,0,0,0,0,0,0,0,0,0,0,5,6,6,6,1,0,0,0,0,0,0,0,0,0,2,6,6,6,3,0,0,0,0,0,0,0,0,0,0,6,6,6,6,3,0,0,0,0,0,0,0,0,0,4,6,6,6,6,2,0,0,0,0,0,0,0,0,0,6,6,6,6,4,0,0,0,0,0,0,0,0,0,4,6,6,6,5,0,0,0,0,0,1,4,1,0,1,6,6,6,5,0,0,0,0,0,0,2,6,6,4,6,6,6,4,0,0,0,0,0,0,0,0,1,4,4,4,4,3,0,0,0,0,0,0,10,"mfeat-pixel","att60",0.9
0,0,0,2,4,4,4,6,4,4,2,0,0,0,0,0,1,5,6,6,6,6,6,6,6,6,6,5,1,0,0,4,6,6,6,1,0,1,2,3,6,6,6,3,0,0,6,6,6,3,0,0,0,0,0,3,6,6,6,-1.81,4,6,6,6,1,0,0,0,0,0,2,6,6,6,3,5,6,6,4,0,0,0,0,0,0,0,6,6,6,0,1,6,6,6,0,0,0,0,2,2,3,6,6,6,0,0,5,6,6,3,2,3,5,6,6,6,6,6,6,0,0,0,2,4,6,6,6,6,6,6,6,6,6,6,0,0,0,0,0,0,1,2,2,0,4,6,6,6,2,0,0,0,0,0,0,0,0,0,0,3,6,6,6,0,0,0,0,0,0,0,0,0,0,0,3,6,6,1,0,0,0,0,0,0,0,0,0,0,3,6,6,6,0,0,0,0,0,0,0,0,0,0,4,6,6,6,3,0,0,0,0,0,0,0,0,0,1,6,6,6,6,1,0,0,0,0,0,0,0,0,0,2,4,4,4,1,0,0,0,0,10,"mfeat-pixel","att60",0.9
0,0,0,0,0,0,2,4,4,5,5,4,1,0,0,0,0,0,3,6,6,6,6,6,6,6,6,6,4,1,0,0,5,6,6,6,4,3,3,6,6,6,6,6,3,0,3,6,6,6,3,0,0,0,4,6,6,6,6,5.45,0,5,6,6,6,2,0,0,0,3,6,6,6,6,6,3,6,6,6,4,0,0,0,1,6,6,6,6,6,4,6,6,6,6,6,3,0,3,6,6,6,6,6,6,3,3,6,6,6,6,6,6,6,6,6,6,6,6,6,1,0,3,4,5,6,6,6,6,6,6,6,6,6,6,0,0,0,0,0,0,0,0,0,3,6,6,6,6,6,3,0,0,0,0,0,0,0,0,0,3,6,6,6,6,5,0,0,0,0,0,0,0,0,0,3,6,6,6,6,5,0,0,0,0,0,0,0,0,1,5,6,6,6,6,3,0,0,0,0,0,0,3,4,6,6,6,6,6,4,0,0,0,0,0,0,5,6,6,6,6,6,6,5,1,0,0,0,0,0,0,3,4,4,4,4,2,0,0,0,0,10,"mfeat-pixel","att60",0.9
0,0,1,5,6,6,6,6,6,6,6,4,3,0,0,0,3,6,6,6,5,2,4,6,6,6,6,6,5,0,3,6,6,6,3,0,0,0,0,4,6,6,6,6,0,2,6,6,6,0,0,0,0,0,3,6,6,6,6,4.14,0,6,6,6,0,0,0,0,0,4,6,6,6,6,2,0,2,6,6,5,4,4,4,5,6,6,6,6,6,0,0,0,1,5,6,6,6,6,6,6,6,6,6,2,0,0,0,0,0,2,2,2,2,5,6,6,6,6,0,0,0,0,0,0,0,0,0,0,3,6,6,6,4,0,0,0,0,0,0,0,0,0,0,4,6,6,5,0,0,0,0,0,0,0,0,0,0,3,6,6,5,1,0,0,0,0,0,0,0,0,0,2,6,6,4,0,0,0,0,0,0,0,0,0,0,0,3,6,6,2,0,0,0,0,0,0,0,0,0,0,0,5,6,4,0,0,0,0,0,0,0,0,0,0,0,4,6,6,1,0,0,0,0,0,0,0,0,0,0,2,4,4,1,0,0,0,0,0,0,0,10,"mfeat-pixel","att60",0.9
